empresa|antiguedad|mercado|anio|mes|dia|hora|minuto|volumen|high|low|close|open|TARGET|TARGET_PREDICHO|TARGET_PREDICHO_PROB
ABTX|0|NASDAQ|2020|4|8|20|14|32033|24.705|23.08|24.59|23.51|||
ABTX|1|NASDAQ|2020|4|7|15|30|93200|24.49|22.700001|22.91|23.940001|||
ABTX|2|NASDAQ|2020|4|6|15|30|100300|23.639999|22.530001|23.469999|22.74|||
ABTX|3|NASDAQ|2020|4|3|15|30|64800|22.889999|21.26|21.690001|22.809999|||
ABTX|4|NASDAQ|2020|4|2|15|30|84300|23.355|21.790001|23.02|21.790001|||
ABTX|5|NASDAQ|2020|4|1|15|30|123300|23.879999|21.93|22.24|23.08|0.0||
ABTX|6|NASDAQ|2020|3|31|15|30|109100|25.030001|23.42|24.110001|24.01|0.0||
ABTX|7|NASDAQ|2020|3|30|15|30|62100|24.459999|23.440001|24.24|23.940001|0.0||
ABTX|8|NASDAQ|2020|3|27|14|30|106700|25.860001|23.445|23.690001|24.450001|0.0||
ABTX|9|NASDAQ|2020|3|26|14|30|110500|26.24|24.049999|25.540001|24.280001|0.0||
ABTX|10|NASDAQ|2020|3|25|14|30|125700|24.924999|23.280001|24.030001|24.76|0.0||
ABTX|11|NASDAQ|2020|3|24|14|30|113300|25.09|22.98|24.74|23.690001|0.0||
ABTX|12|NASDAQ|2020|3|23|14|30|137900|27.879999|22.135|22.68|25.02|0.0||
ABTX|13|NASDAQ|2020|3|20|14|30|181000|27.32|24.764999|24.92|27.139999|0.0||
ABTX|14|NASDAQ|2020|3|19|14|30|148900|27.76|23.85|27.139999|24.940001|0.0||
ABTX|15|NASDAQ|2020|3|18|14|30|143500|27.99|23.99|25.48|25.780001|0.0||
ABTX|16|NASDAQ|2020|3|17|14|30|163600|27.195|22.809999|27.17|23.09|0.0||
ABTX|17|NASDAQ|2020|3|16|14|30|157900|25.305|22.76|23.219999|24.5|0.0||
ABTX|18|NASDAQ|2020|3|13|14|30|157500|26.84|24.83|26.52|25.73|0.0||
ABTX|19|NASDAQ|2020|3|12|14|30|164500|26.139999|23.389999|24.450001|24.43|0.0||
ABTX|20|NASDAQ|2020|3|11|14|30|151500|28.299999|25.849001|26.25|27.33|0.0||
ABTX|21|NASDAQ|2020|3|10|14|30|165200|28.469999|26.190001|28.32|27.48|0.0||
ABTX|22|NASDAQ|2020|3|9|14|30|147500|30.344|26.58|26.76|27.77|0.0||
ABTX|23|NASDAQ|2020|3|6|15|30|212000|31.42|29.719999|30.190001|30.879999|0.0||
ABTX|24|NASDAQ|2020|3|5|15|30|109100|33.130001|31.68|32.09|33.130001|0.0||
ABTX|25|NASDAQ|2020|3|4|15|30|107200|34.130001|33.080002|33.82|33.650002|0.0||
ABTX|26|NASDAQ|2020|3|3|15|30|112100|34.369999|33.060001|33.380001|34.02|0.0||
ABTX|27|NASDAQ|2020|3|2|15|30|93100|34.200001|32.889999|34.119999|33.240002000000004|0.0||
ABTX|28|NASDAQ|2020|2|28|15|30|172000|33.82|29.879999|33.169998|33.220001|0.0||
ABTX|29|NASDAQ|2020|2|27|15|30|83300|35.439999|33.98|34.0|34.740002000000004|0.0||
ABTX|30|NASDAQ|2020|2|26|15|30|94000|36.330002|35.189999|35.380001|36.029999|0.0||
ABTX|31|NASDAQ|2020|2|25|15|30|68800|36.860001|35.61000100000001|35.810001|36.860001|0.0||
ABTX|32|NASDAQ|2020|2|24|15|30|55900|36.900002|36.450001|36.759998|36.779999|0.0||
ABTX|33|NASDAQ|2020|2|21|15|30|136800|37.799999|37.240002|37.689999|37.799999|0.0||
ABTX|34|NASDAQ|2020|2|20|15|30|75100|38.130001|37.360001|37.82|37.599998|0.0||
ABTX|35|NASDAQ|2020|2|19|15|30|62000|37.709999|37.369999|37.650002|37.509998|0.0||
ABTX|36|NASDAQ|2020|2|18|15|30|67800|38.369999|37.369999|37.540001|38.369999|0.0||
ABTX|37|NASDAQ|2020|2|14|15|30|87700|38.759998|38.169998|38.439999|38.490002|0.0||
ABTX|38|NASDAQ|2020|2|13|15|30|116200|38.599998|37.674999|38.490002|37.799999|0.0||
ABTX|39|NASDAQ|2020|2|12|15|30|91300|38.5|38.09|38.25|38.450001|0.0||
ABTX|40|NASDAQ|2020|2|11|15|30|113600|38.709999|38.220001|38.240002|38.450001|0.0||
ABTX|41|NASDAQ|2020|2|10|15|30|87400|38.299999|37.900002|38.18|38.299999|0.0||
ABTX|42|NASDAQ|2020|2|7|15|30|83500|38.48|38.0|38.259998|38.48|0.0||
ABTX|43|NASDAQ|2020|2|6|15|30|186600|38.950001|38.419998|38.720001|38.439999|0.0||
ABTX|44|NASDAQ|2020|2|5|15|30|165600|38.625|37.84|38.580002|38.299999|0.0||
ABTX|45|NASDAQ|2020|2|4|15|30|172200|38.150002|37.529999|37.880001|38.0|0.0||
ABTX|46|NASDAQ|2020|2|3|15|30|145800|37.974998|37.16|37.91|37.450001|0.0||
ABTX|47|NASDAQ|2020|1|31|15|30|121100|37.709999|37.130001|37.200001|37.709999|0.0||
ABTX|48|NASDAQ|2020|1|30|15|30|126000|37.990002|37.389999|37.950001|37.560001|0.0||
ABTX|49|NASDAQ|2020|1|29|15|30|223700|37.98|37.0|37.77|37.0|0.0||
ABTX|50|NASDAQ|2020|1|28|15|30|73800|37.099998|36.599998|36.669998|36.630001|0.0||
ABTX|51|NASDAQ|2020|1|27|15|30|71700|36.700001|36.0|36.48|36.169998|0.0||
ABTX|52|NASDAQ|2020|1|24|15|30|78800|37.080002|36.5|36.779999|37.080002|0.0||
ABTX|53|NASDAQ|2020|1|23|15|30|122400|37.130001|36.5|37.060001|36.77|0.0||
ABTX|54|NASDAQ|2020|1|22|15|30|65400|37.110001|36.84|37.009998|37.02|0.0||
ABTX|55|NASDAQ|2020|1|21|15|30|62200|37.32|36.939999|36.970001|37.240002|0.0||
ABTX|56|NASDAQ|2020|1|17|15|30|82300|37.759998|37.25|37.400002|37.759998|0.0||
ABTX|57|NASDAQ|2020|1|16|15|30|90200|37.720001|36.959999|37.580002|37.040001|0.0||
ABTX|58|NASDAQ|2020|1|15|15|30|82600|37.41|36.950001|37.169998|37.220001|0.0||
ABTX|59|NASDAQ|2020|1|14|15|30|73800|37.615002|37.029999|37.369999|37.299999|0.0||
ABTX|60|NASDAQ|2020|1|13|15|30|101400|37.330002|37.0|37.32|37.25|0.0||
ABTX|61|NASDAQ|2020|1|10|15|30|86900|37.48|37.009998|37.259998|37.349998|0.0||
ABTX|62|NASDAQ|2020|1|9|15|30|81400|37.68|37.290001|37.470001|37.549999|0.0||
ABTX|63|NASDAQ|2020|1|8|15|30|106900|37.59|37.0|37.549999|37.0|0.0||
ABTX|64|NASDAQ|2020|1|7|15|30|143600|37.5|36.799999|37.049999|37.389999|0.0||
ABTX|65|NASDAQ|2020|1|6|15|30|69100|37.549999|36.950001|37.41|37.040001|0.0||
ABTX|66|NASDAQ|2020|1|3|15|30|101600|37.5|36.860001|37.389999|37.080002|0.0||
ABTX|67|NASDAQ|2020|1|2|15|30|90400|38.02|37.25|37.470001|38.02|0.0||
ABTX|68|NASDAQ|2019|12|31|15|30|120300|37.689999|37.400002|37.599998|37.48|0.0||
ABTX|69|NASDAQ|2019|12|30|15|30|120400|37.889999|37.349998|37.5|37.380001|0.0||
ABTX|70|NASDAQ|2019|12|27|15|30|53600|37.66|37.235001|37.389999|37.66|0.0||
ABTX|71|NASDAQ|2019|12|26|15|30|59800|37.66|37.325001|37.48|37.639999|0.0||
ABTX|72|NASDAQ|2019|12|24|15|30|38300|37.790001|37.485001|37.639999|37.700001|0.0||
ABTX|73|NASDAQ|2019|12|23|15|30|76400|37.939999|37.509998|37.580002|37.91|0.0||
ABTX|74|NASDAQ|2019|12|20|15|30|870100|38.099998|37.57|37.970001|37.970001|0.0||
ABTX|75|NASDAQ|2019|12|19|15|30|58500|38.0|37.639999|37.939999|37.990002|0.0||
ABTX|76|NASDAQ|2019|12|18|15|30|160700|38.18|37.73|37.990002|37.950001|0.0||
ABTX|77|NASDAQ|2019|12|17|15|30|125000|38.0|37.369999|37.950001|37.369999|0.0||
ABTX|78|NASDAQ|2019|12|16|15|30|128900|37.75|37.150002|37.369999|37.200001|0.0||
ABTX|79|NASDAQ|2019|12|13|15|30|67800|37.09|36.541|36.990002|36.689999|0.0||
ABTX|80|NASDAQ|2019|12|12|15|30|154200|37.105|36.25|36.990002|36.349998|0.0||
ABTX|81|NASDAQ|2019|12|11|15|30|64100|36.84|36.259998|36.310001|36.799999|0.0||
ABTX|82|NASDAQ|2019|12|10|15|30|76000|36.849998|36.5|36.740002|36.650002|0.0||
ABTX|83|NASDAQ|2019|12|9|15|30|86400|36.66|36.389999|36.650002|36.450001|0.0||
ABTX|84|NASDAQ|2019|12|6|15|30|144700|36.5|36.169998|36.459999|36.25|0.0||
ABTX|85|NASDAQ|2019|12|5|15|30|124100|36.27|35.935001|36.0|36.02|0.0||
ABTX|86|NASDAQ|2019|12|4|15|30|182000|36.400002|35.689999|35.99000200000001|35.689999|0.0||
ABTX|87|NASDAQ|2019|12|3|15|30|101800|35.560001|34.860001000000004|35.52|35.27|0.0||
ABTX|88|NASDAQ|2019|12|2|15|30|258500|36.330002|35.43|35.59|36.0|0.0||
ABTX|89|NASDAQ|2019|11|29|15|30|78600|36.0|35.400002|35.880001|35.700001|0.0||
ABTX|90|NASDAQ|2019|11|27|15|30|91200|35.889999|35.632|35.759998|35.66|0.0||
ABTX|91|NASDAQ|2019|11|26|15|30|140400|35.970001|35.400002|35.439999|35.75|0.0||
ABTX|92|NASDAQ|2019|11|25|15|30|199600|36.0|35.220001|35.794998|35.27|0.0||
ABTX|93|NASDAQ|2019|11|22|15|30|109100|35.5|35.18|35.299999|35.299999|0.0||
ABTX|94|NASDAQ|2019|11|21|15|30|103800|35.299999|34.799999|35.18|35.299999|0.0||
ABTX|95|NASDAQ|2019|11|20|15|30|151100|35.389999|34.740002000000004|35.209999|34.860001000000004|0.0||
ABTX|96|NASDAQ|2019|11|19|15|30|181700|35.150002|34.509998|35.09|34.52|0.0||
ABTX|97|NASDAQ|2019|11|18|15|30|184900|34.57|33.900002|34.470001|34.57|0.0||
ABTX|98|NASDAQ|2019|11|15|15|30|741400|34.990002000000004|34.470001|34.650002|34.880001|0.0||
ABTX|99|NASDAQ|2019|11|14|15|30|140300|35.36000100000001|34.650002|34.650002|35.040001000000004|0.0||
ABTX|100|NASDAQ|2019|11|13|15|30|104800|35.25|34.900002|35.060001|35.09|0.0||
ABTX|101|NASDAQ|2019|11|12|15|30|189500|35.669998|35.139999|35.330002|35.32|0.0||
ABTX|102|NASDAQ|2019|11|11|15|30|119400|35.439999|35.02|35.32|35.02|0.0||
ABTX|103|NASDAQ|2019|11|8|15|30|133700|35.68|35.130001|35.200001|35.459999|0.0||
ABTX|104|NASDAQ|2019|11|7|15|30|127500|35.709999|35.24000200000001|35.32|35.470001|0.0||
ABTX|105|NASDAQ|2019|11|6|15|30|120100|35.349998|34.880001|35.049999|35.060001|0.0||
ABTX|106|NASDAQ|2019|11|5|15|30|236900|35.950001|34.669998|35.02|35.759998|0.0||
ABTX|107|NASDAQ|2019|11|4|15|30|217700|35.5|34.599998|35.389999|34.630001|0.0||
ABTX|108|NASDAQ|2019|11|1|14|30|176600|34.279999|33.209999|34.169998|33.209999|0.0||
ABTX|109|NASDAQ|2019|10|31|14|30|187500|33.299999|32.52|33.259998|32.75|0.0||
ABTX|110|NASDAQ|2019|10|30|14|30|134800|33.18|32.619999|33.040001000000004|33.139999|0.0||
ABTX|111|NASDAQ|2019|10|29|14|30|192100|33.950001|33.18|33.209999|33.709999|0.0||
ABTX|112|NASDAQ|2019|10|28|14|30|288400|34.049999|33.27|33.509998|33.349998|0.0||
ABTX|113|NASDAQ|2019|10|25|15|30|477900|34.73|33.639999|33.970001|34.27|0.0||
ABTX|114|NASDAQ|2019|10|24|15|30|321500|35.889999|34.68|35.009998|35.889999|0.0||
ABTX|115|NASDAQ|2019|10|23|15|30|160200|35.855|35.279999|35.84|35.779999|0.0||
ABTX|116|NASDAQ|2019|10|22|15|30|229500|36.009998|35.330002|35.74000200000001|35.720001|0.0||
ABTX|117|NASDAQ|2019|10|21|15|30|197600|35.970001|34.880001|35.720001|35.150002|0.0||
ABTX|118|NASDAQ|2019|10|18|15|30|242700|35.189999|34.48|35.099998|34.549999|0.0||
ABTX|119|NASDAQ|2019|10|17|15|30|256900|34.880001|34.439999|34.790001000000004|34.529999|0.0||
ABTX|120|NASDAQ|2019|10|16|15|30|254800|34.91|34.369999|34.48|34.369999|0.0||
ABTX|121|NASDAQ|2019|10|15|15|30|266600|34.77|33.709999|34.419998|33.759998|0.0||
ABTX|122|NASDAQ|2019|10|14|15|30|253600|34.290001000000004|33.220001|33.869999|33.509998|0.0||
ABTX|123|NASDAQ|2019|10|11|15|30|427000|34.110001000000004|33.279999|33.529999|33.509998|||
ABTX|124|NASDAQ|2019|10|10|15|30|4729600|35.0|33.259998|33.490002000000004|33.77|||
ABTX|125|NASDAQ|2019|10|9|15|30|496200|34.34|33.700001|34.099998|33.970001|||
ABTX|126|NASDAQ|2019|10|8|15|30|1635100|34.98|33.41|33.919998|34.98|||
ABUS|0|NASDAQ|2020|4|8|20|13|243169|1.0926|0.9901|1.011|1.05|||
ABUS|1|NASDAQ|2020|4|7|15|30|477000|1.14|1.03|1.04|1.09|||
ABUS|2|NASDAQ|2020|4|6|15|30|621300|1.05|0.89|1.04|0.98|||
ABUS|3|NASDAQ|2020|4|3|15|30|1082900|1.04|0.88|0.91|1.01|||
ABUS|4|NASDAQ|2020|4|2|15|30|528100|1.1|0.99|1.0|1.09|||
ABUS|5|NASDAQ|2020|4|1|15|30|981900|1.08|0.96|1.06|1.01|0.0||
ABUS|6|NASDAQ|2020|3|31|15|30|1492100|1.13|1.01|1.01|1.13|0.0||
ABUS|7|NASDAQ|2020|3|30|15|30|2102400|1.29|1.1|1.12|1.29|0.0||
ABUS|8|NASDAQ|2020|3|27|14|30|8028600|2.0|1.12|1.21|2.0|0.0||
ABUS|9|NASDAQ|2020|3|26|14|30|423200|2.3|2.15|2.26|2.22|0.0||
ABUS|10|NASDAQ|2020|3|25|14|30|273400|2.24|1.91|2.15|1.95|0.0||
ABUS|11|NASDAQ|2020|3|24|14|30|297100|1.98|1.65|1.95|1.67|0.0||
ABUS|12|NASDAQ|2020|3|23|14|30|173000|1.67|1.4|1.65|1.46|0.0||
ABUS|13|NASDAQ|2020|3|20|14|30|983900|1.96|1.43|1.44|1.81|0.0||
ABUS|14|NASDAQ|2020|3|19|14|30|1371300|1.86|1.2|1.75|1.21|0.0||
ABUS|15|NASDAQ|2020|3|18|14|30|413300|1.44|1.18|1.2|1.26|1.0||
ABUS|16|NASDAQ|2020|3|17|14|30|872800|1.59|1.2|1.27|1.52|0.0||
ABUS|17|NASDAQ|2020|3|16|14|30|858600|1.94|1.42|1.42|1.94|0.0||
ABUS|18|NASDAQ|2020|3|13|14|30|284900|2.58|2.1|2.12|2.29|0.0||
ABUS|19|NASDAQ|2020|3|12|14|30|637900|2.46|2.17|2.31|2.41|0.0||
ABUS|20|NASDAQ|2020|3|11|14|30|387000|2.75|2.56|2.58|2.75|0.0||
ABUS|21|NASDAQ|2020|3|10|14|30|323000|2.97|2.76|2.78|2.84|0.0||
ABUS|22|NASDAQ|2020|3|9|14|30|255200|2.9|2.66|2.76|2.84|0.0||
ABUS|23|NASDAQ|2020|3|6|15|30|252000|3.25|2.9|2.97|3.25|0.0||
ABUS|24|NASDAQ|2020|3|5|15|30|253200|3.09|2.91|3.0|3.01|0.0||
ABUS|25|NASDAQ|2020|3|4|15|30|368000|3.1|2.76|3.03|2.85|0.0||
ABUS|26|NASDAQ|2020|3|3|15|30|342600|2.86|2.72|2.79|2.85|0.0||
ABUS|27|NASDAQ|2020|3|2|15|30|247700|2.96|2.77|2.85|2.88|0.0||
ABUS|28|NASDAQ|2020|2|28|15|30|691600|3.1|2.6|2.92|3.09|0.0||
ABUS|29|NASDAQ|2020|2|27|15|30|1150000|3.43|2.69|3.1|2.69|0.0||
ABUS|30|NASDAQ|2020|2|26|15|30|2004900|3.01|2.66|2.8|3.01|0.0||
ABUS|31|NASDAQ|2020|2|25|15|30|348400|3.08|2.91|3.0|3.02|0.0||
ABUS|32|NASDAQ|2020|2|24|15|30|755100|3.1|2.64|3.03|3.1|0.0||
ABUS|33|NASDAQ|2020|2|21|15|30|685300|3.49|3.19|3.25|3.4|0.0||
ABUS|34|NASDAQ|2020|2|20|15|30|1333400|3.56|3.25|3.42|3.47|0.0||
ABUS|35|NASDAQ|2020|2|19|15|30|461700|3.48|3.2|3.27|3.41|0.0||
ABUS|36|NASDAQ|2020|2|18|15|30|527400|3.48|3.26|3.4|3.29|0.0||
ABUS|37|NASDAQ|2020|2|14|15|30|1256400|3.43|3.28|3.35|3.32|0.0||
ABUS|38|NASDAQ|2020|2|13|15|30|2668600|3.48|3.12|3.28|3.15|0.0||
ABUS|39|NASDAQ|2020|2|12|15|30|754300|3.25|3.05|3.15|3.07|0.0||
ABUS|40|NASDAQ|2020|2|11|15|30|1516500|3.19|3.04|3.07|3.15|0.0||
ABUS|41|NASDAQ|2020|2|10|15|30|1355700|3.25|2.7|3.2|2.75|0.0||
ABUS|42|NASDAQ|2020|2|7|15|30|323500|3.27|3.09|3.25|3.2|0.0||
ABUS|43|NASDAQ|2020|2|6|15|30|607800|3.34|3.1|3.2|3.31|0.0||
ABUS|44|NASDAQ|2020|2|5|15|30|1563800|3.31|3.1|3.24|3.25|0.0||
ABUS|45|NASDAQ|2020|2|4|15|30|134100|2.84|2.6|2.81|2.6|1.0||
ABUS|46|NASDAQ|2020|2|3|15|30|253300|2.65|2.54|2.59|2.65|1.0||
ABUS|47|NASDAQ|2020|1|31|15|30|347600|2.8|2.56|2.61|2.77|1.0||
ABUS|48|NASDAQ|2020|1|30|15|30|493000|2.86|2.64|2.79|2.86|0.0||
ABUS|49|NASDAQ|2020|1|29|15|30|274700|2.9|2.71|2.86|2.74|0.0||
ABUS|50|NASDAQ|2020|1|28|15|30|331600|2.98|2.68|2.76|2.98|0.0||
ABUS|51|NASDAQ|2020|1|27|15|30|254000|3.14|2.92|2.95|3.14|0.0||
ABUS|52|NASDAQ|2020|1|24|15|30|397200|3.09|2.72|2.89|3.08|0.0||
ABUS|53|NASDAQ|2020|1|23|15|30|363000|3.22|3.05|3.12|3.22|0.0||
ABUS|54|NASDAQ|2020|1|22|15|30|441800|3.31|3.09|3.21|3.1|0.0||
ABUS|55|NASDAQ|2020|1|21|15|30|548900|3.24|3.06|3.11|3.09|0.0||
ABUS|56|NASDAQ|2020|1|17|15|30|217300|3.1|3.01|3.07|3.07|0.0||
ABUS|57|NASDAQ|2020|1|16|15|30|222100|3.09|2.95|3.05|3.06|0.0||
ABUS|58|NASDAQ|2020|1|15|15|30|387600|3.09|2.94|3.07|2.97|0.0||
ABUS|59|NASDAQ|2020|1|14|15|30|501700|3.08|2.9|3.0|2.92|0.0||
ABUS|60|NASDAQ|2020|1|13|15|30|301700|3.17|2.88|2.95|3.07|0.0||
ABUS|61|NASDAQ|2020|1|10|15|30|241100|3.03|2.88|3.03|2.93|0.0||
ABUS|62|NASDAQ|2020|1|9|15|30|302400|3.14|2.89|2.93|3.1|0.0||
ABUS|63|NASDAQ|2020|1|8|15|30|264500|3.22|3.01|3.07|3.02|0.0||
ABUS|64|NASDAQ|2020|1|7|15|30|621300|3.54|2.88|3.04|3.19|0.0||
ABUS|65|NASDAQ|2020|1|6|15|30|1364700|3.66|3.05|3.18|3.09|0.0||
ABUS|66|NASDAQ|2020|1|3|15|30|2267100|3.19|2.92|3.08|2.92|0.0||
ABUS|67|NASDAQ|2020|1|2|15|30|352800|2.97|2.74|2.94|2.78|0.0||
ABUS|68|NASDAQ|2019|12|31|15|30|224100|2.85|2.73|2.78|2.73|0.0||
ABUS|69|NASDAQ|2019|12|30|15|30|610800|2.87|2.44|2.73|2.5|1.0||
ABUS|70|NASDAQ|2019|12|27|15|30|314200|2.59|2.48|2.49|2.56|1.0||
ABUS|71|NASDAQ|2019|12|26|15|30|160700|2.78|2.6|2.62|2.76|0.0||
ABUS|72|NASDAQ|2019|12|24|15|30|152400|2.8|2.7|2.75|2.78|0.0||
ABUS|73|NASDAQ|2019|12|23|15|30|1016400|2.85|2.48|2.75|2.8|0.0||
ABUS|74|NASDAQ|2019|12|20|15|30|5339300|2.99|2.2|2.89|2.25|0.0||
ABUS|75|NASDAQ|2019|12|19|15|30|177200|2.3|2.17|2.28|2.27|1.0||
ABUS|76|NASDAQ|2019|12|18|15|30|274700|2.31|2.19|2.28|2.27|1.0||
ABUS|77|NASDAQ|2019|12|17|15|30|335100|2.32|2.16|2.26|2.24|1.0||
ABUS|78|NASDAQ|2019|12|16|15|30|452300|2.36|2.18|2.23|2.34|1.0||
ABUS|79|NASDAQ|2019|12|13|15|30|202800|2.41|2.33|2.33|2.38|0.0||
ABUS|80|NASDAQ|2019|12|12|15|30|334700|2.49|2.36|2.39|2.43|0.0||
ABUS|81|NASDAQ|2019|12|11|15|30|273100|2.43|2.26|2.4|2.36|0.0||
ABUS|82|NASDAQ|2019|12|10|15|30|204300|2.39|2.29|2.35|2.39|0.0||
ABUS|83|NASDAQ|2019|12|9|15|30|403900|2.4|2.25|2.36|2.33|0.0||
ABUS|84|NASDAQ|2019|12|6|15|30|416100|2.36|2.22|2.29|2.23|0.0||
ABUS|85|NASDAQ|2019|12|5|15|30|379700|2.43|2.15|2.22|2.22|0.0||
ABUS|86|NASDAQ|2019|12|4|15|30|1459000|2.45|2.06|2.26|2.06|0.0||
ABUS|87|NASDAQ|2019|12|3|15|30|533300|2.04|1.58|2.0|1.58|1.0||
ABUS|88|NASDAQ|2019|12|2|15|30|3457400|1.72|1.56|1.63|1.68|1.0||
ABUS|89|NASDAQ|2019|11|29|15|30|279200|1.77|1.63|1.67|1.64|1.0||
ABUS|90|NASDAQ|2019|11|27|15|30|397200|1.75|1.63|1.65|1.67|1.0||
ABUS|91|NASDAQ|2019|11|26|15|30|263700|1.67|1.57|1.67|1.62|1.0||
ABUS|92|NASDAQ|2019|11|25|15|30|567400|1.77|1.51|1.56|1.65|0.0||
ABUS|93|NASDAQ|2019|11|22|15|30|95200|1.54|1.49|1.53|1.51|0.0||
ABUS|94|NASDAQ|2019|11|21|15|30|108300|1.52|1.47|1.5|1.52|0.0||
ABUS|95|NASDAQ|2019|11|20|15|30|304100|1.55|1.45|1.51|1.47|0.0||
ABUS|96|NASDAQ|2019|11|19|15|30|132500|1.49|1.45|1.48|1.49|0.0||
ABUS|97|NASDAQ|2019|11|18|15|30|236800|1.53|1.45|1.47|1.49|0.0||
ABUS|98|NASDAQ|2019|11|15|15|30|180500|1.57|1.45|1.51|1.54|0.0||
ABUS|99|NASDAQ|2019|11|14|15|30|977800|1.68|1.49|1.53|1.51|0.0||
ABUS|100|NASDAQ|2019|11|13|15|30|249700|1.53|1.44|1.52|1.5|0.0||
ABUS|101|NASDAQ|2019|11|12|15|30|211700|1.5|1.4|1.48|1.44|0.0||
ABUS|102|NASDAQ|2019|11|11|15|30|227700|1.47|1.42|1.44|1.45|0.0||
ABUS|103|NASDAQ|2019|11|8|15|30|187600|1.5|1.39|1.43|1.41|0.0||
ABUS|104|NASDAQ|2019|11|7|15|30|207900|1.47|1.38|1.43|1.45|0.0||
ABUS|105|NASDAQ|2019|11|6|15|30|638300|1.49|1.36|1.45|1.45|0.0||
ABUS|106|NASDAQ|2019|11|5|15|30|1392800|1.6|1.4|1.49|1.46|0.0||
ABUS|107|NASDAQ|2019|11|4|15|30|612000|1.45|1.36|1.44|1.44|0.0||
ABUS|108|NASDAQ|2019|11|1|14|30|1638300|1.49|1.25|1.41|1.32|0.0||
ABUS|109|NASDAQ|2019|10|31|14|30|9947500|1.62|0.95|1.42|0.96|0.0||
ABUS|110|NASDAQ|2019|10|30|14|30|159100|0.93|0.87|0.89|0.9|1.0||
ABUS|111|NASDAQ|2019|10|29|14|30|163300|0.9|0.88|0.9|0.88|1.0||
ABUS|112|NASDAQ|2019|10|28|14|30|200800|0.92|0.88|0.89|0.88|1.0||
ABUS|113|NASDAQ|2019|10|25|15|30|215900|0.9|0.86|0.88|0.88|1.0||
ABUS|114|NASDAQ|2019|10|24|15|30|198800|0.89|0.84|0.89|0.89|0.0||
ABUS|115|NASDAQ|2019|10|23|15|30|225000|0.92|0.88|0.89|0.9|0.0||
ABUS|116|NASDAQ|2019|10|22|15|30|780900|0.93|0.86|0.91|0.86|0.0||
ABUS|117|NASDAQ|2019|10|21|15|30|364000|0.92|0.82|0.88|0.92|0.0||
ABUS|118|NASDAQ|2019|10|18|15|30|91800|0.96|0.9|0.93|0.93|0.0||
ABUS|119|NASDAQ|2019|10|17|15|30|554300|1.0|0.9|0.93|0.95|0.0||
ABUS|120|NASDAQ|2019|10|16|15|30|118000|1.02|0.92|0.93|1.02|0.0||
ABUS|121|NASDAQ|2019|10|15|15|30|165100|1.03|0.91|1.02|0.94|0.0||
ABUS|122|NASDAQ|2019|10|14|15|30|62800|0.97|0.89|0.94|0.93|0.0||
ABUS|123|NASDAQ|2019|10|11|15|30|205400|0.97|0.88|0.93|0.89|||
ABUS|124|NASDAQ|2019|10|10|15|30|151400|0.95|0.87|0.89|0.87|||
ABUS|125|NASDAQ|2019|10|9|15|30|323600|0.93|0.83|0.87|0.93|||
ABUS|126|NASDAQ|2019|10|8|15|30|235000|0.94|0.88|0.89|0.94|||
ACAMU|0|NASDAQ|2020|4|8|18|50|900|10.03|10.03|10.03|10.03|||
ACAMU|1|NASDAQ|2020|4|7|15|30|0|10.03|10.03|10.03|10.03|||
ACAMU|2|NASDAQ|2020|4|6|15|30|22620|10.03|10.03|10.03|10.03|||
ACAMU|3|NASDAQ|2020|4|3|15|30|0|9.9|9.9|9.9|9.9|||
ACAMU|4|NASDAQ|2020|4|2|15|30|0|9.9|9.9|9.9|9.9|||
ACAMU|5|NASDAQ|2020|4|1|15|30|3000|9.9|9.9|9.9|9.9|0.0||
ACAMU|6|NASDAQ|2020|3|31|15|30|0|9.9|9.9|9.9|9.9|0.0||
ACAMU|7|NASDAQ|2020|3|30|15|30|0|9.9|9.9|9.9|9.9|0.0||
ACAMU|8|NASDAQ|2020|3|27|14|30|776|9.98|9.9|9.9|9.98|0.0||
ACAMU|9|NASDAQ|2020|3|26|14|30|0|9.66|9.66|9.66|9.66|0.0||
ACAMU|10|NASDAQ|2020|3|25|14|30|0|9.66|9.66|9.66|9.66|0.0||
ACAMU|11|NASDAQ|2020|3|24|14|30|240|9.66|9.66|9.66|9.66|0.0||
ACAMU|12|NASDAQ|2020|3|23|14|30|18517|9.8|9.8|9.8|9.8|0.0||
ACAMU|13|NASDAQ|2020|3|20|14|30|103302|9.85|9.7|9.7|9.7|0.0||
ACAMU|14|NASDAQ|2020|3|19|14|30|0|9.8|9.8|9.8|9.8|0.0||
ACAMU|15|NASDAQ|2020|3|18|14|30|1999|9.83|9.8|9.8|9.83|0.0||
ACAMU|16|NASDAQ|2020|3|17|14|30|206000|10.02|9.8|10.01|9.8|0.0||
ACAMU|17|NASDAQ|2020|3|16|14|30|0|10.25|10.25|10.25|10.25|0.0||
ACAMU|18|NASDAQ|2020|3|13|14|30|0|10.25|10.25|10.25|10.25|0.0||
ACAMU|19|NASDAQ|2020|3|12|14|30|660|10.25|10.25|10.25|10.25|0.0||
ACAMU|20|NASDAQ|2020|3|11|14|30|0|10.34|10.34|10.34|10.34|0.0||
ACAMU|21|NASDAQ|2020|3|10|14|30|0|10.34|10.34|10.34|10.34|0.0||
ACAMU|22|NASDAQ|2020|3|9|14|30|0|10.34|10.34|10.34|10.34|0.0||
ACAMU|23|NASDAQ|2020|3|6|15|30|0|10.34|10.34|10.34|10.34|0.0||
ACAMU|24|NASDAQ|2020|3|5|15|30|0|10.34|10.34|10.34|10.34|0.0||
ACAMU|25|NASDAQ|2020|3|4|15|30|0|10.34|10.34|10.34|10.34|0.0||
ACAMU|26|NASDAQ|2020|3|3|15|30|0|10.34|10.34|10.34|10.34|0.0||
ACAMU|27|NASDAQ|2020|3|2|15|30|0|10.34|10.34|10.34|10.34|0.0||
ACAMU|28|NASDAQ|2020|2|28|15|30|522|10.34|10.34|10.34|10.34|0.0||
ACAMU|29|NASDAQ|2020|2|27|15|30|0|10.32|10.32|10.32|10.32|0.0||
ACAMU|30|NASDAQ|2020|2|26|15|30|0|10.32|10.32|10.32|10.32|0.0||
ACAMU|31|NASDAQ|2020|2|25|15|30|0|10.32|10.32|10.32|10.32|0.0||
ACAMU|32|NASDAQ|2020|2|24|15|30|100|10.32|10.32|10.32|10.32|0.0||
ACAMU|33|NASDAQ|2020|2|21|15|30|0|10.32|10.32|10.32|10.32|0.0||
ACAMU|34|NASDAQ|2020|2|20|15|30|100|10.32|10.32|10.32|10.32|0.0||
ACAMU|35|NASDAQ|2020|2|19|15|30|700|10.74|10.32|10.32|10.74|0.0||
ACAMU|36|NASDAQ|2020|2|18|15|30|1158|10.75|10.39|10.75|10.4|0.0||
ACAMU|37|NASDAQ|2020|2|14|15|30|0|10.4|10.4|10.4|10.4|0.0||
ACAMU|38|NASDAQ|2020|2|13|15|30|201|10.4|10.4|10.4|10.4|0.0||
ACAMU|39|NASDAQ|2020|2|12|15|30|200|10.4|10.4|10.4|10.4|0.0||
ACAMU|40|NASDAQ|2020|2|11|15|30|0|10.345|10.345|10.345|10.345|0.0||
ACAMU|41|NASDAQ|2020|2|10|15|30|1929|10.345|10.33|10.345|10.33|0.0||
ACAMU|42|NASDAQ|2020|2|7|15|30|0|10.33|10.33|10.33|10.33|0.0||
ACAMU|43|NASDAQ|2020|2|6|15|30|5134|11.0|10.33|10.33|10.75|0.0||
ACAMU|44|NASDAQ|2020|2|5|15|30|0|10.27|10.27|10.27|10.27|0.0||
ACAMU|45|NASDAQ|2020|2|4|15|30|3204|10.45|10.27|10.27|10.45|0.0||
ACAMU|46|NASDAQ|2020|2|3|15|30|2900|10.45|10.43|10.45|10.44|0.0||
ACAMU|47|NASDAQ|2020|1|31|15|30|98684|10.44|10.42|10.44|10.42|0.0||
ACAMU|48|NASDAQ|2020|1|30|15|30|0|10.44|10.44|10.44|10.44|0.0||
ACAMU|49|NASDAQ|2020|1|29|15|30|0|10.44|10.44|10.44|10.44|0.0||
ACAMU|50|NASDAQ|2020|1|28|15|30|0|10.44|10.44|10.44|10.44|0.0||
ACAMU|51|NASDAQ|2020|1|27|15|30|0|10.44|10.44|10.44|10.44|0.0||
ACAMU|52|NASDAQ|2020|1|24|15|30|310|10.44|10.44|10.44|10.44|0.0||
ACAMU|53|NASDAQ|2020|1|23|15|30|0|10.4|10.4|10.4|10.4|0.0||
ACAMU|54|NASDAQ|2020|1|22|15|30|0|10.4|10.4|10.4|10.4|0.0||
ACAMU|55|NASDAQ|2020|1|21|15|30|10878|10.4|10.34|10.4|10.35|0.0||
ACAMU|56|NASDAQ|2020|1|17|15|30|310|10.32|10.32|10.32|10.32|0.0||
ACAMU|57|NASDAQ|2020|1|16|15|30|0|10.25|10.25|10.25|10.25|0.0||
ACAMU|58|NASDAQ|2020|1|15|15|30|0|10.25|10.25|10.25|10.25|0.0||
ACAMU|59|NASDAQ|2020|1|14|15|30|0|10.25|10.25|10.25|10.25|0.0||
ACAMU|60|NASDAQ|2020|1|13|15|30|0|10.25|10.25|10.25|10.25|0.0||
ACAMU|61|NASDAQ|2020|1|10|15|30|0|10.25|10.25|10.25|10.25|0.0||
ACAMU|62|NASDAQ|2020|1|9|15|30|5201|10.25|10.245|10.25|10.245|0.0||
ACAMU|63|NASDAQ|2020|1|8|15|30|1850|10.23|10.21|10.21|10.23|0.0||
ACAMU|64|NASDAQ|2020|1|7|15|30|200|10.24|10.24|10.24|10.24|0.0||
ACAMU|65|NASDAQ|2020|1|6|15|30|0|10.1789|10.1789|10.1789|10.1789|0.0||
ACAMU|66|NASDAQ|2020|1|3|15|30|0|10.1789|10.1789|10.1789|10.1789|0.0||
ACAMU|67|NASDAQ|2020|1|2|15|30|0|10.1789|10.1789|10.1789|10.1789|0.0||
ACAMU|68|NASDAQ|2019|12|31|15|30|0|10.1789|10.1789|10.1789|10.1789|0.0||
ACAMU|69|NASDAQ|2019|12|30|15|30|0|10.1789|10.1789|10.1789|10.1789|0.0||
ACAMU|70|NASDAQ|2019|12|27|15|30|0|10.1789|10.1789|10.1789|10.1789|0.0||
ACAMU|71|NASDAQ|2019|12|26|15|30|0|10.1789|10.1789|10.1789|10.1789|0.0||
ACAMU|72|NASDAQ|2019|12|24|15|30|0|10.1789|10.1789|10.1789|10.1789|0.0||
ACAMU|73|NASDAQ|2019|12|23|15|30|300|10.1789|10.1789|10.1789|10.1789|0.0||
ACAMU|74|NASDAQ|2019|12|20|15|30|0|10.22|10.22|10.22|10.22|0.0||
ACAMU|75|NASDAQ|2019|12|19|15|30|1300|10.22|10.1978|10.22|10.1978|0.0||
ACAMU|76|NASDAQ|2019|12|18|15|30|1562|10.19|10.19|10.19|10.19|0.0||
ACAMU|77|NASDAQ|2019|12|17|15|30|158627|10.2|10.18|10.2|10.18|0.0||
ACAMU|78|NASDAQ|2019|12|16|15|30|0|10.16|10.16|10.16|10.16|0.0||
ACAMU|79|NASDAQ|2019|12|13|15|30|1000|10.16|10.16|10.16|10.16|0.0||
ACAMU|80|NASDAQ|2019|12|12|15|30|1000|10.15|10.15|10.15|10.15|0.0||
ACAMU|81|NASDAQ|2019|12|11|15|30|0|10.15|10.15|10.15|10.15|0.0||
ACAMU|82|NASDAQ|2019|12|10|15|30|100|10.15|10.15|10.15|10.15|0.0||
ACAMU|83|NASDAQ|2019|12|9|15|30|0|10.13|10.13|10.13|10.13|0.0||
ACAMU|84|NASDAQ|2019|12|6|15|30|1113|10.13|10.1|10.13|10.13|0.0||
ACAMU|85|NASDAQ|2019|12|5|15|30|0|10.15|10.15|10.15|10.15|0.0||
ACAMU|86|NASDAQ|2019|12|4|15|30|0|10.15|10.15|10.15|10.15|0.0||
ACAMU|87|NASDAQ|2019|12|3|15|30|0|10.15|10.15|10.15|10.15|0.0||
ACAMU|88|NASDAQ|2019|12|2|15|30|2200|10.2|10.12|10.15|10.12|0.0||
ACAMU|89|NASDAQ|2019|11|29|15|30|5900|10.15|10.119|10.119|10.15|0.0||
ACAMU|90|NASDAQ|2019|11|27|15|30|3028|10.1|10.08|10.08|10.09|0.0||
ACAMU|91|NASDAQ|2019|11|26|15|30|5680|10.13|10.07|10.08|10.13|0.0||
ACAMU|92|NASDAQ|2019|11|25|15|30|8512|10.18|10.07|10.1496|10.07|0.0||
ACAMU|93|NASDAQ|2019|11|22|15|30|364|10.18|10.08|10.18|10.08|0.0||
ACAMU|94|NASDAQ|2019|11|21|15|30|0|10.18|10.18|10.18|10.18|0.0||
ACAMU|95|NASDAQ|2019|11|20|15|30|0|10.18|10.18|10.18|10.18|0.0||
ACAMU|96|NASDAQ|2019|11|19|15|30|0|10.18|10.18|10.18|10.18|0.0||
ACAMU|97|NASDAQ|2019|11|18|15|30|624|10.18|10.1|10.18|10.1|0.0||
ACAMU|98|NASDAQ|2019|11|15|15|30|325|10.1515|10.1515|10.1515|10.1515|0.0||
ACAMU|99|NASDAQ|2019|11|14|15|30|0|10.18|10.18|10.18|10.18|0.0||
ACAMU|100|NASDAQ|2019|11|13|15|30|0|10.18|10.18|10.18|10.18|0.0||
ACAMU|101|NASDAQ|2019|11|12|15|30|0|10.18|10.18|10.18|10.18|0.0||
ACAMU|102|NASDAQ|2019|11|11|15|30|1000|10.18|10.18|10.18|10.18|0.0||
ACAMU|103|NASDAQ|2019|11|8|15|30|0|10.17|10.17|10.17|10.17|0.0||
ACAMU|104|NASDAQ|2019|11|7|15|30|0|10.17|10.17|10.17|10.17|0.0||
ACAMU|105|NASDAQ|2019|11|6|15|30|0|10.17|10.17|10.17|10.17|0.0||
ACAMU|106|NASDAQ|2019|11|5|15|30|0|10.17|10.17|10.17|10.17|0.0||
ACAMU|107|NASDAQ|2019|11|4|15|30|0|10.17|10.17|10.17|10.17|0.0||
ACAMU|108|NASDAQ|2019|11|1|14|30|0|10.17|10.17|10.17|10.17|0.0||
ACAMU|109|NASDAQ|2019|10|31|14|30|2335|10.17|10.17|10.17|10.17|0.0||
ACAMU|110|NASDAQ|2019|10|30|14|30|0|10.12|10.12|10.12|10.12|0.0||
ACAMU|111|NASDAQ|2019|10|29|14|30|0|10.12|10.12|10.12|10.12|0.0||
ACAMU|112|NASDAQ|2019|10|28|14|30|0|10.12|10.12|10.12|10.12|0.0||
ACAMU|113|NASDAQ|2019|10|25|15|30|0|10.12|10.12|10.12|10.12|0.0||
ACAMU|114|NASDAQ|2019|10|24|15|30|1500|10.12|10.1|10.12|10.1|0.0||
ACAMU|115|NASDAQ|2019|10|23|15|30|0|10.13|10.13|10.13|10.13|0.0||
ACAMU|116|NASDAQ|2019|10|22|15|30|0|10.13|10.13|10.13|10.13|0.0||
ACAMU|117|NASDAQ|2019|10|21|15|30|0|10.13|10.13|10.13|10.13|0.0||
ACAMU|118|NASDAQ|2019|10|18|15|30|0|10.13|10.13|10.13|10.13|0.0||
ACAMU|119|NASDAQ|2019|10|17|15|30|0|10.13|10.13|10.13|10.13|0.0||
ACAMU|120|NASDAQ|2019|10|16|15|30|0|10.13|10.13|10.13|10.13|0.0||
ACAMU|121|NASDAQ|2019|10|15|15|30|0|10.13|10.13|10.13|10.13|0.0||
ACAMU|122|NASDAQ|2019|10|14|15|30|0|10.13|10.13|10.13|10.13|0.0||
ACAMU|123|NASDAQ|2019|10|11|15|30|4007|10.15|10.13|10.13|10.14|||
ACAMU|124|NASDAQ|2019|10|10|15|30|0|10.15|10.15|10.15|10.15|||
ACAMU|125|NASDAQ|2019|10|9|15|30|0|10.15|10.15|10.15|10.15|||
ACAMU|126|NASDAQ|2019|10|8|15|30|0|10.15|10.15|10.15|10.15|||
ACER|0|NASDAQ|2020|4|8|19|54|34782|2.0999|1.99|2.0162|1.99|||
ACER|1|NASDAQ|2020|4|7|15|30|70800|2.23|1.81|1.9|2.15|||
ACER|2|NASDAQ|2020|4|6|15|30|104800|2.11|1.65|2.04|1.65|||
ACER|3|NASDAQ|2020|4|3|15|30|46500|1.77|1.5|1.53|1.7|||
ACER|4|NASDAQ|2020|4|2|15|30|31000|1.87|1.68|1.72|1.75|||
ACER|5|NASDAQ|2020|4|1|15|30|42300|1.89|1.71|1.74|1.87|0.0||
ACER|6|NASDAQ|2020|3|31|15|30|34200|2.04|1.86|1.99|1.87|0.0||
ACER|7|NASDAQ|2020|3|30|15|30|35300|1.91|1.75|1.89|1.88|0.0||
ACER|8|NASDAQ|2020|3|27|14|30|96600|2.24|1.81|1.85|2.24|0.0||
ACER|9|NASDAQ|2020|3|26|14|30|262400|2.67|2.0|2.21|2.0|0.0||
ACER|10|NASDAQ|2020|3|25|14|30|154600|1.97|1.37|1.97|1.37|0.0||
ACER|11|NASDAQ|2020|3|24|14|30|123400|1.41|1.21|1.34|1.3|1.0||
ACER|12|NASDAQ|2020|3|23|14|30|195400|1.4|1.08|1.18|1.3|1.0||
ACER|13|NASDAQ|2020|3|20|14|30|188500|1.58|1.3|1.3|1.48|0.0||
ACER|14|NASDAQ|2020|3|19|14|30|287000|1.85|1.11|1.39|1.85|0.0||
ACER|15|NASDAQ|2020|3|18|14|30|69500|2.73|2.02|2.02|2.69|0.0||
ACER|16|NASDAQ|2020|3|17|14|30|75400|2.99|2.54|2.69|2.72|0.0||
ACER|17|NASDAQ|2020|3|16|14|30|76400|3.23|2.42|2.65|2.6|0.0||
ACER|18|NASDAQ|2020|3|13|14|30|48900|2.95|2.62|2.87|2.86|0.0||
ACER|19|NASDAQ|2020|3|12|14|30|78300|3.18|2.7|2.72|3.18|0.0||
ACER|20|NASDAQ|2020|3|11|14|30|65000|3.46|3.11|3.38|3.17|0.0||
ACER|21|NASDAQ|2020|3|10|14|30|50300|3.34|3.01|3.26|3.27|0.0||
ACER|22|NASDAQ|2020|3|9|14|30|49800|3.35|3.12|3.15|3.25|0.0||
ACER|23|NASDAQ|2020|3|6|15|30|34700|3.56|3.33|3.5|3.55|0.0||
ACER|24|NASDAQ|2020|3|5|15|30|37000|4.06|3.48|3.54|3.75|0.0||
ACER|25|NASDAQ|2020|3|4|15|30|51500|3.83|3.45|3.8|3.62|0.0||
ACER|26|NASDAQ|2020|3|3|15|30|32300|3.5|3.25|3.45|3.28|0.0||
ACER|27|NASDAQ|2020|3|2|15|30|68800|3.28|3.15|3.28|3.28|0.0||
ACER|28|NASDAQ|2020|2|28|15|30|102300|3.48|3.25|3.28|3.39|0.0||
ACER|29|NASDAQ|2020|2|27|15|30|147600|3.89|3.3|3.59|3.89|0.0||
ACER|30|NASDAQ|2020|2|26|15|30|133700|4.68|3.91|3.93|4.26|0.0||
ACER|31|NASDAQ|2020|2|25|15|30|176500|4.75|3.91|4.18|4.75|0.0||
ACER|32|NASDAQ|2020|2|24|15|30|89000|5.06|4.7|4.9|5.0|0.0||
ACER|33|NASDAQ|2020|2|21|15|30|180700|6.1|4.66|5.16|5.97|0.0||
ACER|34|NASDAQ|2020|2|20|15|30|359700|7.25|5.1|5.86|5.1|0.0||
ACER|35|NASDAQ|2020|2|19|15|30|97300|5.24|4.99|5.09|4.99|0.0||
ACER|36|NASDAQ|2020|2|18|15|30|124600|5.1|4.7|4.95|4.75|0.0||
ACER|37|NASDAQ|2020|2|14|15|30|21100|4.76|4.64|4.7|4.75|0.0||
ACER|38|NASDAQ|2020|2|13|15|30|42200|4.87|4.62|4.67|4.77|1.0||
ACER|39|NASDAQ|2020|2|12|15|30|18800|4.76|4.63|4.72|4.76|0.0||
ACER|40|NASDAQ|2020|2|11|15|30|15800|4.9|4.7|4.72|4.9|0.0||
ACER|41|NASDAQ|2020|2|10|15|30|105700|4.99|4.49|4.8|4.53|0.0||
ACER|42|NASDAQ|2020|2|7|15|30|56500|4.57|4.34|4.53|4.57|0.0||
ACER|43|NASDAQ|2020|2|6|15|30|66300|4.62|4.36|4.51|4.36|0.0||
ACER|44|NASDAQ|2020|2|5|15|30|93600|4.7|4.31|4.34|4.4|0.0||
ACER|45|NASDAQ|2020|2|4|15|30|68300|4.73|4.25|4.39|4.51|0.0||
ACER|46|NASDAQ|2020|2|3|15|30|226700|4.64|3.82|4.59|3.82|0.0||
ACER|47|NASDAQ|2020|1|31|15|30|23700|3.93|3.71|3.8|3.87|1.0||
ACER|48|NASDAQ|2020|1|30|15|30|33900|4.0|3.84|3.87|3.97|0.0||
ACER|49|NASDAQ|2020|1|29|15|30|11200|4.11|3.93|4.01|4.11|0.0||
ACER|50|NASDAQ|2020|1|28|15|30|20100|4.11|3.91|4.0|4.02|0.0||
ACER|51|NASDAQ|2020|1|27|15|30|49400|4.23|3.9|4.04|4.11|0.0||
ACER|52|NASDAQ|2020|1|24|15|30|31000|4.55|4.2|4.23|4.5|0.0||
ACER|53|NASDAQ|2020|1|23|15|30|21700|4.54|4.41|4.46|4.54|0.0||
ACER|54|NASDAQ|2020|1|22|15|30|60300|4.52|4.41|4.5|4.41|0.0||
ACER|55|NASDAQ|2020|1|21|15|30|59300|4.53|4.4|4.48|4.47|0.0||
ACER|56|NASDAQ|2020|1|17|15|30|154600|4.85|4.3|4.33|4.4|0.0||
ACER|57|NASDAQ|2020|1|16|15|30|65300|4.38|4.13|4.33|4.13|0.0||
ACER|58|NASDAQ|2020|1|15|15|30|43400|4.31|4.02|4.18|4.17|0.0||
ACER|59|NASDAQ|2020|1|14|15|30|34600|4.29|4.0|4.17|4.02|0.0||
ACER|60|NASDAQ|2020|1|13|15|30|67900|4.26|3.86|4.0|4.1|0.0||
ACER|61|NASDAQ|2020|1|10|15|30|99500|4.39|3.85|4.09|3.85|0.0||
ACER|62|NASDAQ|2020|1|9|15|30|56200|3.92|3.59|3.86|3.7|0.0||
ACER|63|NASDAQ|2020|1|8|15|30|34400|3.83|3.67|3.69|3.77|1.0||
ACER|64|NASDAQ|2020|1|7|15|30|27300|3.84|3.67|3.71|3.84|0.0||
ACER|65|NASDAQ|2020|1|6|15|30|22500|3.95|3.59|3.69|3.6|0.0||
ACER|66|NASDAQ|2020|1|3|15|30|79500|3.92|3.56|3.58|3.77|0.0||
ACER|67|NASDAQ|2020|1|2|15|30|41700|4.04|3.74|3.79|4.02|0.0||
ACER|68|NASDAQ|2019|12|31|15|30|57000|4.08|3.62|4.01|3.72|0.0||
ACER|69|NASDAQ|2019|12|30|15|30|98300|3.86|3.56|3.78|3.83|0.0||
ACER|70|NASDAQ|2019|12|27|15|30|37600|4.01|3.89|3.93|3.94|0.0||
ACER|71|NASDAQ|2019|12|26|15|30|34600|4.04|3.88|3.92|4.0|0.0||
ACER|72|NASDAQ|2019|12|24|15|30|36400|3.98|3.86|3.97|3.87|0.0||
ACER|73|NASDAQ|2019|12|23|15|30|56600|3.93|3.73|3.89|3.85|0.0||
ACER|74|NASDAQ|2019|12|20|15|30|85000|3.97|3.7|3.83|3.97|0.0||
ACER|75|NASDAQ|2019|12|19|15|30|73500|4.06|3.88|3.96|4.06|0.0||
ACER|76|NASDAQ|2019|12|18|15|30|101500|4.34|3.99|4.03|4.29|0.0||
ACER|77|NASDAQ|2019|12|17|15|30|250300|4.4|3.87|4.2|4.01|0.0||
ACER|78|NASDAQ|2019|12|16|15|30|88500|3.76|3.52|3.74|3.66|0.0||
ACER|79|NASDAQ|2019|12|13|15|30|49700|3.73|3.58|3.64|3.68|0.0||
ACER|80|NASDAQ|2019|12|12|15|30|62200|3.88|3.52|3.73|3.86|0.0||
ACER|81|NASDAQ|2019|12|11|15|30|63200|4.0|3.82|3.92|3.95|0.0||
ACER|82|NASDAQ|2019|12|10|15|30|66600|3.95|3.77|3.95|3.89|0.0||
ACER|83|NASDAQ|2019|12|9|15|30|207900|4.1|3.71|3.77|3.75|0.0||
ACER|84|NASDAQ|2019|12|6|15|30|38400|3.74|3.59|3.67|3.6|0.0||
ACER|85|NASDAQ|2019|12|5|15|30|17700|3.69|3.54|3.58|3.62|0.0||
ACER|86|NASDAQ|2019|12|4|15|30|29600|3.71|3.51|3.62|3.51|0.0||
ACER|87|NASDAQ|2019|12|3|15|30|45100|3.67|3.47|3.57|3.47|0.0||
ACER|88|NASDAQ|2019|12|2|15|30|28100|3.52|3.37|3.48|3.43|0.0||
ACER|89|NASDAQ|2019|11|29|15|30|46700|3.55|3.41|3.48|3.44|0.0||
ACER|90|NASDAQ|2019|11|27|15|30|31800|3.5|3.41|3.47|3.5|0.0||
ACER|91|NASDAQ|2019|11|26|15|30|102200|3.5|3.3|3.4|3.32|0.0||
ACER|92|NASDAQ|2019|11|25|15|30|60600|3.55|3.32|3.36|3.4|0.0||
ACER|93|NASDAQ|2019|11|22|15|30|26500|3.43|3.29|3.38|3.4|0.0||
ACER|94|NASDAQ|2019|11|21|15|30|33300|3.41|3.26|3.32|3.35|0.0||
ACER|95|NASDAQ|2019|11|20|15|30|37000|3.45|3.25|3.31|3.29|0.0||
ACER|96|NASDAQ|2019|11|19|15|30|43200|3.4|3.24|3.29|3.3|0.0||
ACER|97|NASDAQ|2019|11|18|15|30|16600|3.33|3.17|3.28|3.28|0.0||
ACER|98|NASDAQ|2019|11|15|15|30|40100|3.34|3.16|3.33|3.17|0.0||
ACER|99|NASDAQ|2019|11|14|15|30|54800|3.4|3.08|3.13|3.4|0.0||
ACER|100|NASDAQ|2019|11|13|15|30|30800|3.44|3.29|3.4|3.34|0.0||
ACER|101|NASDAQ|2019|11|12|15|30|12300|3.43|3.29|3.38|3.32|0.0||
ACER|102|NASDAQ|2019|11|11|15|30|14100|3.38|3.22|3.38|3.22|0.0||
ACER|103|NASDAQ|2019|11|8|15|30|22800|3.29|3.17|3.26|3.17|0.0||
ACER|104|NASDAQ|2019|11|7|15|30|29300|3.29|3.15|3.22|3.24|0.0||
ACER|105|NASDAQ|2019|11|6|15|30|21900|3.35|3.16|3.23|3.35|0.0||
ACER|106|NASDAQ|2019|11|5|15|30|36900|3.28|3.12|3.28|3.17|0.0||
ACER|107|NASDAQ|2019|11|4|15|30|20500|3.33|3.09|3.17|3.25|0.0||
ACER|108|NASDAQ|2019|11|1|14|30|47400|3.29|3.08|3.21|3.17|0.0||
ACER|109|NASDAQ|2019|10|31|14|30|20800|3.21|3.08|3.13|3.13|0.0||
ACER|110|NASDAQ|2019|10|30|14|30|34800|3.27|3.12|3.14|3.25|0.0||
ACER|111|NASDAQ|2019|10|29|14|30|28300|3.41|3.26|3.27|3.41|0.0||
ACER|112|NASDAQ|2019|10|28|14|30|12200|3.45|3.37|3.39|3.38|0.0||
ACER|113|NASDAQ|2019|10|25|15|30|28400|3.46|3.3|3.38|3.31|0.0||
ACER|114|NASDAQ|2019|10|24|15|30|21000|3.42|3.28|3.35|3.32|0.0||
ACER|115|NASDAQ|2019|10|23|15|30|28200|3.47|3.14|3.34|3.38|0.0||
ACER|116|NASDAQ|2019|10|22|15|30|75000|3.47|3.14|3.38|3.14|0.0||
ACER|117|NASDAQ|2019|10|21|15|30|41200|3.2|3.03|3.14|3.05|0.0||
ACER|118|NASDAQ|2019|10|18|15|30|51800|3.32|2.96|3.0|3.24|0.0||
ACER|119|NASDAQ|2019|10|17|15|30|63500|3.27|3.03|3.06|3.22|0.0||
ACER|120|NASDAQ|2019|10|16|15|30|40400|3.3|3.05|3.21|3.05|0.0||
ACER|121|NASDAQ|2019|10|15|15|30|61200|3.37|2.9|3.08|2.93|0.0||
ACER|122|NASDAQ|2019|10|14|15|30|21700|3.0|2.83|2.88|2.99|0.0||
ACER|123|NASDAQ|2019|10|11|15|30|30000|3.09|2.91|2.95|2.96|||
ACER|124|NASDAQ|2019|10|10|15|30|10700|2.93|2.83|2.89|2.88|||
ACER|125|NASDAQ|2019|10|9|15|30|31900|2.94|2.83|2.85|2.94|||
ACER|126|NASDAQ|2019|10|8|15|30|25200|3.02|2.83|2.87|2.85|||
ACGLO|0|NASDAQ|2020|4|8|20|14|50028|23.030001|21.84|23.030001|22.190001|||
ACGLO|1|NASDAQ|2020|4|7|15|30|52600|22.200001|21.459999|21.879999|21.93|||
ACGLO|2|NASDAQ|2020|4|6|15|30|63100|21.59|20.25|21.59|20.4|||
ACGLO|3|NASDAQ|2020|4|3|15|30|57000|20.91|19.34|19.92|20.91|||
ACGLO|4|NASDAQ|2020|4|2|15|30|32400|21.559999|20.4|21.15|21.459999|||
ACGLO|5|NASDAQ|2020|4|1|15|30|65200|22.0|21.360001|21.559999|21.59|0.0||
ACGLO|6|NASDAQ|2020|3|31|15|30|34700|22.787001|21.91|22.25|22.6|0.0||
ACGLO|7|NASDAQ|2020|3|30|15|30|27900|22.6|21.966999|22.48|22.450001|0.0||
ACGLO|8|NASDAQ|2020|3|27|14|30|57300|22.74|21.57|22.125|22.700001|0.0||
ACGLO|9|NASDAQ|2020|3|26|14|30|71800|23.0|21.5|22.700001|21.99|0.0||
ACGLO|10|NASDAQ|2020|3|25|14|30|57900|23.27|20.700001|21.18|20.950001|0.0||
ACGLO|11|NASDAQ|2020|3|24|14|30|24200|20.806999|19.02|19.950001|20.040001|0.0||
ACGLO|12|NASDAQ|2020|3|23|14|30|111100|19.219999|17.183001|19.0|17.879998999999994|1.0||
ACGLO|13|NASDAQ|2020|3|20|14|30|88600|19.018999|17.65|17.879998999999994|17.65|1.0||
ACGLO|14|NASDAQ|2020|3|19|14|30|147500|18.0|15.25|16.809998999999998|17.33|1.0||
ACGLO|15|NASDAQ|2020|3|18|14|30|49400|21.200001|16.51|17.33|21.200001|1.0||
ACGLO|16|NASDAQ|2020|3|17|14|30|54200|22.34|21.5|21.5|22.26|0.0||
ACGLO|17|NASDAQ|2020|3|16|14|30|99100|22.990999|16.450001|22.129999|22.84|0.0||
ACGLO|18|NASDAQ|2020|3|13|14|30|54200|23.42|22.83|23.07|23.049999|0.0||
ACGLO|19|NASDAQ|2020|3|12|14|30|100700|23.75|18.73|23.01|23.450001|0.0||
ACGLO|20|NASDAQ|2020|3|11|14|30|35800|25.639999|25.27|25.51|25.299999|0.0||
ACGLO|21|NASDAQ|2020|3|10|14|30|19400|25.790001|25.32|25.790001|25.459999|0.0||
ACGLO|22|NASDAQ|2020|3|9|14|30|36100|25.636|25.209999|25.34|25.4|0.0||
ACGLO|23|NASDAQ|2020|3|6|15|30|46700|26.450001|26.049999|26.18|26.25|0.0||
ACGLO|24|NASDAQ|2020|3|5|15|30|30100|26.48|26.177999|26.4|26.33|0.0||
ACGLO|25|NASDAQ|2020|3|4|15|30|19900|26.469999|25.985001|26.33|26.25|0.0||
ACGLO|26|NASDAQ|2020|3|3|15|30|49900|26.9|25.785|26.25|25.889999|0.0||
ACGLO|27|NASDAQ|2020|3|2|15|30|71800|25.799999|25.33|25.790001|25.459999|0.0||
ACGLO|28|NASDAQ|2020|2|28|15|30|75600|25.690001|25.23|25.23|25.690001|0.0||
ACGLO|29|NASDAQ|2020|2|27|15|30|43800|25.959999|25.65|25.690001|25.799999|0.0||
ACGLO|30|NASDAQ|2020|2|26|15|30|59400|26.209999|25.9|25.9|26.16|0.0||
ACGLO|31|NASDAQ|2020|2|25|15|30|46300|26.549999|25.940001|25.940001|26.5|0.0||
ACGLO|32|NASDAQ|2020|2|24|15|30|52900|26.58|26.309999|26.459999|26.41|0.0||
ACGLO|33|NASDAQ|2020|2|21|15|30|16100|26.65|26.469999|26.549999|26.639999|0.0||
ACGLO|34|NASDAQ|2020|2|20|15|30|33200|26.620001|26.377001|26.6|26.559999|0.0||
ACGLO|35|NASDAQ|2020|2|19|15|30|13300|26.68|26.51|26.51|26.68|0.0||
ACGLO|36|NASDAQ|2020|2|18|15|30|26700|26.690001|26.573|26.687|26.68|0.0||
ACGLO|37|NASDAQ|2020|2|14|15|30|32200|26.690001|26.59|26.68|26.690001|0.0||
ACGLO|38|NASDAQ|2020|2|13|15|30|11400|26.690001|26.596001|26.643999|26.690001|0.0||
ACGLO|39|NASDAQ|2020|2|12|15|30|35300|26.68|26.6|26.6|26.68|0.0||
ACGLO|40|NASDAQ|2020|2|11|15|30|13000|26.690001|26.6|26.65|26.690001|0.0||
ACGLO|41|NASDAQ|2020|2|10|15|30|28800|26.690001|26.6|26.629999|26.65|0.0||
ACGLO|42|NASDAQ|2020|2|7|15|30|16400|26.73|26.638|26.674999|26.65|0.0||
ACGLO|43|NASDAQ|2020|2|6|15|30|19000|26.65|26.545|26.629999|26.59|0.0||
ACGLO|44|NASDAQ|2020|2|5|15|30|10000|26.59|26.504|26.59|26.59|0.0||
ACGLO|45|NASDAQ|2020|2|4|15|30|25500|26.59|26.42|26.584999|26.43|0.0||
ACGLO|46|NASDAQ|2020|2|3|15|30|16000|26.549999|26.450001|26.495001|26.450001|0.0||
ACGLO|47|NASDAQ|2020|1|31|15|30|43000|26.59|26.382|26.59|26.389999|0.0||
ACGLO|48|NASDAQ|2020|1|30|15|30|21700|26.385|26.25|26.318001|26.280001|0.0||
ACGLO|49|NASDAQ|2020|1|29|15|30|32600|26.48|26.24|26.25|26.440001|0.0||
ACGLO|50|NASDAQ|2020|1|28|15|30|26000|26.49|26.299999|26.370001|26.49|0.0||
ACGLO|51|NASDAQ|2020|1|27|15|30|53800|26.469999|26.1|26.469999|26.190001|0.0||
ACGLO|52|NASDAQ|2020|1|24|15|30|35000|26.25|26.08|26.25|26.190001|0.0||
ACGLO|53|NASDAQ|2020|1|23|15|30|16000|26.25|26.120001|26.129999|26.190001|0.0||
ACGLO|54|NASDAQ|2020|1|22|15|30|14000|26.23|26.111|26.139999|26.23|0.0||
ACGLO|55|NASDAQ|2020|1|21|15|30|18300|26.190001|26.07|26.120001|26.190001|0.0||
ACGLO|56|NASDAQ|2020|1|17|15|30|17100|26.190001|26.09|26.129999|26.16|0.0||
ACGLO|57|NASDAQ|2020|1|16|15|30|31400|26.290001|26.139999|26.139999|26.26|0.0||
ACGLO|58|NASDAQ|2020|1|15|15|30|41000|26.370001|26.16|26.16|26.32|0.0||
ACGLO|59|NASDAQ|2020|1|14|15|30|53500|26.41|26.184999|26.280001|26.41|0.0||
ACGLO|60|NASDAQ|2020|1|13|15|30|21700|26.459|26.360001|26.41|26.440001|0.0||
ACGLO|61|NASDAQ|2020|1|10|15|30|19600|26.459999|26.379999|26.440001|26.4|0.0||
ACGLO|62|NASDAQ|2020|1|9|15|30|13500|26.43|26.254999|26.43|26.32|0.0||
ACGLO|63|NASDAQ|2020|1|8|15|30|22600|26.290001|26.042|26.23|26.120001|0.0||
ACGLO|64|NASDAQ|2020|1|7|15|30|15000|26.16|26.0|26.16|26.16|0.0||
ACGLO|65|NASDAQ|2020|1|6|15|30|11700|26.219999|26.1|26.16|26.18|0.0||
ACGLO|66|NASDAQ|2020|1|3|15|30|13000|26.24|26.143|26.219999|26.16|0.0||
ACGLO|67|NASDAQ|2020|1|2|15|30|30300|26.23|25.870001|26.219999|25.889999|0.0||
ACGLO|68|NASDAQ|2019|12|31|15|30|20000|25.92|25.76|25.790001|25.92|0.0||
ACGLO|69|NASDAQ|2019|12|30|15|30|13200|25.940001|25.75|25.91|25.940001|0.0||
ACGLO|70|NASDAQ|2019|12|27|15|30|11300|25.950001|25.85|25.9|25.950001|0.0||
ACGLO|71|NASDAQ|2019|12|26|15|30|12500|25.950001|25.82|25.93|25.950001|0.0||
ACGLO|72|NASDAQ|2019|12|24|15|30|7100|25.959999|25.782|25.879999|25.959999|0.0||
ACGLO|73|NASDAQ|2019|12|23|15|30|22100|25.959999|25.879999|25.959999|25.950001|0.0||
ACGLO|74|NASDAQ|2019|12|20|15|30|9200|25.959999|25.85|25.950001|25.959999|0.0||
ACGLO|75|NASDAQ|2019|12|19|15|30|11700|26.0|25.84|25.98|26.0|0.0||
ACGLO|76|NASDAQ|2019|12|18|15|30|12200|26.0|25.9|26.0|25.92|0.0||
ACGLO|77|NASDAQ|2019|12|17|15|30|26000|25.870001|25.67|25.870001|25.84|0.0||
ACGLO|78|NASDAQ|2019|12|16|15|30|15100|25.84|25.700001|25.84|25.75|0.0||
ACGLO|79|NASDAQ|2019|12|13|15|30|19100|25.700001|25.285|25.700001|25.32|0.0||
ACGLO|80|NASDAQ|2019|12|12|15|30|18900|25.360001|25.190001|25.32|25.360001|0.0||
ACGLO|81|NASDAQ|2019|12|11|15|30|9100|25.681999|25.52|25.67|25.52|0.0||
ACGLO|82|NASDAQ|2019|12|10|15|30|35500|25.639999|25.459999|25.549999|25.549999|0.0||
ACGLO|83|NASDAQ|2019|12|9|15|30|8900|25.6|25.51|25.549999|25.549999|0.0||
ACGLO|84|NASDAQ|2019|12|6|15|30|18500|25.549999|25.273001|25.51|25.450001|0.0||
ACGLO|85|NASDAQ|2019|12|5|15|30|21900|25.51|25.299999|25.450001|25.51|0.0||
ACGLO|86|NASDAQ|2019|12|4|15|30|19900|25.629999|25.41|25.450001|25.629999|0.0||
ACGLO|87|NASDAQ|2019|12|3|15|30|19600|25.57|25.41|25.48|25.472|0.0||
ACGLO|88|NASDAQ|2019|12|2|15|30|23600|25.667|25.448999|25.450001|25.620001|0.0||
ACGLO|89|NASDAQ|2019|11|29|15|30|43900|25.801001|25.540001|25.57|25.719999|0.0||
ACGLO|90|NASDAQ|2019|11|27|15|30|21300|25.950001|25.67|25.700001|25.950001|0.0||
ACGLO|91|NASDAQ|2019|11|26|15|30|15600|25.995001|25.790001|25.85|25.923|0.0||
ACGLO|92|NASDAQ|2019|11|25|15|30|15000|26.01|25.860001|25.860001|26.01|0.0||
ACGLO|93|NASDAQ|2019|11|22|15|30|19100|26.110001|25.940001|25.952|26.110001|0.0||
ACGLO|94|NASDAQ|2019|11|21|15|30|15700|26.02|25.84|25.889999|26.02|0.0||
ACGLO|95|NASDAQ|2019|11|20|15|30|18000|26.02|25.91|25.99|25.976999|0.0||
ACGLO|96|NASDAQ|2019|11|19|15|30|21200|26.1|25.91|25.91|26.059999|0.0||
ACGLO|97|NASDAQ|2019|11|18|15|30|19200|26.059999|25.841999|25.969999|25.841999|0.0||
ACGLO|98|NASDAQ|2019|11|15|15|30|9600|26.110001|26.040001|26.059999|26.059999|0.0||
ACGLO|99|NASDAQ|2019|11|14|15|30|16000|26.09|25.969999|26.059999|25.969999|0.0||
ACGLO|100|NASDAQ|2019|11|13|15|30|11000|26.08|25.9|26.01|25.92|0.0||
ACGLO|101|NASDAQ|2019|11|12|15|30|11600|26.02|25.879999|26.02|25.950001|0.0||
ACGLO|102|NASDAQ|2019|11|11|15|30|10400|25.959999|25.802|25.879999|25.92|0.0||
ACGLO|103|NASDAQ|2019|11|8|15|30|19200|26.0|25.722|25.93|25.790001|0.0||
ACGLO|104|NASDAQ|2019|11|7|15|30|26700|25.950001|25.6|25.790001|25.9|0.0||
ACGLO|105|NASDAQ|2019|11|6|15|30|14500|25.940001|25.73|25.879999|25.879999|0.0||
ACGLO|106|NASDAQ|2019|11|5|15|30|15200|26.02|25.889999|25.959999|26.02|0.0||
ACGLO|107|NASDAQ|2019|11|4|15|30|16800|26.059999|25.92|26.049999|26.059999|0.0||
ACGLO|108|NASDAQ|2019|11|1|14|30|19500|26.1|25.98|26.07|25.98|0.0||
ACGLO|109|NASDAQ|2019|10|31|14|30|104900|26.09|25.9|25.950001|26.0|0.0||
ACGLO|110|NASDAQ|2019|10|30|14|30|35000|26.67|25.499001|26.129999|26.110001|0.0||
ACGLO|111|NASDAQ|2019|10|29|14|30|20800|26.139999|26.0|26.110001|26.139999|0.0||
ACGLO|112|NASDAQ|2019|10|28|14|30|39800|26.24|26.059999|26.129999|26.23|0.0||
ACGLO|113|NASDAQ|2019|10|25|15|30|14400|26.24|26.07|26.16|26.115|0.0||
ACGLO|114|NASDAQ|2019|10|24|15|30|24000|26.25|26.059999|26.129999|26.190001|0.0||
ACGLO|115|NASDAQ|2019|10|23|15|30|12400|26.200001|26.01|26.120001|26.16|0.0||
ACGLO|116|NASDAQ|2019|10|22|15|30|18900|26.120001|26.0|26.120001|26.120001|0.0||
ACGLO|117|NASDAQ|2019|10|21|15|30|17600|26.219999|26.07|26.07|26.183001|0.0||
ACGLO|118|NASDAQ|2019|10|18|15|30|8500|26.249001|26.190001|26.235001|26.190001|0.0||
ACGLO|119|NASDAQ|2019|10|17|15|30|10400|26.290001|26.120001|26.219999|26.290001|0.0||
ACGLO|120|NASDAQ|2019|10|16|15|30|14300|26.290001|26.07|26.290001|26.17|0.0||
ACGLO|121|NASDAQ|2019|10|15|15|30|23000|26.27|25.969999|26.059999|26.200001|0.0||
ACGLO|122|NASDAQ|2019|10|14|15|30|15500|26.290001|26.01|26.280001|26.18|0.0||
ACGLO|123|NASDAQ|2019|10|11|15|30|12000|26.16|25.950001|26.09|25.950001|||
ACGLO|124|NASDAQ|2019|10|10|15|30|12700|25.969999|25.92|25.93|25.959999|||
ACGLO|125|NASDAQ|2019|10|9|15|30|15500|25.99|25.91|25.91|25.99|||
ACGLO|126|NASDAQ|2019|10|8|15|30|22400|25.99|25.9|25.91|25.99|||
ACGLP|0|NASDAQ|2020|4|8|20|14|21157|23.32|22.4778|23.32|22.84|||
ACGLP|1|NASDAQ|2020|4|7|15|30|45000|22.674999|21.806999|22.57|22.5|||
ACGLP|2|NASDAQ|2020|4|6|15|30|60200|22.42|20.940001|22.030001|21.0|||
ACGLP|3|NASDAQ|2020|4|3|15|30|32800|21.299999|19.559999|20.120001|20.85|||
ACGLP|4|NASDAQ|2020|4|2|15|30|53000|21.959999|20.569000000000006|20.85|21.799999|||
ACGLP|5|NASDAQ|2020|4|1|15|30|71800|22.65|21.75|22.02|22.65|0.0||
ACGLP|6|NASDAQ|2020|3|31|15|30|75500|22.98|22.219999|22.940001|22.85|0.0||
ACGLP|7|NASDAQ|2020|3|30|15|30|32500|22.700001|22.1|22.57|22.299999|0.0||
ACGLP|8|NASDAQ|2020|3|27|14|30|62500|22.9|22.110001|22.35|22.9|0.0||
ACGLP|9|NASDAQ|2020|3|26|14|30|49800|22.940001|22.200001|22.82|22.49|0.0||
ACGLP|10|NASDAQ|2020|3|25|14|30|61800|23.0|20.0|22.110001|20.0|0.0||
ACGLP|11|NASDAQ|2020|3|24|14|30|63400|19.84|17.66|19.25|17.66|1.0||
ACGLP|12|NASDAQ|2020|3|23|14|30|103600|18.035|16.129998999999998|17.209999|17.0|1.0||
ACGLP|13|NASDAQ|2020|3|20|14|30|120000|18.530001|16.601|17.0|16.68|1.0||
ACGLP|14|NASDAQ|2020|3|19|14|30|152500|17.700001|16.26|16.4|17.700001|1.0||
ACGLP|15|NASDAQ|2020|3|18|14|30|93300|20.9|16.43|17.75|20.9|0.0||
ACGLP|16|NASDAQ|2020|3|17|14|30|68100|22.0|21.030001|21.040001|21.9|0.0||
ACGLP|17|NASDAQ|2020|3|16|14|30|81300|22.9|21.16|21.85|22.75|0.0||
ACGLP|18|NASDAQ|2020|3|13|14|30|59000|23.0|22.58|22.75|23.0|0.0||
ACGLP|19|NASDAQ|2020|3|12|14|30|117400|24.639999|22.08|22.68|24.639999|0.0||
ACGLP|20|NASDAQ|2020|3|11|14|30|51900|25.209999|24.93|25.110001|25.209999|0.0||
ACGLP|21|NASDAQ|2020|3|10|14|30|50300|25.4|24.93|25.209999|25.030001|0.0||
ACGLP|22|NASDAQ|2020|3|9|14|30|78400|25.1|24.77|24.93|25.0|0.0||
ACGLP|23|NASDAQ|2020|3|6|15|30|31000|25.65|25.360001|25.43|25.639999|0.0||
ACGLP|24|NASDAQ|2020|3|5|15|30|39900|25.870001|25.719999|25.75|25.809999|0.0||
ACGLP|25|NASDAQ|2020|3|4|15|30|67900|25.940001|25.530001|25.870001|25.530001|0.0||
ACGLP|26|NASDAQ|2020|3|3|15|30|83200|25.975|25.5|25.610001|25.5|0.0||
ACGLP|27|NASDAQ|2020|3|2|15|30|30200|25.549999|25.200001|25.530001|25.200001|0.0||
ACGLP|28|NASDAQ|2020|2|28|15|30|121800|25.34|25.01|25.01|25.26|0.0||
ACGLP|29|NASDAQ|2020|2|27|15|30|91500|25.450001|25.1|25.299999|25.299999|0.0||
ACGLP|30|NASDAQ|2020|2|26|15|30|146400|25.4|25.059999|25.25|25.059999|0.0||
ACGLP|31|NASDAQ|2020|2|25|15|30|60500|25.549999|25.129999|25.25|25.43|0.0||
ACGLP|32|NASDAQ|2020|2|24|15|30|20900|25.65|25.440001|25.450001|25.65|0.0||
ACGLP|33|NASDAQ|2020|2|21|15|30|32700|25.76|25.58|25.65|25.66|0.0||
ACGLP|34|NASDAQ|2020|2|20|15|30|52300|25.780001|25.52|25.66|25.559999|0.0||
ACGLP|35|NASDAQ|2020|2|19|15|30|35500|25.98|25.790001|25.790001|25.98|0.0||
ACGLP|36|NASDAQ|2020|2|18|15|30|12400|26.0|25.837|26.0|25.950001|0.0||
ACGLP|37|NASDAQ|2020|2|14|15|30|20500|26.0|25.870001|26.0|25.93|0.0||
ACGLP|38|NASDAQ|2020|2|13|15|30|29800|26.0|25.905001|25.929001|25.950001|0.0||
ACGLP|39|NASDAQ|2020|2|12|15|30|27300|26.0|25.93|25.98|25.959999|0.0||
ACGLP|40|NASDAQ|2020|2|11|15|30|48600|26.129999|25.950001|26.040001|25.950001|0.0||
ACGLP|41|NASDAQ|2020|2|10|15|30|77400|26.09|25.875|26.040001|25.879999|0.0||
ACGLP|42|NASDAQ|2020|2|7|15|30|76900|25.969999|25.858999|25.93|25.879999|0.0||
ACGLP|43|NASDAQ|2020|2|6|15|30|59800|25.879999|25.709999|25.879999|25.709999|0.0||
ACGLP|44|NASDAQ|2020|2|5|15|30|21600|25.799999|25.750999|25.790001|25.76|0.0||
ACGLP|45|NASDAQ|2020|2|4|15|30|34000|25.84|25.761999|25.84|25.780001|0.0||
ACGLP|46|NASDAQ|2020|2|3|15|30|28800|25.940001|25.780001|25.84|25.889999|0.0||
ACGLP|47|NASDAQ|2020|1|31|15|30|57400|25.99|25.700001|25.940001|25.700001|0.0||
ACGLP|48|NASDAQ|2020|1|30|15|30|47300|25.799999|25.51|25.785|25.51|0.0||
ACGLP|49|NASDAQ|2020|1|29|15|30|37000|25.75|25.67|25.700001|25.74|0.0||
ACGLP|50|NASDAQ|2020|1|28|15|30|18200|25.790001|25.700001|25.700001|25.77|0.0||
ACGLP|51|NASDAQ|2020|1|27|15|30|34400|25.796|25.5|25.790001|25.59|0.0||
ACGLP|52|NASDAQ|2020|1|24|15|30|21700|25.67|25.5|25.610001|25.620001|0.0||
ACGLP|53|NASDAQ|2020|1|23|15|30|20000|25.620001|25.530001|25.6|25.57|0.0||
ACGLP|54|NASDAQ|2020|1|22|15|30|34500|25.58|25.459999|25.58|25.459999|0.0||
ACGLP|55|NASDAQ|2020|1|21|15|30|64500|25.549999|25.48|25.49|25.48|0.0||
ACGLP|56|NASDAQ|2020|1|17|15|30|28700|25.5|25.48|25.48|25.5|0.0||
ACGLP|57|NASDAQ|2020|1|16|15|30|32500|25.57|25.49|25.5|25.49|0.0||
ACGLP|58|NASDAQ|2020|1|15|15|30|21300|25.6|25.49|25.549999|25.51|0.0||
ACGLP|59|NASDAQ|2020|1|14|15|30|20800|25.610001|25.545|25.610001|25.549999|0.0||
ACGLP|60|NASDAQ|2020|1|13|15|30|27900|25.620001|25.459999|25.620001|25.52|0.0||
ACGLP|61|NASDAQ|2020|1|10|15|30|42500|25.58|25.49|25.58|25.49|0.0||
ACGLP|62|NASDAQ|2020|1|9|15|30|27200|25.559999|25.478001000000006|25.559999|25.5|0.0||
ACGLP|63|NASDAQ|2020|1|8|15|30|51600|25.559999|25.379999|25.51|25.379999|0.0||
ACGLP|64|NASDAQ|2020|1|7|15|30|22800|25.48|25.379999|25.43|25.4|0.0||
ACGLP|65|NASDAQ|2020|1|6|15|30|93400|25.6|25.360001|25.389999|25.5|0.0||
ACGLP|66|NASDAQ|2020|1|3|15|30|47500|25.700001|25.559999|25.67|25.559999|0.0||
ACGLP|67|NASDAQ|2020|1|2|15|30|73900|25.74|25.379999|25.74|25.379999|0.0||
ACGLP|68|NASDAQ|2019|12|31|15|30|53600|25.48|25.339001|25.48|25.34|0.0||
ACGLP|69|NASDAQ|2019|12|30|15|30|43700|25.429001|25.309999|25.41|25.34|0.0||
ACGLP|70|NASDAQ|2019|12|27|15|30|32900|25.436001|25.33|25.43|25.370001|0.0||
ACGLP|71|NASDAQ|2019|12|26|15|30|26000|25.469999|25.360001|25.370001|25.4|0.0||
ACGLP|72|NASDAQ|2019|12|24|15|30|29700|25.474001|25.33|25.440001|25.4|0.0||
ACGLP|73|NASDAQ|2019|12|23|15|30|29300|25.549999|25.400999|25.549999|25.41|0.0||
ACGLP|74|NASDAQ|2019|12|20|15|30|50000|25.507|25.389999|25.495001|25.4|0.0||
ACGLP|75|NASDAQ|2019|12|19|15|30|32300|25.5|25.393999|25.5|25.5|0.0||
ACGLP|76|NASDAQ|2019|12|18|15|30|42300|25.6|25.347|25.6|25.35|0.0||
ACGLP|77|NASDAQ|2019|12|17|15|30|36900|25.459999|25.285|25.459999|25.299999|0.0||
ACGLP|78|NASDAQ|2019|12|16|15|30|32500|25.35|25.228001000000006|25.35|25.24|0.0||
ACGLP|79|NASDAQ|2019|12|13|15|30|24500|25.24|25.15|25.24|25.23|0.0||
ACGLP|80|NASDAQ|2019|12|12|15|30|69800|25.25|25.031|25.25|25.1|0.0||
ACGLP|81|NASDAQ|2019|12|11|15|30|34800|25.290001|25.15|25.290001|25.190001|0.0||
ACGLP|82|NASDAQ|2019|12|10|15|30|47500|25.24|25.15|25.224001|25.23|0.0||
ACGLP|83|NASDAQ|2019|12|9|15|30|21900|25.24|25.17|25.24|25.17|0.0||
ACGLP|84|NASDAQ|2019|12|6|15|30|21400|25.200001|25.131001|25.171|25.18|0.0||
ACGLP|85|NASDAQ|2019|12|5|15|30|62600|25.190001|25.091|25.18|25.1|0.0||
ACGLP|86|NASDAQ|2019|12|4|15|30|61400|25.18|25.072001|25.129999|25.1|0.0||
ACGLP|87|NASDAQ|2019|12|3|15|30|51300|25.09|24.93|25.059999|24.950001|0.0||
ACGLP|88|NASDAQ|2019|12|2|15|30|133400|25.059999|24.9|25.01|24.9|0.0||
ACGLP|89|NASDAQ|2019|11|29|15|30|75300|25.229|25.040001|25.049999|25.200001|0.0||
ACGLP|90|NASDAQ|2019|11|27|15|30|66800|25.24|25.09|25.1|25.200001|0.0||
ACGLP|91|NASDAQ|2019|11|26|15|30|57200|25.35|25.219999|25.24|25.33|0.0||
ACGLP|92|NASDAQ|2019|11|25|15|30|18900|25.32|25.238001|25.32|25.280001|0.0||
ACGLP|93|NASDAQ|2019|11|22|15|30|18700|25.32|25.200001|25.209999|25.25|0.0||
ACGLP|94|NASDAQ|2019|11|21|15|30|22400|25.299999|25.209999|25.209999|25.24|0.0||
ACGLP|95|NASDAQ|2019|11|20|15|30|35200|25.299999|25.209999|25.280001|25.299999|0.0||
ACGLP|96|NASDAQ|2019|11|19|15|30|29700|25.33|25.27|25.32|25.33|0.0||
ACGLP|97|NASDAQ|2019|11|18|15|30|64900|25.33|25.280001|25.290001|25.299999|0.0||
ACGLP|98|NASDAQ|2019|11|15|15|30|47400|25.34|25.273001|25.34|25.34|0.0||
ACGLP|99|NASDAQ|2019|11|14|15|30|77100|25.34|25.23|25.34|25.25|0.0||
ACGLP|100|NASDAQ|2019|11|13|15|30|33900|25.41|25.33|25.379999|25.35|0.0||
ACGLP|101|NASDAQ|2019|11|12|15|30|21600|25.379999|25.26|25.355|25.299999|0.0||
ACGLP|102|NASDAQ|2019|11|11|15|30|14200|25.375|25.309999|25.34|25.370001|0.0||
ACGLP|103|NASDAQ|2019|11|8|15|30|24400|25.379999|25.290001|25.379999|25.290001|0.0||
ACGLP|104|NASDAQ|2019|11|7|15|30|39700|25.35|25.25|25.290001|25.299999|0.0||
ACGLP|105|NASDAQ|2019|11|6|15|30|51900|25.49|25.379999|25.379999|25.41|0.0||
ACGLP|106|NASDAQ|2019|11|5|15|30|30500|25.584999|25.5|25.540001|25.549999|0.0||
ACGLP|107|NASDAQ|2019|11|4|15|30|32300|25.629999|25.49|25.58|25.5|0.0||
ACGLP|108|NASDAQ|2019|11|1|14|30|33300|25.5|25.42|25.49|25.450001|0.0||
ACGLP|109|NASDAQ|2019|10|31|14|30|162500|25.58|25.4|25.5|25.58|0.0||
ACGLP|110|NASDAQ|2019|10|30|14|30|36700|25.6|25.5|25.58|25.6|0.0||
ACGLP|111|NASDAQ|2019|10|29|14|30|28700|25.620001|25.559999|25.620001|25.6|0.0||
ACGLP|112|NASDAQ|2019|10|28|14|30|17800|25.67|25.6|25.629999|25.66|0.0||
ACGLP|113|NASDAQ|2019|10|25|15|30|20500|25.700001|25.6|25.67|25.67|0.0||
ACGLP|114|NASDAQ|2019|10|24|15|30|33000|25.700001|25.58|25.67|25.58|0.0||
ACGLP|115|NASDAQ|2019|10|23|15|30|46200|25.68|25.59|25.639999|25.59|0.0||
ACGLP|116|NASDAQ|2019|10|22|15|30|36600|25.6|25.540001|25.58|25.549999|0.0||
ACGLP|117|NASDAQ|2019|10|21|15|30|31600|25.58|25.51|25.549999|25.559999|0.0||
ACGLP|118|NASDAQ|2019|10|18|15|30|32600|25.58|25.5|25.57|25.549999|0.0||
ACGLP|119|NASDAQ|2019|10|17|15|30|31800|25.58|25.469999|25.57|25.5|0.0||
ACGLP|120|NASDAQ|2019|10|16|15|30|49100|25.59|25.43|25.58|25.43|0.0||
ACGLP|121|NASDAQ|2019|10|15|15|30|38400|25.6|25.51|25.51|25.59|0.0||
ACGLP|122|NASDAQ|2019|10|14|15|30|46000|25.65|25.48|25.65|25.65|0.0||
ACGLP|123|NASDAQ|2019|10|11|15|30|34500|25.677|25.389999|25.66|25.43|||
ACGLP|124|NASDAQ|2019|10|10|15|30|37600|25.4|25.299999|25.4|25.360001|||
ACGLP|125|NASDAQ|2019|10|9|15|30|51000|25.360001|25.27|25.309999|25.280001|||
ACGLP|126|NASDAQ|2019|10|8|15|30|45200|25.35|25.25|25.299999|25.25|||
ACIU|0|NASDAQ|2020|4|8|20|9|89878|7.13|6.68|7.0|6.82|||
ACIU|1|NASDAQ|2020|4|7|15|30|309700|7.35|6.76|6.81|7.29|||
ACIU|2|NASDAQ|2020|4|6|15|30|175600|7.694|6.86|7.24|7.52|||
ACIU|3|NASDAQ|2020|4|3|15|30|128900|7.9689999999999985|7.12|7.51|7.52|||
ACIU|4|NASDAQ|2020|4|2|15|30|187400|7.7|6.82|7.58|7.08|||
ACIU|5|NASDAQ|2020|4|1|15|30|257900|7.23|6.66|7.15|6.66|0.0||
ACIU|6|NASDAQ|2020|3|31|15|30|153500|7.3|6.52|6.91|7.3|0.0||
ACIU|7|NASDAQ|2020|3|30|15|30|217500|7.3|6.39|7.3|6.39|0.0||
ACIU|8|NASDAQ|2020|3|27|14|30|179800|6.75|6.05|6.35|6.5|1.0||
ACIU|9|NASDAQ|2020|3|26|14|30|152800|6.7|6.07|6.64|6.15|0.0||
ACIU|10|NASDAQ|2020|3|25|14|30|170800|6.28|5.685|6.07|5.78|1.0||
ACIU|11|NASDAQ|2020|3|24|14|30|160900|5.88|5.56|5.8|5.56|1.0||
ACIU|12|NASDAQ|2020|3|23|14|30|222900|5.57|4.76|5.38|4.78|1.0||
ACIU|13|NASDAQ|2020|3|20|14|30|172700|5.28|4.5|4.74|4.78|1.0||
ACIU|14|NASDAQ|2020|3|19|14|30|168200|5.069|4.32|4.68|4.32|1.0||
ACIU|15|NASDAQ|2020|3|18|14|30|285500|4.61|4.07|4.24|4.46|1.0||
ACIU|16|NASDAQ|2020|3|17|14|30|168000|4.79|4.11|4.74|4.21|0.0||
ACIU|17|NASDAQ|2020|3|16|14|30|148200|4.6|4.25|4.25|4.49|0.0||
ACIU|18|NASDAQ|2020|3|13|14|30|184400|5.252999999999999|4.415|4.67|5.19|0.0||
ACIU|19|NASDAQ|2020|3|12|14|30|116100|5.21|4.76|4.93|4.94|0.0||
ACIU|20|NASDAQ|2020|3|11|14|30|174100|6.47|5.42|5.49|5.98|0.0||
ACIU|21|NASDAQ|2020|3|10|14|30|166100|6.4|5.895|6.12|6.18|0.0||
ACIU|22|NASDAQ|2020|3|9|14|30|136800|6.37|5.12|5.94|6.3|0.0||
ACIU|23|NASDAQ|2020|3|6|15|30|97900|7.35|6.8|6.95|7.11|0.0||
ACIU|24|NASDAQ|2020|3|5|15|30|101100|7.51|7.09|7.33|7.11|0.0||
ACIU|25|NASDAQ|2020|3|4|15|30|101600|7.32|6.973|7.24|7.01|0.0||
ACIU|26|NASDAQ|2020|3|3|15|30|119600|7.01|6.73|6.9|6.92|0.0||
ACIU|27|NASDAQ|2020|3|2|15|30|152000|7.095|6.77|6.98|6.91|0.0||
ACIU|28|NASDAQ|2020|2|28|15|30|107000|7.05|6.75|6.87|6.78|0.0||
ACIU|29|NASDAQ|2020|2|27|15|30|137100|7.4|6.72|7.09|7.19|0.0||
ACIU|30|NASDAQ|2020|2|26|15|30|92900|7.43|7.17|7.31|7.28|0.0||
ACIU|31|NASDAQ|2020|2|25|15|30|197600|7.97|7.2|7.29|7.85|0.0||
ACIU|32|NASDAQ|2020|2|24|15|30|175500|8.05|7.56|7.87|8.04|0.0||
ACIU|33|NASDAQ|2020|2|21|15|30|174600|8.46|8.18|8.41|8.27|0.0||
ACIU|34|NASDAQ|2020|2|20|15|30|172900|8.6|8.22|8.4|8.58|0.0||
ACIU|35|NASDAQ|2020|2|19|15|30|173300|8.68|8.3|8.56|8.35|0.0||
ACIU|36|NASDAQ|2020|2|18|15|30|125100|8.51|8.3|8.34|8.5|0.0||
ACIU|37|NASDAQ|2020|2|14|15|30|148500|8.64|8.385|8.52|8.47|0.0||
ACIU|38|NASDAQ|2020|2|13|15|30|189300|8.799|8.35|8.45|8.63|0.0||
ACIU|39|NASDAQ|2020|2|12|15|30|283000|8.88|8.5|8.65|8.6|0.0||
ACIU|40|NASDAQ|2020|2|11|15|30|290200|9.13|8.5|8.63|9.13|0.0||
ACIU|41|NASDAQ|2020|2|10|15|30|214100|9.46|8.88|8.97|9.4|0.0||
ACIU|42|NASDAQ|2020|2|7|15|30|121200|9.49|9.1|9.49|9.3|0.0||
ACIU|43|NASDAQ|2020|2|6|15|30|124800|9.67|9.39|9.55|9.54|0.0||
ACIU|44|NASDAQ|2020|2|5|15|30|166600|9.73|9.18|9.57|9.22|0.0||
ACIU|45|NASDAQ|2020|2|4|15|30|447300|9.9|8.98|9.13|9.69|0.0||
ACIU|46|NASDAQ|2020|2|3|15|30|129700|9.69|9.405|9.63|9.44|0.0||
ACIU|47|NASDAQ|2020|1|31|15|30|124300|9.5|9.01|9.29|9.1|0.0||
ACIU|48|NASDAQ|2020|1|30|15|30|181400|9.2|8.815|9.18|8.82|0.0||
ACIU|49|NASDAQ|2020|1|29|15|30|63600|9.0|8.71|8.88|8.8|0.0||
ACIU|50|NASDAQ|2020|1|28|15|30|52200|8.85|8.59|8.8|8.68|0.0||
ACIU|51|NASDAQ|2020|1|27|15|30|107300|8.8|8.21|8.71|8.53|0.0||
ACIU|52|NASDAQ|2020|1|24|15|30|137200|9.41|8.5|8.64|9.16|0.0||
ACIU|53|NASDAQ|2020|1|23|15|30|65400|9.52|9.2|9.25|9.52|0.0||
ACIU|54|NASDAQ|2020|1|22|15|30|62600|9.68|9.43|9.65|9.5|0.0||
ACIU|55|NASDAQ|2020|1|21|15|30|106100|9.54|9.114|9.45|9.12|0.0||
ACIU|56|NASDAQ|2020|1|17|15|30|152200|9.75|9.15|9.2|9.75|0.0||
ACIU|57|NASDAQ|2020|1|16|15|30|93300|9.9|9.65|9.71|9.86|0.0||
ACIU|58|NASDAQ|2020|1|15|15|30|201700|10.14|9.65|9.89|9.84|0.0||
ACIU|59|NASDAQ|2020|1|14|15|30|176400|9.94|9.22|9.85|9.41|0.0||
ACIU|60|NASDAQ|2020|1|13|15|30|129900|9.52|9.032|9.4|9.27|0.0||
ACIU|61|NASDAQ|2020|1|10|15|30|143800|9.56|8.99|9.3|9.43|0.0||
ACIU|62|NASDAQ|2020|1|9|15|30|229200|10.03|9.33|9.43|9.96|0.0||
ACIU|63|NASDAQ|2020|1|8|15|30|344300|9.95|9.41|9.86|9.44|0.0||
ACIU|64|NASDAQ|2020|1|7|15|30|256500|9.44|8.78|9.41|9.0|0.0||
ACIU|65|NASDAQ|2020|1|6|15|30|161500|9.0|8.45|8.99|8.54|0.0||
ACIU|66|NASDAQ|2020|1|3|15|30|410800|9.12|8.3|8.68|8.6|0.0||
ACIU|67|NASDAQ|2020|1|2|15|30|279000|8.77|8.1|8.66|8.32|1.0||
ACIU|68|NASDAQ|2019|12|31|15|30|104100|8.68|8.09|8.52|8.22|0.0||
ACIU|69|NASDAQ|2019|12|30|15|30|113700|8.35|7.82|8.2|8.3|0.0||
ACIU|70|NASDAQ|2019|12|27|15|30|148900|8.44|8.05|8.39|8.3|0.0||
ACIU|71|NASDAQ|2019|12|26|15|30|161300|8.53|8.195|8.3|8.23|0.0||
ACIU|72|NASDAQ|2019|12|24|15|30|121300|8.28|7.81|8.23|7.81|0.0||
ACIU|73|NASDAQ|2019|12|23|15|30|117700|8.29|7.98|8.2|8.16|0.0||
ACIU|74|NASDAQ|2019|12|20|15|30|358700|8.25|7.61|8.12|8.14|0.0||
ACIU|75|NASDAQ|2019|12|19|15|30|141100|8.19|7.83|8.15|8.03|0.0||
ACIU|76|NASDAQ|2019|12|18|15|30|156000|8.05|7.62|8.02|7.82|0.0||
ACIU|77|NASDAQ|2019|12|17|15|30|141400|8.26|7.724|7.78|8.18|0.0||
ACIU|78|NASDAQ|2019|12|16|15|30|210100|8.55|8.0|8.21|8.3|0.0||
ACIU|79|NASDAQ|2019|12|13|15|30|121700|8.75|8.35|8.54|8.75|0.0||
ACIU|80|NASDAQ|2019|12|12|15|30|104300|8.83|8.4|8.73|8.53|0.0||
ACIU|81|NASDAQ|2019|12|11|15|30|66200|8.8|8.36|8.53|8.36|0.0||
ACIU|82|NASDAQ|2019|12|10|15|30|113400|8.9|8.34|8.36|8.8|0.0||
ACIU|83|NASDAQ|2019|12|9|15|30|109600|8.9|8.6|8.67|8.76|0.0||
ACIU|84|NASDAQ|2019|12|6|15|30|223500|8.88|8.02|8.78|8.32|0.0||
ACIU|85|NASDAQ|2019|12|5|15|30|288100|8.48|7.59|8.19|7.66|0.0||
ACIU|86|NASDAQ|2019|12|4|15|30|69800|7.99|7.67|7.74|7.96|0.0||
ACIU|87|NASDAQ|2019|12|3|15|30|87900|7.95|7.63|7.92|7.81|0.0||
ACIU|88|NASDAQ|2019|12|2|15|30|133300|8.02|7.59|7.85|8.02|0.0||
ACIU|89|NASDAQ|2019|11|29|15|30|77300|8.52|7.891|8.0|8.52|0.0||
ACIU|90|NASDAQ|2019|11|27|15|30|131600|8.54|8.29|8.46|8.41|0.0||
ACIU|91|NASDAQ|2019|11|26|15|30|68300|8.5|8.27|8.44|8.38|0.0||
ACIU|92|NASDAQ|2019|11|25|15|30|172300|8.35|8.04|8.31|8.11|0.0||
ACIU|93|NASDAQ|2019|11|22|15|30|150300|8.06|7.401|8.03|7.49|0.0||
ACIU|94|NASDAQ|2019|11|21|15|30|120900|7.9|7.36|7.44|7.89|0.0||
ACIU|95|NASDAQ|2019|11|20|15|30|204300|7.95|7.15|7.81|7.52|0.0||
ACIU|96|NASDAQ|2019|11|19|15|30|235200|7.83|7.15|7.46|7.19|0.0||
ACIU|97|NASDAQ|2019|11|18|15|30|72700|7.2|6.83|7.05|7.0|1.0||
ACIU|98|NASDAQ|2019|11|15|15|30|139800|7.09|6.54|6.96|6.9|0.0||
ACIU|99|NASDAQ|2019|11|14|15|30|119400|6.9|6.4|6.87|6.7|1.0||
ACIU|100|NASDAQ|2019|11|13|15|30|183200|6.77|5.557|6.53|5.64|1.0||
ACIU|101|NASDAQ|2019|11|12|15|30|41900|5.71|5.52|5.6|5.6|1.0||
ACIU|102|NASDAQ|2019|11|11|15|30|44100|5.68|5.51|5.66|5.67|1.0||
ACIU|103|NASDAQ|2019|11|8|15|30|35500|5.75|5.47|5.63|5.47|1.0||
ACIU|104|NASDAQ|2019|11|7|15|30|56000|5.6|5.44|5.55|5.49|1.0||
ACIU|105|NASDAQ|2019|11|6|15|30|46400|5.59|5.337999999999999|5.43|5.39|0.0||
ACIU|106|NASDAQ|2019|11|5|15|30|51300|5.4|5.0|5.4|5.18|0.0||
ACIU|107|NASDAQ|2019|11|4|15|30|38600|5.415|5.19|5.4|5.38|0.0||
ACIU|108|NASDAQ|2019|11|1|14|30|86500|5.66|5.24|5.3|5.57|0.0||
ACIU|109|NASDAQ|2019|10|31|14|30|49000|5.74|5.51|5.57|5.74|0.0||
ACIU|110|NASDAQ|2019|10|30|14|30|23900|5.73|5.59|5.7|5.69|0.0||
ACIU|111|NASDAQ|2019|10|29|14|30|42300|5.78|5.66|5.7|5.7|0.0||
ACIU|112|NASDAQ|2019|10|28|14|30|66500|5.76|5.47|5.76|5.52|0.0||
ACIU|113|NASDAQ|2019|10|25|15|30|63000|5.67|5.34|5.55|5.34|0.0||
ACIU|114|NASDAQ|2019|10|24|15|30|47400|5.41|5.19|5.4|5.22|0.0||
ACIU|115|NASDAQ|2019|10|23|15|30|75300|5.41|5.112|5.27|5.4|0.0||
ACIU|116|NASDAQ|2019|10|22|15|30|433700|6.1|5.34|5.44|5.9|0.0||
ACIU|117|NASDAQ|2019|10|21|15|30|48200|5.2|4.77|5.2|4.8|0.0||
ACIU|118|NASDAQ|2019|10|18|15|30|19400|4.94|4.77|4.79|4.94|0.0||
ACIU|119|NASDAQ|2019|10|17|15|30|16000|5.0|4.9|4.95|4.978|0.0||
ACIU|120|NASDAQ|2019|10|16|15|30|16800|4.945|4.79|4.85|4.93|0.0||
ACIU|121|NASDAQ|2019|10|15|15|30|25800|4.99|4.87|4.91|4.904|0.0||
ACIU|122|NASDAQ|2019|10|14|15|30|29400|5.06|4.75|4.96|4.89|0.0||
ACIU|123|NASDAQ|2019|10|11|15|30|52300|4.93|4.75|4.87|4.78|||
ACIU|124|NASDAQ|2019|10|10|15|30|72900|4.83|4.5|4.83|4.5|||
ACIU|125|NASDAQ|2019|10|9|15|30|85100|4.76|4.5|4.56|4.75|||
ACIU|126|NASDAQ|2019|10|8|15|30|43600|5.05|4.76|4.78|5.05|||
ACNB|0|NASDAQ|2020|4|8|20|10|23035|25.9|24.68|25.200001|25.5|||
ACNB|1|NASDAQ|2020|4|7|15|30|25500|28.1|24.85|25.110001|28.1|||
ACNB|2|NASDAQ|2020|4|6|15|30|30100|27.83|25.76|27.76|25.76|||
ACNB|3|NASDAQ|2020|4|3|15|30|25800|25.799999|24.35|24.35|25.41|||
ACNB|4|NASDAQ|2020|4|2|15|30|33200|27.32|24.299999|25.84|25.299999|||
ACNB|5|NASDAQ|2020|4|1|15|30|48000|28.0|24.719999|25.01|28.0|0.0||
ACNB|6|NASDAQ|2020|3|31|15|30|35800|30.0|25.02|30.0|27.16|0.0||
ACNB|7|NASDAQ|2020|3|30|15|30|23100|27.98|25.549999|27.42|25.549999|0.0||
ACNB|8|NASDAQ|2020|3|27|14|30|27800|28.75|25.290001|25.51|28.75|0.0||
ACNB|9|NASDAQ|2020|3|26|14|30|32300|30.0|27.280001|30.0|27.280001|0.0||
ACNB|10|NASDAQ|2020|3|25|14|30|23500|27.68|26.290001|27.23|27.059999|0.0||
ACNB|11|NASDAQ|2020|3|24|14|30|41500|27.459999|24.73|27.190001|24.73|0.0||
ACNB|12|NASDAQ|2020|3|23|14|30|35300|24.74|21.85|24.549999|24.74|0.0||
ACNB|13|NASDAQ|2020|3|20|14|30|106300|27.0|23.83|24.48|24.0|0.0||
ACNB|14|NASDAQ|2020|3|19|14|30|30100|24.17|20.110001|23.92|20.110001|1.0||
ACNB|15|NASDAQ|2020|3|18|14|30|43800|24.5|20.1|20.27|24.5|1.0||
ACNB|16|NASDAQ|2020|3|17|14|30|41600|26.41|21.290001|26.41|21.450001|0.0||
ACNB|17|NASDAQ|2020|3|16|14|30|29300|23.790001|20.1|20.51|20.5|1.0||
ACNB|18|NASDAQ|2020|3|13|14|30|28000|24.98|22.02|24.98|22.51|0.0||
ACNB|19|NASDAQ|2020|3|12|14|30|33500|26.6|20.049999|20.91|26.6|0.0||
ACNB|20|NASDAQ|2020|3|11|14|30|22500|29.33|27.549999|27.879999|27.879999|0.0||
ACNB|21|NASDAQ|2020|3|10|14|30|30500|29.83|27.639999|28.42|28.790001|0.0||
ACNB|22|NASDAQ|2020|3|9|14|30|16100|30.690001|27.74|28.059999|29.4|0.0||
ACNB|23|NASDAQ|2020|3|6|15|30|27100|32.66|30.75|31.32|31.129999|0.0||
ACNB|24|NASDAQ|2020|3|5|15|30|30600|32.740002000000004|31.219999|32.09|32.080002|0.0||
ACNB|25|NASDAQ|2020|3|4|15|30|29700|32.84|31.799999|32.84|31.799999|0.0||
ACNB|26|NASDAQ|2020|3|3|15|30|28100|32.939999|31.299999|31.9|31.92|0.0||
ACNB|27|NASDAQ|2020|3|2|15|30|37900|33.470001|30.530001|32.27|30.530001|0.0||
ACNB|28|NASDAQ|2020|2|28|15|30|39600|32.830002|30.0|30.48|32.139999|0.0||
ACNB|29|NASDAQ|2020|2|27|15|30|26700|33.869999|32.279999|32.279999|32.919998|0.0||
ACNB|30|NASDAQ|2020|2|26|15|30|33600|34.490002000000004|33.189999|33.810001|33.540001000000004|0.0||
ACNB|31|NASDAQ|2020|2|25|15|30|20500|35.0|32.98|33.830002|35.0|0.0||
ACNB|32|NASDAQ|2020|2|24|15|30|36400|35.459999|33.75|34.900002|34.849998|0.0||
ACNB|33|NASDAQ|2020|2|21|15|30|14100|35.73|34.52|35.689999|35.419998|0.0||
ACNB|34|NASDAQ|2020|2|20|15|30|19100|35.970001|34.740002000000004|35.24000200000001|35.299999|0.0||
ACNB|35|NASDAQ|2020|2|19|15|30|8700|35.5|34.470001|35.400002|34.91|0.0||
ACNB|36|NASDAQ|2020|2|18|15|30|22900|35.130001|34.619999|34.720001|34.689999|0.0||
ACNB|37|NASDAQ|2020|2|14|15|30|20600|35.599998|33.970001|34.610001000000004|35.5|0.0||
ACNB|38|NASDAQ|2020|2|13|15|30|10800|35.5|35.009998|35.439999|35.5|0.0||
ACNB|39|NASDAQ|2020|2|12|15|30|12300|36.18|35.49000200000001|35.77|36.0|0.0||
ACNB|40|NASDAQ|2020|2|11|15|30|20700|35.84|35.049999|35.830002|35.299999|0.0||
ACNB|41|NASDAQ|2020|2|10|15|30|31500|36.599998|33.849998|35.48|36.599998|0.0||
ACNB|42|NASDAQ|2020|2|7|15|30|89000|37.48|35.110001000000004|36.549999|36.599998|0.0||
ACNB|43|NASDAQ|2020|2|6|15|30|34400|37.07|35.82|36.889999|36.310001|0.0||
ACNB|44|NASDAQ|2020|2|5|15|30|53400|36.709999|33.41|36.470001|33.48|0.0||
ACNB|45|NASDAQ|2020|2|4|15|30|30700|33.470001|32.509998|33.470001|33.400002|0.0||
ACNB|46|NASDAQ|2020|2|3|15|30|29200|33.650002|32.419998|33.07|32.419998|0.0||
ACNB|47|NASDAQ|2020|1|31|15|30|20200|33.849998|32.0|32.049999|33.400002|1.0||
ACNB|48|NASDAQ|2020|1|30|15|30|18900|33.740002000000004|32.099998|33.209999|32.099998|0.0||
ACNB|49|NASDAQ|2020|1|29|15|30|33000|33.799999|31.83|32.09|33.48|0.0||
ACNB|50|NASDAQ|2020|1|28|15|30|25600|33.490002000000004|32.709999|33.09|33.490002000000004|0.0||
ACNB|51|NASDAQ|2020|1|27|15|30|8600|33.82|33.169998|33.25|33.73|0.0||
ACNB|52|NASDAQ|2020|1|24|15|30|6600|34.330002|33.779999|33.860001000000004|34.139999|0.0||
ACNB|53|NASDAQ|2020|1|23|15|30|18400|35.099998|33.790001000000004|34.189999|34.790001000000004|0.0||
ACNB|54|NASDAQ|2020|1|22|15|30|8900|35.34|34.759998|34.759998|34.849998|0.0||
ACNB|55|NASDAQ|2020|1|21|15|30|8400|35.220001|34.740002000000004|34.860001000000004|35.220001|0.0||
ACNB|56|NASDAQ|2020|1|17|15|30|10200|35.98|35.110001000000004|35.110001000000004|35.98|0.0||
ACNB|57|NASDAQ|2020|1|16|15|30|4000|36.119999|35.709999|35.709999|36.060001|0.0||
ACNB|58|NASDAQ|2020|1|15|15|30|8000|36.330002|35.419998|35.86000100000001|35.919998|0.0||
ACNB|59|NASDAQ|2020|1|14|15|30|6000|36.400002|35.810001|35.810001|36.400002|0.0||
ACNB|60|NASDAQ|2020|1|13|15|30|11000|36.560001|36.0|36.23|36.240002|0.0||
ACNB|61|NASDAQ|2020|1|10|15|30|14500|36.73|35.549999|36.34|36.619999|0.0||
ACNB|62|NASDAQ|2020|1|9|15|30|3800|36.700001|36.41|36.459999|36.529999|0.0||
ACNB|63|NASDAQ|2020|1|8|15|30|5800|36.630001|36.299999|36.34|36.299999|0.0||
ACNB|64|NASDAQ|2020|1|7|15|30|8000|36.77|35.900002|36.400002|36.77|0.0||
ACNB|65|NASDAQ|2020|1|6|15|30|6900|36.950001|36.509998|36.52|36.529999|0.0||
ACNB|66|NASDAQ|2020|1|3|15|30|6200|36.869999|36.490002|36.560001|36.869999|0.0||
ACNB|67|NASDAQ|2020|1|2|15|30|8300|37.75|36.869999|37.009998|37.75|0.0||
ACNB|68|NASDAQ|2019|12|31|15|30|20000|37.869999|37.110001|37.82|37.310001|0.0||
ACNB|69|NASDAQ|2019|12|30|15|30|7400|37.380001|36.93|37.150002|37.119999|0.0||
ACNB|70|NASDAQ|2019|12|27|15|30|11800|37.5|36.900002|37.389999|37.0|0.0||
ACNB|71|NASDAQ|2019|12|26|15|30|3400|37.290001|36.860001|36.880001|37.0|0.0||
ACNB|72|NASDAQ|2019|12|24|15|30|14400|37.630001|36.82|37.16|36.82|0.0||
ACNB|73|NASDAQ|2019|12|23|15|30|7600|37.740002|37.27|37.299999|37.349998|0.0||
ACNB|74|NASDAQ|2019|12|20|15|30|31600|37.52|36.860001|37.52|37.200001|0.0||
ACNB|75|NASDAQ|2019|12|19|15|30|9400|37.25|36.419998|37.25|36.509998|0.0||
ACNB|76|NASDAQ|2019|12|18|15|30|7100|36.919998|36.09|36.849998|36.799999|0.0||
ACNB|77|NASDAQ|2019|12|17|15|30|28800|37.040001|36.27|36.959999|37.040001|0.0||
ACNB|78|NASDAQ|2019|12|16|15|30|12400|37.25|36.209999|37.189999|36.220001|0.0||
ACNB|79|NASDAQ|2019|12|13|15|30|5000|36.25|35.73|36.25|35.93|0.0||
ACNB|80|NASDAQ|2019|12|12|15|30|13100|36.009998|35.52|36.009998|35.700001|0.0||
ACNB|81|NASDAQ|2019|12|11|15|30|8400|35.98|34.73|35.84|35.150002|0.0||
ACNB|82|NASDAQ|2019|12|10|15|30|21400|35.09|34.59|35.09|34.66|0.0||
ACNB|83|NASDAQ|2019|12|9|15|30|12500|35.25|34.66|34.709999|35.25|0.0||
ACNB|84|NASDAQ|2019|12|6|15|30|15200|35.349998|34.740002000000004|34.830002|35.0|0.0||
ACNB|85|NASDAQ|2019|12|5|15|30|4600|35.09|34.650002|34.650002|34.950001|0.0||
ACNB|86|NASDAQ|2019|12|4|15|30|5800|34.98|34.77|34.77|34.77|0.0||
ACNB|87|NASDAQ|2019|12|3|15|30|8400|35.24000200000001|34.610001000000004|34.619999|34.610001000000004|0.0||
ACNB|88|NASDAQ|2019|12|2|15|30|6300|35.0|34.509998|34.810001|34.860001000000004|0.0||
ACNB|89|NASDAQ|2019|11|29|15|30|1700|35.299999|35.220001|35.220001|35.299999|0.0||
ACNB|90|NASDAQ|2019|11|27|15|30|2300|35.509998|35.369999|35.48|35.419998|0.0||
ACNB|91|NASDAQ|2019|11|26|15|30|7000|36.0|35.450001|35.549999|35.709999|0.0||
ACNB|92|NASDAQ|2019|11|25|15|30|8300|35.91|35.169998|35.650002|35.169998|0.0||
ACNB|93|NASDAQ|2019|11|22|15|30|3000|35.599998|35.119999|35.23|35.419998|0.0||
ACNB|94|NASDAQ|2019|11|21|15|30|5500|35.79000100000001|35.200001|35.220001|35.709999|0.0||
ACNB|95|NASDAQ|2019|11|20|15|30|12600|36.0|35.380001|35.509998|35.66|0.0||
ACNB|96|NASDAQ|2019|11|19|15|30|5400|36.0|35.639999|35.99000200000001|35.639999|0.0||
ACNB|97|NASDAQ|2019|11|18|15|30|2100|35.779999|35.259998|35.700001|35.259998|0.0||
ACNB|98|NASDAQ|2019|11|15|15|30|8800|36.0|35.29000100000001|35.68|35.619999|0.0||
ACNB|99|NASDAQ|2019|11|14|15|30|5300|35.57|34.779999|35.57|35.02|0.0||
ACNB|100|NASDAQ|2019|11|13|15|30|7800|35.48|34.900002|35.0|35.299999|0.0||
ACNB|101|NASDAQ|2019|11|12|15|30|10600|35.48|34.790001000000004|34.950001|35.099998|0.0||
ACNB|102|NASDAQ|2019|11|11|15|30|2800|35.310001|34.950001|35.259998|35.16|0.0||
ACNB|103|NASDAQ|2019|11|8|15|30|1500|35.580002|35.220001|35.220001|35.49000200000001|0.0||
ACNB|104|NASDAQ|2019|11|7|15|30|7700|35.57|35.060001|35.5|35.57|0.0||
ACNB|105|NASDAQ|2019|11|6|15|30|4200|35.700001|35.32|35.400002|35.41|0.0||
ACNB|106|NASDAQ|2019|11|5|15|30|7200|35.68|35.29000100000001|35.599998|35.619999|0.0||
ACNB|107|NASDAQ|2019|11|4|15|30|10400|36.0|34.880001|35.349998|35.49000200000001|0.0||
ACNB|108|NASDAQ|2019|11|1|14|30|10000|35.93|34.68|35.5|34.84|0.0||
ACNB|109|NASDAQ|2019|10|31|14|30|8300|35.5|34.470001|35.389999|35.439999|0.0||
ACNB|110|NASDAQ|2019|10|30|14|30|9900|35.5|34.27|35.5|34.610001000000004|0.0||
ACNB|111|NASDAQ|2019|10|29|14|30|4900|34.93|34.09|34.759998|34.759998|0.0||
ACNB|112|NASDAQ|2019|10|28|14|30|4200|34.650002|34.27|34.650002|34.450001|0.0||
ACNB|113|NASDAQ|2019|10|25|15|30|5900|34.990002000000004|33.91|34.450001|33.91|0.0||
ACNB|114|NASDAQ|2019|10|24|15|30|3500|34.5|34.209999|34.5|34.389999|0.0||
ACNB|115|NASDAQ|2019|10|23|15|30|3200|34.389999|34.150002|34.169998|34.16|0.0||
ACNB|116|NASDAQ|2019|10|22|15|30|6500|34.299999|33.73|33.990002000000004|34.07|0.0||
ACNB|117|NASDAQ|2019|10|21|15|30|7600|34.470001|33.889999|33.990002000000004|34.470001|0.0||
ACNB|118|NASDAQ|2019|10|18|15|30|3300|34.009998|33.549999|33.939999|33.549999|0.0||
ACNB|119|NASDAQ|2019|10|17|15|30|9500|34.220001|33.68|33.799999|33.900002|0.0||
ACNB|120|NASDAQ|2019|10|16|15|30|4900|34.209999|33.75|34.0|34.209999|0.0||
ACNB|121|NASDAQ|2019|10|15|15|30|3300|34.5|33.450001|34.290001000000004|33.450001|0.0||
ACNB|122|NASDAQ|2019|10|14|15|30|3000|33.93|33.299999|33.68|33.75|0.0||
ACNB|123|NASDAQ|2019|10|11|15|30|7300|34.380001|33.75|33.75|34.099998|||
ACNB|124|NASDAQ|2019|10|10|15|30|2000|34.450001|33.75|33.75|34.130001|||
ACNB|125|NASDAQ|2019|10|9|15|30|3000|34.5|33.93|33.93|34.5|||
ACNB|126|NASDAQ|2019|10|8|15|30|5300|34.060001|33.759998|33.810001|33.759998|||
ACRX|0|NASDAQ|2020|4|8|20|13|651427|1.4|1.3|1.33|1.31|||
ACRX|1|NASDAQ|2020|4|7|15|30|1361100|1.37|1.22|1.28|1.3|||
ACRX|2|NASDAQ|2020|4|6|15|30|1648800|1.36|1.11|1.29|1.12|||
ACRX|3|NASDAQ|2020|4|3|15|30|511800|1.11|1.0|1.05|1.09|||
ACRX|4|NASDAQ|2020|4|2|15|30|437300|1.08|1.02|1.08|1.04|||
ACRX|5|NASDAQ|2020|4|1|15|30|756100|1.14|1.02|1.03|1.12|1.0||
ACRX|6|NASDAQ|2020|3|31|15|30|701500|1.26|1.11|1.18|1.26|0.0||
ACRX|7|NASDAQ|2020|3|30|15|30|710200|1.29|1.23|1.27|1.25|0.0||
ACRX|8|NASDAQ|2020|3|27|14|30|1068400|1.32|1.12|1.27|1.3|0.0||
ACRX|9|NASDAQ|2020|3|26|14|30|2487700|1.46|1.21|1.32|1.3|0.0||
ACRX|10|NASDAQ|2020|3|25|14|30|2725300|1.32|0.95|1.24|1.0|0.0||
ACRX|11|NASDAQ|2020|3|24|14|30|1583700|0.98|0.78|0.95|0.81|1.0||
ACRX|12|NASDAQ|2020|3|23|14|30|1531000|0.89|0.7|0.76|0.85|1.0||
ACRX|13|NASDAQ|2020|3|20|14|30|971800|0.92|0.83|0.84|0.91|0.0||
ACRX|14|NASDAQ|2020|3|19|14|30|1063600|0.89|0.82|0.85|0.87|0.0||
ACRX|15|NASDAQ|2020|3|18|14|30|984800|0.91|0.8|0.83|0.91|0.0||
ACRX|16|NASDAQ|2020|3|17|14|30|1406300|0.99|0.84|0.95|0.91|0.0||
ACRX|17|NASDAQ|2020|3|16|14|30|1850000|1.05|0.8|0.84|0.85|0.0||
ACRX|18|NASDAQ|2020|3|13|14|30|1316700|1.11|0.91|1.03|1.1|0.0||
ACRX|19|NASDAQ|2020|3|12|14|30|1643200|1.19|1.0|1.04|1.18|0.0||
ACRX|20|NASDAQ|2020|3|11|14|30|890900|1.29|1.18|1.22|1.29|0.0||
ACRX|21|NASDAQ|2020|3|10|14|30|1149700|1.37|1.2|1.28|1.35|0.0||
ACRX|22|NASDAQ|2020|3|9|14|30|658700|1.38|1.28|1.31|1.38|0.0||
ACRX|23|NASDAQ|2020|3|6|15|30|1081100|1.44|1.32|1.43|1.33|0.0||
ACRX|24|NASDAQ|2020|3|5|15|30|870600|1.48|1.35|1.37|1.45|0.0||
ACRX|25|NASDAQ|2020|3|4|15|30|1154500|1.47|1.28|1.47|1.34|0.0||
ACRX|26|NASDAQ|2020|3|3|15|30|806400|1.44|1.3|1.31|1.42|0.0||
ACRX|27|NASDAQ|2020|3|2|15|30|844100|1.39|1.26|1.38|1.3|0.0||
ACRX|28|NASDAQ|2020|2|28|15|30|2114600|1.35|1.18|1.32|1.2|0.0||
ACRX|29|NASDAQ|2020|2|27|15|30|2005600|1.35|1.15|1.29|1.27|0.0||
ACRX|30|NASDAQ|2020|2|26|15|30|1345100|1.46|1.32|1.35|1.43|0.0||
ACRX|31|NASDAQ|2020|2|25|15|30|1259000|1.49|1.4|1.48|1.47|0.0||
ACRX|32|NASDAQ|2020|2|24|15|30|1321400|1.55|1.43|1.48|1.55|0.0||
ACRX|33|NASDAQ|2020|2|21|15|30|861000|1.63|1.54|1.55|1.63|0.0||
ACRX|34|NASDAQ|2020|2|20|15|30|1043500|1.61|1.48|1.61|1.5|0.0||
ACRX|35|NASDAQ|2020|2|19|15|30|938800|1.6|1.49|1.49|1.57|0.0||
ACRX|36|NASDAQ|2020|2|18|15|30|858000|1.62|1.51|1.56|1.61|0.0||
ACRX|37|NASDAQ|2020|2|14|15|30|1029100|1.67|1.6|1.6|1.66|0.0||
ACRX|38|NASDAQ|2020|2|13|15|30|643800|1.71|1.66|1.67|1.69|0.0||
ACRX|39|NASDAQ|2020|2|12|15|30|421200|1.74|1.69|1.69|1.72|0.0||
ACRX|40|NASDAQ|2020|2|11|15|30|375000|1.74|1.69|1.71|1.7|0.0||
ACRX|41|NASDAQ|2020|2|10|15|30|333500|1.71|1.67|1.69|1.67|0.0||
ACRX|42|NASDAQ|2020|2|7|15|30|387200|1.74|1.68|1.68|1.7|0.0||
ACRX|43|NASDAQ|2020|2|6|15|30|694300|1.77|1.67|1.72|1.67|0.0||
ACRX|44|NASDAQ|2020|2|5|15|30|702600|1.73|1.66|1.67|1.66|0.0||
ACRX|45|NASDAQ|2020|2|4|15|30|528500|1.71|1.66|1.66|1.69|0.0||
ACRX|46|NASDAQ|2020|2|3|15|30|1000700|1.71|1.66|1.69|1.7|0.0||
ACRX|47|NASDAQ|2020|1|31|15|30|471300|1.75|1.7|1.7|1.72|0.0||
ACRX|48|NASDAQ|2020|1|30|15|30|307500|1.75|1.7|1.72|1.74|0.0||
ACRX|49|NASDAQ|2020|1|29|15|30|474500|1.81|1.74|1.74|1.77|0.0||
ACRX|50|NASDAQ|2020|1|28|15|30|456200|1.77|1.74|1.77|1.75|0.0||
ACRX|51|NASDAQ|2020|1|27|15|30|542800|1.78|1.67|1.73|1.72|0.0||
ACRX|52|NASDAQ|2020|1|24|15|30|972400|1.82|1.71|1.75|1.75|0.0||
ACRX|53|NASDAQ|2020|1|23|15|30|909000|1.79|1.7|1.71|1.77|0.0||
ACRX|54|NASDAQ|2020|1|22|15|30|615300|1.85|1.77|1.77|1.81|0.0||
ACRX|55|NASDAQ|2020|1|21|15|30|835400|1.93|1.81|1.81|1.93|0.0||
ACRX|56|NASDAQ|2020|1|17|15|30|687100|2.0|1.9|1.9|2.0|0.0||
ACRX|57|NASDAQ|2020|1|16|15|30|621300|2.02|1.98|1.99|2.02|0.0||
ACRX|58|NASDAQ|2020|1|15|15|30|588600|2.02|1.96|1.99|1.96|0.0||
ACRX|59|NASDAQ|2020|1|14|15|30|761300|1.98|1.87|1.96|1.9|0.0||
ACRX|60|NASDAQ|2020|1|13|15|30|892600|1.96|1.83|1.91|1.92|0.0||
ACRX|61|NASDAQ|2020|1|10|15|30|851700|1.99|1.9|1.92|1.99|0.0||
ACRX|62|NASDAQ|2020|1|9|15|30|911400|2.06|1.92|1.97|2.01|0.0||
ACRX|63|NASDAQ|2020|1|8|15|30|621300|2.08|2.01|2.03|2.08|0.0||
ACRX|64|NASDAQ|2020|1|7|15|30|901600|2.13|2.02|2.07|2.02|0.0||
ACRX|65|NASDAQ|2020|1|6|15|30|509200|2.05|2.0|2.01|2.04|0.0||
ACRX|66|NASDAQ|2020|1|3|15|30|997400|2.08|2.0|2.04|2.02|0.0||
ACRX|67|NASDAQ|2020|1|2|15|30|899000|2.14|2.04|2.07|2.13|0.0||
ACRX|68|NASDAQ|2019|12|31|15|30|872800|2.18|2.08|2.11|2.09|0.0||
ACRX|69|NASDAQ|2019|12|30|15|30|1112500|2.23|2.11|2.12|2.21|0.0||
ACRX|70|NASDAQ|2019|12|27|15|30|752000|2.4|2.22|2.24|2.39|0.0||
ACRX|71|NASDAQ|2019|12|26|15|30|1159100|2.44|2.29|2.4|2.29|0.0||
ACRX|72|NASDAQ|2019|12|24|15|30|525700|2.28|2.16|2.28|2.17|0.0||
ACRX|73|NASDAQ|2019|12|23|15|30|873800|2.24|2.13|2.2|2.21|0.0||
ACRX|74|NASDAQ|2019|12|20|15|30|1864800|2.22|2.12|2.21|2.17|0.0||
ACRX|75|NASDAQ|2019|12|19|15|30|517300|2.21|2.13|2.18|2.13|0.0||
ACRX|76|NASDAQ|2019|12|18|15|30|1307700|2.24|2.1|2.17|2.21|0.0||
ACRX|77|NASDAQ|2019|12|17|15|30|865800|2.28|2.21|2.24|2.25|0.0||
ACRX|78|NASDAQ|2019|12|16|15|30|1083800|2.29|2.19|2.28|2.26|0.0||
ACRX|79|NASDAQ|2019|12|13|15|30|1327800|2.39|2.25|2.26|2.28|0.0||
ACRX|80|NASDAQ|2019|12|12|15|30|1440200|2.45|2.25|2.31|2.4|0.0||
ACRX|81|NASDAQ|2019|12|11|15|30|3919800|2.5|2.06|2.38|2.06|0.0||
ACRX|82|NASDAQ|2019|12|10|15|30|1321900|2.06|1.86|2.04|1.86|0.0||
ACRX|83|NASDAQ|2019|12|9|15|30|377300|1.92|1.85|1.88|1.86|1.0||
ACRX|84|NASDAQ|2019|12|6|15|30|572900|1.88|1.82|1.87|1.85|1.0||
ACRX|85|NASDAQ|2019|12|5|15|30|504200|1.85|1.82|1.83|1.85|1.0||
ACRX|86|NASDAQ|2019|12|4|15|30|401100|1.85|1.79|1.84|1.8|0.0||
ACRX|87|NASDAQ|2019|12|3|15|30|521300|1.85|1.8|1.8|1.85|0.0||
ACRX|88|NASDAQ|2019|12|2|15|30|754900|1.94|1.81|1.86|1.87|0.0||
ACRX|89|NASDAQ|2019|11|29|15|30|401300|1.86|1.75|1.86|1.77|0.0||
ACRX|90|NASDAQ|2019|11|27|15|30|1628500|1.82|1.72|1.76|1.72|0.0||
ACRX|91|NASDAQ|2019|11|26|15|30|634700|1.85|1.72|1.73|1.85|0.0||
ACRX|92|NASDAQ|2019|11|25|15|30|1335000|1.88|1.67|1.82|1.67|0.0||
ACRX|93|NASDAQ|2019|11|22|15|30|1414400|1.68|1.64|1.66|1.67|0.0||
ACRX|94|NASDAQ|2019|11|21|15|30|971300|1.7|1.65|1.66|1.7|0.0||
ACRX|95|NASDAQ|2019|11|20|15|30|1318900|1.76|1.69|1.69|1.73|0.0||
ACRX|96|NASDAQ|2019|11|19|15|30|1269300|1.8|1.74|1.75|1.77|0.0||
ACRX|97|NASDAQ|2019|11|18|15|30|813900|1.77|1.69|1.76|1.7|0.0||
ACRX|98|NASDAQ|2019|11|15|15|30|1181800|1.75|1.67|1.68|1.75|0.0||
ACRX|99|NASDAQ|2019|11|14|15|30|765100|1.8|1.72|1.74|1.8|0.0||
ACRX|100|NASDAQ|2019|11|13|15|30|1443700|1.82|1.7|1.78|1.76|0.0||
ACRX|101|NASDAQ|2019|11|12|15|30|712500|1.81|1.74|1.78|1.81|0.0||
ACRX|102|NASDAQ|2019|11|11|15|30|2391600|1.9|1.74|1.78|1.88|0.0||
ACRX|103|NASDAQ|2019|11|8|15|30|1132800|2.01|1.91|1.94|2.0|0.0||
ACRX|104|NASDAQ|2019|11|7|15|30|1866800|2.06|1.85|2.0|2.04|0.0||
ACRX|105|NASDAQ|2019|11|6|15|30|1840000|2.06|1.89|1.91|2.04|0.0||
ACRX|106|NASDAQ|2019|11|5|15|30|964700|2.06|2.01|2.03|2.05|0.0||
ACRX|107|NASDAQ|2019|11|4|15|30|769600|2.08|2.03|2.05|2.04|0.0||
ACRX|108|NASDAQ|2019|11|1|14|30|848400|2.07|2.02|2.04|2.02|0.0||
ACRX|109|NASDAQ|2019|10|31|14|30|1039400|2.05|1.95|2.0|2.05|0.0||
ACRX|110|NASDAQ|2019|10|30|14|30|4153600|2.18|1.99|2.02|2.15|0.0||
ACRX|111|NASDAQ|2019|10|29|14|30|578100|2.2|2.13|2.16|2.2|0.0||
ACRX|112|NASDAQ|2019|10|28|14|30|327200|2.21|2.18|2.19|2.21|0.0||
ACRX|113|NASDAQ|2019|10|25|15|30|431400|2.22|2.16|2.21|2.18|0.0||
ACRX|114|NASDAQ|2019|10|24|15|30|253900|2.22|2.17|2.18|2.22|0.0||
ACRX|115|NASDAQ|2019|10|23|15|30|289700|2.23|2.17|2.21|2.2|0.0||
ACRX|116|NASDAQ|2019|10|22|15|30|351900|2.21|2.15|2.19|2.16|0.0||
ACRX|117|NASDAQ|2019|10|21|15|30|357300|2.23|2.18|2.19|2.22|0.0||
ACRX|118|NASDAQ|2019|10|18|15|30|313500|2.22|2.18|2.21|2.2|0.0||
ACRX|119|NASDAQ|2019|10|17|15|30|305700|2.22|2.19|2.21|2.2|0.0||
ACRX|120|NASDAQ|2019|10|16|15|30|381600|2.21|2.18|2.2|2.2|0.0||
ACRX|121|NASDAQ|2019|10|15|15|30|381500|2.22|2.16|2.2|2.18|0.0||
ACRX|122|NASDAQ|2019|10|14|15|30|245600|2.21|2.12|2.18|2.16|0.0||
ACRX|123|NASDAQ|2019|10|11|15|30|519800|2.21|2.12|2.19|2.13|||
ACRX|124|NASDAQ|2019|10|10|15|30|303800|2.13|2.05|2.11|2.07|||
ACRX|125|NASDAQ|2019|10|9|15|30|788100|2.14|2.01|2.08|2.11|||
ACRX|126|NASDAQ|2019|10|8|15|30|376200|2.14|2.09|2.11|2.13|||
ACTTU|1|NASDAQ|2020|4|7|15|30|0|10.59|10.59|10.59|10.59|||
ACTTU|2|NASDAQ|2020|4|6|15|30|0|10.59|10.59|10.59|10.59|||
ACTTU|3|NASDAQ|2020|4|3|15|30|0|10.59|10.59|10.59|10.59|||
ACTTU|4|NASDAQ|2020|4|2|15|30|0|10.59|10.59|10.59|10.59|||
ACTTU|5|NASDAQ|2020|4|1|15|30|0|10.59|10.59|10.59|10.59|0.0||
ACTTU|6|NASDAQ|2020|3|31|15|30|0|10.59|10.59|10.59|10.59|0.0||
ACTTU|7|NASDAQ|2020|3|30|15|30|0|10.59|10.59|10.59|10.59|0.0||
ACTTU|8|NASDAQ|2020|3|27|14|30|0|10.59|10.59|10.59|10.59|0.0||
ACTTU|9|NASDAQ|2020|3|26|14|30|0|10.59|10.59|10.59|10.59|0.0||
ACTTU|10|NASDAQ|2020|3|25|14|30|0|10.59|10.59|10.59|10.59|0.0||
ACTTU|11|NASDAQ|2020|3|24|14|30|0|10.59|10.59|10.59|10.59|0.0||
ACTTU|12|NASDAQ|2020|3|23|14|30|0|10.59|10.59|10.59|10.59|0.0||
ACTTU|13|NASDAQ|2020|3|20|14|30|0|10.59|10.59|10.59|10.59|0.0||
ACTTU|14|NASDAQ|2020|3|19|14|30|0|10.59|10.59|10.59|10.59|0.0||
ACTTU|15|NASDAQ|2020|3|18|14|30|0|10.59|10.59|10.59|10.59|0.0||
ACTTU|16|NASDAQ|2020|3|17|14|30|0|10.59|10.59|10.59|10.59|0.0||
ACTTU|17|NASDAQ|2020|3|16|14|30|4400|10.59|10.1|10.59|10.43|0.0||
ACTTU|18|NASDAQ|2020|3|13|14|30|0|11.0|11.0|11.0|11.0|0.0||
ACTTU|19|NASDAQ|2020|3|12|14|30|1100|11.0|11.0|11.0|11.0|0.0||
ACTTU|20|NASDAQ|2020|3|11|14|30|0|11.0|11.0|11.0|11.0|0.0||
ACTTU|21|NASDAQ|2020|3|10|14|30|0|11.0|11.0|11.0|11.0|0.0||
ACTTU|22|NASDAQ|2020|3|9|14|30|0|11.0|11.0|11.0|11.0|0.0||
ACTTU|23|NASDAQ|2020|3|6|15|30|0|11.0|11.0|11.0|11.0|0.0||
ACTTU|24|NASDAQ|2020|3|5|15|30|0|11.0|11.0|11.0|11.0|0.0||
ACTTU|25|NASDAQ|2020|3|4|15|30|0|11.0|11.0|11.0|11.0|0.0||
ACTTU|26|NASDAQ|2020|3|3|15|30|1000|11.0|11.0|11.0|11.0|0.0||
ACTTU|27|NASDAQ|2020|3|2|15|30|0|11.06|11.06|11.06|11.06|0.0||
ACTTU|28|NASDAQ|2020|2|28|15|30|0|11.06|11.06|11.06|11.06|0.0||
ACTTU|29|NASDAQ|2020|2|27|15|30|2200|11.06|10.928|11.06|10.928|0.0||
ACTTU|30|NASDAQ|2020|2|26|15|30|1200|11.05|11.0|11.05|11.0|0.0||
ACTTU|31|NASDAQ|2020|2|25|15|30|0|11.06|11.06|11.06|11.06|0.0||
ACTTU|32|NASDAQ|2020|2|24|15|30|0|11.06|11.06|11.06|11.06|0.0||
ACTTU|33|NASDAQ|2020|2|21|15|30|0|11.06|11.06|11.06|11.06|0.0||
ACTTU|34|NASDAQ|2020|2|20|15|30|1000|11.06|11.06|11.06|11.06|0.0||
ACTTU|35|NASDAQ|2020|2|19|15|30|0|11.1|11.1|11.1|11.1|0.0||
ACTTU|36|NASDAQ|2020|2|18|15|30|2300|11.15|11.01|11.1|11.01|0.0||
ACTTU|37|NASDAQ|2020|2|14|15|30|0|11.05|11.05|11.05|11.05|0.0||
ACTTU|38|NASDAQ|2020|2|13|15|30|1300|11.05|10.85|11.05|10.85|0.0||
ACTTU|39|NASDAQ|2020|2|12|15|30|0|10.6|10.6|10.6|10.6|0.0||
ACTTU|40|NASDAQ|2020|2|11|15|30|5300|10.703|10.59|10.6|10.703|0.0||
ACTTU|41|NASDAQ|2020|2|10|15|30|12400|10.75|10.73|10.75|10.73|0.0||
ACTTU|42|NASDAQ|2020|2|7|15|30|0|10.75|10.75|10.75|10.75|0.0||
ACTTU|43|NASDAQ|2020|2|6|15|30|0|10.75|10.75|10.75|10.75|0.0||
ACTTU|44|NASDAQ|2020|2|5|15|30|0|10.75|10.75|10.75|10.75|0.0||
ACTTU|45|NASDAQ|2020|2|4|15|30|500|10.75|10.75|10.75|10.75|0.0||
ACTTU|46|NASDAQ|2020|2|3|15|30|3100|10.78|10.307|10.75|10.78|0.0||
ACTTU|47|NASDAQ|2020|1|31|15|30|1400|10.81|10.7|10.81|10.7|0.0||
ACTTU|48|NASDAQ|2020|1|30|15|30|0|10.75|10.75|10.75|10.75|0.0||
ACTTU|49|NASDAQ|2020|1|29|15|30|0|10.75|10.75|10.75|10.75|0.0||
ACTTU|50|NASDAQ|2020|1|28|15|30|0|10.75|10.75|10.75|10.75|0.0||
ACTTU|51|NASDAQ|2020|1|27|15|30|0|10.75|10.75|10.75|10.75|0.0||
ACTTU|52|NASDAQ|2020|1|24|15|30|0|10.75|10.75|10.75|10.75|0.0||
ACTTU|53|NASDAQ|2020|1|23|15|30|0|10.75|10.75|10.75|10.75|0.0||
ACTTU|54|NASDAQ|2020|1|22|15|30|500|10.75|10.75|10.75|10.75|0.0||
ACTTU|55|NASDAQ|2020|1|21|15|30|0|10.61|10.61|10.61|10.61|0.0||
ACTTU|56|NASDAQ|2020|1|17|15|30|0|10.61|10.61|10.61|10.61|0.0||
ACTTU|57|NASDAQ|2020|1|16|15|30|100|10.61|10.61|10.61|10.61|0.0||
ACTTU|58|NASDAQ|2020|1|15|15|30|51000|10.73|10.3|10.5|10.73|0.0||
ACTTU|59|NASDAQ|2020|1|14|15|30|0|10.6|10.6|10.6|10.6|0.0||
ACTTU|60|NASDAQ|2020|1|13|15|30|1200|10.6|10.6|10.6|10.6|0.0||
ACTTU|61|NASDAQ|2020|1|10|15|30|0|10.65|10.65|10.65|10.65|0.0||
ACTTU|62|NASDAQ|2020|1|9|15|30|0|10.65|10.65|10.65|10.65|0.0||
ACTTU|63|NASDAQ|2020|1|8|15|30|0|10.65|10.65|10.65|10.65|0.0||
ACTTU|64|NASDAQ|2020|1|7|15|30|0|10.65|10.65|10.65|10.65|0.0||
ACTTU|65|NASDAQ|2020|1|6|15|30|2100|11.0|10.65|10.65|11.0|0.0||
ACTTU|66|NASDAQ|2020|1|3|15|30|0|10.6|10.6|10.6|10.6|0.0||
ACTTU|67|NASDAQ|2020|1|2|15|30|0|10.6|10.6|10.6|10.6|0.0||
ACTTU|68|NASDAQ|2019|12|31|15|30|0|10.6|10.6|10.6|10.6|0.0||
ACTTU|69|NASDAQ|2019|12|30|15|30|0|10.6|10.6|10.6|10.6|0.0||
ACTTU|70|NASDAQ|2019|12|27|15|30|0|10.6|10.6|10.6|10.6|0.0||
ACTTU|71|NASDAQ|2019|12|26|15|30|1400|11.0|10.599|10.6|11.0|0.0||
ACTTU|72|NASDAQ|2019|12|24|15|30|0|10.62|10.62|10.62|10.62|0.0||
ACTTU|73|NASDAQ|2019|12|23|15|30|0|10.62|10.62|10.62|10.62|0.0||
ACTTU|74|NASDAQ|2019|12|20|15|30|26200|11.0|10.37|10.62|11.0|0.0||
ACTTU|75|NASDAQ|2019|12|19|15|30|400|10.5|10.5|10.5|10.5|0.0||
ACTTU|76|NASDAQ|2019|12|18|15|30|100|10.411|10.411|10.411|10.411|0.0||
ACTTU|77|NASDAQ|2019|12|17|15|30|300|10.38|10.38|10.38|10.38|0.0||
ACTTU|78|NASDAQ|2019|12|16|15|30|0|10.325|10.325|10.325|10.325|0.0||
ACTTU|79|NASDAQ|2019|12|13|15|30|100|10.325|10.325|10.325|10.325|0.0||
ACTTU|80|NASDAQ|2019|12|12|15|30|0|10.395|10.395|10.395|10.395|0.0||
ACTTU|81|NASDAQ|2019|12|11|15|30|300|10.44|10.395|10.395|10.44|0.0||
ACTTU|82|NASDAQ|2019|12|10|15|30|600|10.46|10.46|10.46|10.46|0.0||
ACTTU|83|NASDAQ|2019|12|9|15|30|200|10.48|10.48|10.48|10.48|0.0||
ACTTU|84|NASDAQ|2019|12|6|15|30|200|10.394|10.394|10.394|10.394|0.0||
ACTTU|85|NASDAQ|2019|12|5|15|30|0|10.4|10.4|10.4|10.4|0.0||
ACTTU|86|NASDAQ|2019|12|4|15|30|200|10.4|10.4|10.4|10.4|0.0||
ACTTU|87|NASDAQ|2019|12|3|15|30|0|10.42|10.42|10.42|10.42|0.0||
ACTTU|88|NASDAQ|2019|12|2|15|30|400|10.42|10.42|10.42|10.42|0.0||
ACTTU|89|NASDAQ|2019|11|29|15|30|3600|10.425|10.425|10.425|10.425|0.0||
ACTTU|90|NASDAQ|2019|11|27|15|30|400|10.42|10.42|10.42|10.42|0.0||
ACTTU|91|NASDAQ|2019|11|26|15|30|400|10.43|10.43|10.43|10.43|0.0||
ACTTU|92|NASDAQ|2019|11|25|15|30|1500|10.5|10.282|10.43|10.5|0.0||
ACTTU|93|NASDAQ|2019|11|22|15|30|50000|10.45|10.16|10.443|10.16|0.0||
ACTTU|94|NASDAQ|2019|11|21|15|30|7200|10.44|10.25|10.44|10.25|0.0||
ACTTU|95|NASDAQ|2019|11|20|15|30|1500|10.45|10.405|10.45|10.44|0.0||
ACTTU|96|NASDAQ|2019|11|19|15|30|50300|10.45|10.43|10.45|10.43|0.0||
ACTTU|97|NASDAQ|2019|11|18|15|30|3700|10.44|10.39|10.44|10.4|0.0||
ACTTU|98|NASDAQ|2019|11|15|15|30|300|10.45|10.45|10.45|10.45|0.0||
ACTTU|99|NASDAQ|2019|11|14|15|30|300|10.45|10.45|10.45|10.45|0.0||
ACTTU|100|NASDAQ|2019|11|13|15|30|100|10.419|10.419|10.419|10.419|0.0||
ACTTU|101|NASDAQ|2019|11|12|15|30|0|10.42|10.42|10.42|10.42|0.0||
ACTTU|102|NASDAQ|2019|11|11|15|30|56800|10.42|10.42|10.42|10.42|0.0||
ACTTU|103|NASDAQ|2019|11|8|15|30|21900|10.42|10.39|10.4|10.4|0.0||
ACTTU|104|NASDAQ|2019|11|7|15|30|126100|10.45|10.29|10.42|10.29|0.0||
ACTTU|105|NASDAQ|2019|11|6|15|30|0|10.42|10.42|10.42|10.42|0.0||
ACTTU|106|NASDAQ|2019|11|5|15|30|7200|10.43|10.42|10.42|10.43|0.0||
ACTTU|107|NASDAQ|2019|11|4|15|30|0|10.41|10.41|10.41|10.41|0.0||
ACTTU|108|NASDAQ|2019|11|1|14|30|0|10.41|10.41|10.41|10.41|0.0||
ACTTU|109|NASDAQ|2019|10|31|14|30|2100|10.42|10.286|10.41|10.286|0.0||
ACTTU|110|NASDAQ|2019|10|30|14|30|300|10.4|10.4|10.4|10.4|0.0||
ACTTU|111|NASDAQ|2019|10|29|14|30|5400|10.43|10.405|10.405|10.43|0.0||
ACTTU|112|NASDAQ|2019|10|28|14|30|0|10.4|10.4|10.4|10.4|0.0||
ACTTU|113|NASDAQ|2019|10|25|15|30|0|10.4|10.4|10.4|10.4|0.0||
ACTTU|114|NASDAQ|2019|10|24|15|30|1400|10.4|10.38|10.4|10.39|0.0||
ACTTU|115|NASDAQ|2019|10|23|15|30|125000|10.4|10.4|10.4|10.4|0.0||
ACTTU|116|NASDAQ|2019|10|22|15|30|100|10.37|10.37|10.37|10.37|0.0||
ACTTU|117|NASDAQ|2019|10|21|15|30|100|10.37|10.37|10.37|10.37|0.0||
ACTTU|118|NASDAQ|2019|10|18|15|30|6200|10.4|10.206|10.39|10.4|0.0||
ACTTU|119|NASDAQ|2019|10|17|15|30|2000|10.378|10.378|10.378|10.378|0.0||
ACTTU|120|NASDAQ|2019|10|16|15|30|25000|10.4|10.4|10.4|10.4|0.0||
ACTTU|121|NASDAQ|2019|10|15|15|30|200|10.37|10.37|10.37|10.37|0.0||
ACTTU|122|NASDAQ|2019|10|14|15|30|2500|10.4|10.4|10.4|10.4|||
ACTTU|123|NASDAQ|2019|10|11|15|30|2400|10.38|10.38|10.38|10.38|||
ACTTU|124|NASDAQ|2019|10|10|15|30|0|10.4|10.4|10.4|10.4|||
ACTTU|125|NASDAQ|2019|10|9|15|30|200|10.95|10.4|10.4|10.95|||
ACTTU|126|NASDAQ|2019|10|8|15|30|0|10.4|10.4|10.4|10.4|||
ADAP|0|NASDAQ|2020|4|8|20|6|52954|2.89|2.77|2.86|2.85|||
ADAP|1|NASDAQ|2020|4|7|15|30|148100|3.05|2.81|2.83|3.05|||
ADAP|2|NASDAQ|2020|4|6|15|30|189700|3.023|2.6|3.0|2.7|||
ADAP|3|NASDAQ|2020|4|3|15|30|80200|2.94|2.57|2.63|2.82|||
ADAP|4|NASDAQ|2020|4|2|15|30|288400|2.87|2.54|2.87|2.59|||
ADAP|5|NASDAQ|2020|4|1|15|30|194200|2.84|2.52|2.58|2.52|0.0||
ADAP|6|NASDAQ|2020|3|31|15|30|137900|2.87|2.551|2.72|2.69|0.0||
ADAP|7|NASDAQ|2020|3|30|15|30|254500|2.92|2.72|2.75|2.92|0.0||
ADAP|8|NASDAQ|2020|3|27|14|30|580200|3.025|2.69|2.85|2.84|0.0||
ADAP|9|NASDAQ|2020|3|26|14|30|193300|3.0|2.78|2.86|2.85|0.0||
ADAP|10|NASDAQ|2020|3|25|14|30|362400|3.23|2.77|2.84|3.1|0.0||
ADAP|11|NASDAQ|2020|3|24|14|30|449100|3.09|2.84|3.08|2.86|0.0||
ADAP|12|NASDAQ|2020|3|23|14|30|309600|2.92|2.5|2.81|2.5|0.0||
ADAP|13|NASDAQ|2020|3|20|14|30|365400|2.91|2.56|2.62|2.81|0.0||
ADAP|14|NASDAQ|2020|3|19|14|30|300300|2.84|2.55|2.77|2.56|0.0||
ADAP|15|NASDAQ|2020|3|18|14|30|505800|2.84|2.5|2.61|2.6|1.0||
ADAP|16|NASDAQ|2020|3|17|14|30|359400|2.79|2.26|2.72|2.26|0.0||
ADAP|17|NASDAQ|2020|3|16|14|30|1087000|2.7|2.0|2.25|2.2|1.0||
ADAP|18|NASDAQ|2020|3|13|14|30|471900|2.78|2.5|2.72|2.52|0.0||
ADAP|19|NASDAQ|2020|3|12|14|30|606500|2.9|2.46|2.63|2.8|0.0||
ADAP|20|NASDAQ|2020|3|11|14|30|406200|3.03|2.845|2.94|2.99|0.0||
ADAP|21|NASDAQ|2020|3|10|14|30|497400|3.085|2.85|3.06|3.0|0.0||
ADAP|22|NASDAQ|2020|3|9|14|30|562800|3.32|2.94|2.96|3.28|0.0||
ADAP|23|NASDAQ|2020|3|6|15|30|295400|3.66|3.41|3.49|3.66|0.0||
ADAP|24|NASDAQ|2020|3|5|15|30|399800|3.77|3.26|3.72|3.38|0.0||
ADAP|25|NASDAQ|2020|3|4|15|30|441800|3.61|3.41|3.46|3.58|0.0||
ADAP|26|NASDAQ|2020|3|3|15|30|338100|3.67|3.43|3.5|3.51|0.0||
ADAP|27|NASDAQ|2020|3|2|15|30|364500|3.67|3.49|3.55|3.65|0.0||
ADAP|28|NASDAQ|2020|2|28|15|30|445000|3.65|3.38|3.62|3.42|0.0||
ADAP|29|NASDAQ|2020|2|27|15|30|815200|3.7|3.26|3.66|3.45|0.0||
ADAP|30|NASDAQ|2020|2|26|15|30|400400|3.66|3.44|3.51|3.48|0.0||
ADAP|31|NASDAQ|2020|2|25|15|30|538700|3.6|3.41|3.42|3.6|0.0||
ADAP|32|NASDAQ|2020|2|24|15|30|563600|3.835|3.33|3.58|3.62|0.0||
ADAP|33|NASDAQ|2020|2|21|15|30|617900|3.97|3.66|3.75|3.94|0.0||
ADAP|34|NASDAQ|2020|2|20|15|30|547000|4.01|3.84|3.95|3.96|0.0||
ADAP|35|NASDAQ|2020|2|19|15|30|286500|4.099|3.9|3.98|4.03|0.0||
ADAP|36|NASDAQ|2020|2|18|15|30|771200|4.37|3.93|4.02|4.13|0.0||
ADAP|37|NASDAQ|2020|2|14|15|30|524600|4.05|3.82|4.02|3.96|0.0||
ADAP|38|NASDAQ|2020|2|13|15|30|597100|4.17|3.87|3.97|4.13|0.0||
ADAP|39|NASDAQ|2020|2|12|15|30|492800|4.24|4.06|4.17|4.19|0.0||
ADAP|40|NASDAQ|2020|2|11|15|30|489800|4.28|4.02|4.16|4.22|0.0||
ADAP|41|NASDAQ|2020|2|10|15|30|269500|4.22|4.01|4.19|4.06|0.0||
ADAP|42|NASDAQ|2020|2|7|15|30|392000|4.17|4.01|4.08|4.05|0.0||
ADAP|43|NASDAQ|2020|2|6|15|30|865500|4.57|4.0|4.15|4.5|0.0||
ADAP|44|NASDAQ|2020|2|5|15|30|1714400|4.65|4.02|4.5|4.04|0.0||
ADAP|45|NASDAQ|2020|2|4|15|30|972400|4.052|3.8|4.04|3.95|0.0||
ADAP|46|NASDAQ|2020|2|3|15|30|703900|4.05|3.91|4.04|3.91|0.0||
ADAP|47|NASDAQ|2020|1|31|15|30|583000|4.0|3.82|3.9|4.0|0.0||
ADAP|48|NASDAQ|2020|1|30|15|30|677900|4.05|3.9|4.0|3.98|0.0||
ADAP|49|NASDAQ|2020|1|29|15|30|2055100|4.345|3.98|4.05|4.08|0.0||
ADAP|50|NASDAQ|2020|1|28|15|30|1677600|4.19|3.68|3.96|3.68|0.0||
ADAP|51|NASDAQ|2020|1|27|15|30|931400|3.89|3.62|3.68|3.84|0.0||
ADAP|52|NASDAQ|2020|1|24|15|30|2035000|4.087|3.81|3.92|4.03|0.0||
ADAP|53|NASDAQ|2020|1|23|15|30|833700|4.13|4.0|4.03|4.03|0.0||
ADAP|54|NASDAQ|2020|1|22|15|30|4032300|4.6|4.0|4.0|4.38|0.0||
ADAP|55|NASDAQ|2020|1|21|15|30|1663400|4.43|3.7|4.14|4.43|0.0||
ADAP|56|NASDAQ|2020|1|17|15|30|1885700|4.83|4.3|4.52|4.51|0.0||
ADAP|57|NASDAQ|2020|1|16|15|30|2986900|4.72|4.11|4.49|4.18|0.0||
ADAP|58|NASDAQ|2020|1|15|15|30|4749900|4.5|3.48|4.44|3.67|0.0||
ADAP|59|NASDAQ|2020|1|14|15|30|22122400|6.0|3.9|4.04|5.53|0.0||
ADAP|60|NASDAQ|2020|1|13|15|30|56057700|5.84|2.1|3.99|2.2|0.0||
ADAP|61|NASDAQ|2020|1|10|15|30|325300|1.42|1.3|1.33|1.38|1.0||
ADAP|62|NASDAQ|2020|1|9|15|30|385100|1.43|1.26|1.37|1.27|1.0||
ADAP|63|NASDAQ|2020|1|8|15|30|144000|1.29|1.23|1.26|1.25|1.0||
ADAP|64|NASDAQ|2020|1|7|15|30|164300|1.27|1.2|1.27|1.22|1.0||
ADAP|65|NASDAQ|2020|1|6|15|30|220700|1.21|1.16|1.21|1.2|0.0||
ADAP|66|NASDAQ|2020|1|3|15|30|230800|1.23|1.16|1.2|1.23|1.0||
ADAP|67|NASDAQ|2020|1|2|15|30|345900|1.25|1.15|1.22|1.22|0.0||
ADAP|68|NASDAQ|2019|12|31|15|30|412500|1.27|1.16|1.2|1.21|0.0||
ADAP|69|NASDAQ|2019|12|30|15|30|667700|1.39|1.15|1.16|1.39|0.0||
ADAP|70|NASDAQ|2019|12|27|15|30|341800|1.4|1.37|1.38|1.4|0.0||
ADAP|71|NASDAQ|2019|12|26|15|30|463400|1.41|1.32|1.38|1.37|0.0||
ADAP|72|NASDAQ|2019|12|24|15|30|291200|1.39|1.3|1.35|1.35|0.0||
ADAP|73|NASDAQ|2019|12|23|15|30|488000|1.38|1.28|1.33|1.36|0.0||
ADAP|74|NASDAQ|2019|12|20|15|30|1777200|1.394|1.28|1.31|1.38|0.0||
ADAP|75|NASDAQ|2019|12|19|15|30|1181600|1.44|1.31|1.39|1.36|0.0||
ADAP|76|NASDAQ|2019|12|18|15|30|614400|1.38|1.23|1.34|1.28|0.0||
ADAP|77|NASDAQ|2019|12|17|15|30|658600|1.37|1.18|1.28|1.36|0.0||
ADAP|78|NASDAQ|2019|12|16|15|30|623300|1.39|1.2|1.33|1.25|0.0||
ADAP|79|NASDAQ|2019|12|13|15|30|281500|1.29|1.17|1.22|1.26|0.0||
ADAP|80|NASDAQ|2019|12|12|15|30|499500|1.3|1.16|1.24|1.23|0.0||
ADAP|81|NASDAQ|2019|12|11|15|30|441700|1.3|1.13|1.22|1.15|0.0||
ADAP|82|NASDAQ|2019|12|10|15|30|234000|1.19|1.12|1.15|1.16|1.0||
ADAP|83|NASDAQ|2019|12|9|15|30|235600|1.18|1.09|1.14|1.18|0.0||
ADAP|84|NASDAQ|2019|12|6|15|30|703500|1.19|1.03|1.12|1.15|0.0||
ADAP|85|NASDAQ|2019|12|5|15|30|518200|1.23|1.08|1.14|1.23|0.0||
ADAP|86|NASDAQ|2019|12|4|15|30|477200|1.29|1.17|1.22|1.26|0.0||
ADAP|87|NASDAQ|2019|12|3|15|30|604700|1.29|1.17|1.26|1.29|0.0||
ADAP|88|NASDAQ|2019|12|2|15|30|640000|1.21|1.04|1.19|1.16|0.0||
ADAP|89|NASDAQ|2019|11|29|15|30|339100|1.17|0.96|1.17|0.97|0.0||
ADAP|90|NASDAQ|2019|11|27|15|30|205300|0.96|0.861|0.955|0.909|1.0||
ADAP|91|NASDAQ|2019|11|26|15|30|220400|0.92|0.85|0.901|0.8740000000000001|1.0||
ADAP|92|NASDAQ|2019|11|25|15|30|579900|0.97|0.84|0.88|0.84|1.0||
ADAP|93|NASDAQ|2019|11|22|15|30|222700|0.877|0.79|0.836|0.835|1.0||
ADAP|94|NASDAQ|2019|11|21|15|30|328000|0.94|0.81|0.82|0.885|1.0||
ADAP|95|NASDAQ|2019|11|20|15|30|593800|0.91|0.75|0.87|0.8|0.0||
ADAP|96|NASDAQ|2019|11|19|15|30|421700|0.82|0.74|0.81|0.74|0.0||
ADAP|97|NASDAQ|2019|11|18|15|30|207700|0.8|0.73|0.764|0.76|0.0||
ADAP|98|NASDAQ|2019|11|15|15|30|341300|0.85|0.7090000000000001|0.725|0.8190000000000001|1.0||
ADAP|99|NASDAQ|2019|11|14|15|30|398400|0.897|0.782|0.8|0.8490000000000001|0.0||
ADAP|100|NASDAQ|2019|11|13|15|30|135500|0.906|0.8029999999999999|0.85|0.862|0.0||
ADAP|101|NASDAQ|2019|11|12|15|30|457600|0.919|0.8240000000000001|0.856|0.845|0.0||
ADAP|102|NASDAQ|2019|11|11|15|30|367700|0.95|0.8|0.818|0.9|0.0||
ADAP|103|NASDAQ|2019|11|8|15|30|266200|0.97|0.85|0.884|0.9|0.0||
ADAP|104|NASDAQ|2019|11|7|15|30|213900|0.97|0.89|0.9|0.92|0.0||
ADAP|105|NASDAQ|2019|11|6|15|30|555400|1.04|0.9|0.92|0.95|0.0||
ADAP|106|NASDAQ|2019|11|5|15|30|389700|1.17|1.08|1.1|1.17|0.0||
ADAP|107|NASDAQ|2019|11|4|15|30|443900|1.1|0.98|1.1|1.0|0.0||
ADAP|108|NASDAQ|2019|11|1|14|30|284700|0.97|0.878|0.96|0.88|0.0||
ADAP|109|NASDAQ|2019|10|31|14|30|249300|0.94|0.86|0.88|0.88|0.0||
ADAP|110|NASDAQ|2019|10|30|14|30|156800|0.9|0.862|0.88|0.885|0.0||
ADAP|111|NASDAQ|2019|10|29|14|30|148400|0.9|0.87|0.89|0.8809999999999999|1.0||
ADAP|112|NASDAQ|2019|10|28|14|30|139600|0.9|0.871|0.898|0.9|0.0||
ADAP|113|NASDAQ|2019|10|25|15|30|356200|0.9|0.8290000000000001|0.8859999999999999|0.889|0.0||
ADAP|114|NASDAQ|2019|10|24|15|30|307800|1.0|0.86|0.894|0.996|0.0||
ADAP|115|NASDAQ|2019|10|23|15|30|107800|1.01|0.975|0.994|0.997|0.0||
ADAP|116|NASDAQ|2019|10|22|15|30|180200|1.01|0.975|0.997|0.993|0.0||
ADAP|117|NASDAQ|2019|10|21|15|30|156000|1.02|0.968|0.99|0.995|0.0||
ADAP|118|NASDAQ|2019|10|18|15|30|1077000|1.1|0.95|0.969|1.07|0.0||
ADAP|119|NASDAQ|2019|10|17|15|30|255800|1.074|0.97|1.0|1.02|0.0||
ADAP|120|NASDAQ|2019|10|16|15|30|202000|1.05|0.98|1.0|1.03|0.0||
ADAP|121|NASDAQ|2019|10|15|15|30|264300|1.09|1.0|1.02|1.04|0.0||
ADAP|122|NASDAQ|2019|10|14|15|30|261600|1.11|1.02|1.02|1.06|0.0||
ADAP|123|NASDAQ|2019|10|11|15|30|1095900|1.17|1.06|1.06|1.09|||
ADAP|124|NASDAQ|2019|10|10|15|30|395800|1.13|1.02|1.08|1.06|||
ADAP|125|NASDAQ|2019|10|9|15|30|355700|1.14|1.01|1.08|1.05|||
ADAP|126|NASDAQ|2019|10|8|15|30|1264600|1.12|0.96|1.01|1.06|||
ADMA|0|NASDAQ|2020|4|8|20|14|842786|2.98|2.8|2.85|2.98|||
ADMA|1|NASDAQ|2020|4|7|15|30|2256900|3.25|2.861|2.94|3.17|||
ADMA|2|NASDAQ|2020|4|6|15|30|2955500|3.35|3.1|3.18|3.25|||
ADMA|3|NASDAQ|2020|4|3|15|30|4635200|3.12|2.5|3.09|2.58|||
ADMA|4|NASDAQ|2020|4|2|15|30|1160000|2.61|2.42|2.59|2.52|||
ADMA|5|NASDAQ|2020|4|1|15|30|1650600|2.774|2.435|2.46|2.74|1.0||
ADMA|6|NASDAQ|2020|3|31|15|30|2042000|2.93|2.655|2.88|2.84|0.0||
ADMA|7|NASDAQ|2020|3|30|15|30|2567800|3.15|2.78|2.87|3.13|0.0||
ADMA|8|NASDAQ|2020|3|27|14|30|2572400|3.225|2.86|3.07|2.97|0.0||
ADMA|9|NASDAQ|2020|3|26|14|30|2598800|3.11|2.82|3.11|2.95|0.0||
ADMA|10|NASDAQ|2020|3|25|14|30|3784100|3.45|2.86|2.98|2.98|0.0||
ADMA|11|NASDAQ|2020|3|24|14|30|5013300|3.2|2.6|2.88|3.05|0.0||
ADMA|12|NASDAQ|2020|3|23|14|30|14843800|3.49|2.33|3.06|2.49|0.0||
ADMA|13|NASDAQ|2020|3|20|14|30|6165300|2.55|2.09|2.25|2.35|1.0||
ADMA|14|NASDAQ|2020|3|19|14|30|3792500|2.355|1.536|2.11|1.55|1.0||
ADMA|15|NASDAQ|2020|3|18|14|30|3348800|1.94|1.45|1.5|1.89|1.0||
ADMA|16|NASDAQ|2020|3|17|14|30|2992900|2.05|1.73|2.0|1.83|0.0||
ADMA|17|NASDAQ|2020|3|16|14|30|2465800|1.99|1.77|1.8|1.84|0.0||
ADMA|18|NASDAQ|2020|3|13|14|30|3534700|2.42|1.92|2.16|2.4|0.0||
ADMA|19|NASDAQ|2020|3|12|14|30|5155600|2.43|1.76|2.19|1.85|0.0||
ADMA|20|NASDAQ|2020|3|11|14|30|1244400|2.565|2.286|2.31|2.48|0.0||
ADMA|21|NASDAQ|2020|3|10|14|30|3628700|2.86|2.264|2.59|2.86|0.0||
ADMA|22|NASDAQ|2020|3|9|14|30|2440000|2.91|2.59|2.67|2.79|0.0||
ADMA|23|NASDAQ|2020|3|6|15|30|2539400|3.17|2.93|2.99|3.1|0.0||
ADMA|24|NASDAQ|2020|3|5|15|30|2856500|3.44|3.15|3.2|3.31|0.0||
ADMA|25|NASDAQ|2020|3|4|15|30|5562800|3.7|3.07|3.39|3.07|0.0||
ADMA|26|NASDAQ|2020|3|3|15|30|3347200|3.22|2.93|3.0|3.1|0.0||
ADMA|27|NASDAQ|2020|3|2|15|30|1930000|3.056|2.88|2.97|3.0|0.0||
ADMA|28|NASDAQ|2020|2|28|15|30|3806500|3.2|2.82|2.915|3.15|0.0||
ADMA|29|NASDAQ|2020|2|27|15|30|2294000|3.189|2.92|2.92|3.13|1.0||
ADMA|30|NASDAQ|2020|2|26|15|30|1538100|3.41|3.15|3.19|3.35|0.0||
ADMA|31|NASDAQ|2020|2|25|15|30|2783300|3.62|3.15|3.33|3.52|0.0||
ADMA|32|NASDAQ|2020|2|24|15|30|2107100|3.67|3.4|3.5|3.52|0.0||
ADMA|33|NASDAQ|2020|2|21|15|30|2295000|3.94|3.67|3.67|3.93|0.0||
ADMA|34|NASDAQ|2020|2|20|15|30|1769500|3.98|3.78|3.93|3.85|0.0||
ADMA|35|NASDAQ|2020|2|19|15|30|2452800|3.94|3.6|3.87|3.71|0.0||
ADMA|36|NASDAQ|2020|2|18|15|30|2814100|3.72|3.49|3.71|3.55|0.0||
ADMA|37|NASDAQ|2020|2|14|15|30|1269200|3.56|3.46|3.51|3.53|0.0||
ADMA|38|NASDAQ|2020|2|13|15|30|2168700|3.64|3.45|3.51|3.6|0.0||
ADMA|39|NASDAQ|2020|2|12|15|30|3293600|3.8|3.555|3.58|3.8|0.0||
ADMA|40|NASDAQ|2020|2|11|15|30|4968400|3.64|3.43|3.585|3.55|0.0||
ADMA|41|NASDAQ|2020|2|10|15|30|2000400|3.46|3.33|3.46|3.33|0.0||
ADMA|42|NASDAQ|2020|2|7|15|30|8379600|3.539|3.3|3.315|3.38|0.0||
ADMA|43|NASDAQ|2020|2|6|15|30|686100|4.15|3.96|4.0|4.15|0.0||
ADMA|44|NASDAQ|2020|2|5|15|30|529500|4.19|3.99|4.09|3.99|0.0||
ADMA|45|NASDAQ|2020|2|4|15|30|658100|4.11|3.88|3.955|4.08|0.0||
ADMA|46|NASDAQ|2020|2|3|15|30|446600|4.06|3.88|4.01|4.01|0.0||
ADMA|47|NASDAQ|2020|1|31|15|30|479800|4.0760000000000005|3.9|3.96|4.05|0.0||
ADMA|48|NASDAQ|2020|1|30|15|30|1149000|4.14|3.95|4.08|4.11|0.0||
ADMA|49|NASDAQ|2020|1|29|15|30|573700|4.18|4.07|4.14|4.1|0.0||
ADMA|50|NASDAQ|2020|1|28|15|30|799700|4.25|4.0|4.1|4.17|0.0||
ADMA|51|NASDAQ|2020|1|27|15|30|477200|4.299|4.08|4.16|4.16|0.0||
ADMA|52|NASDAQ|2020|1|24|15|30|1080600|4.59|4.16|4.26|4.54|0.0||
ADMA|53|NASDAQ|2020|1|23|15|30|476700|4.6|4.44|4.54|4.54|0.0||
ADMA|54|NASDAQ|2020|1|22|15|30|580800|4.64|4.44|4.57|4.44|0.0||
ADMA|55|NASDAQ|2020|1|21|15|30|730800|4.47|4.28|4.44|4.45|0.0||
ADMA|56|NASDAQ|2020|1|17|15|30|756700|4.65|4.39|4.46|4.61|0.0||
ADMA|57|NASDAQ|2020|1|16|15|30|834900|4.64|4.44|4.59|4.44|0.0||
ADMA|58|NASDAQ|2020|1|15|15|30|514100|4.53|4.325|4.4|4.44|0.0||
ADMA|59|NASDAQ|2020|1|14|15|30|692600|4.5|4.24|4.44|4.32|0.0||
ADMA|60|NASDAQ|2020|1|13|15|30|948300|4.596|4.29|4.35|4.48|0.0||
ADMA|61|NASDAQ|2020|1|10|15|30|1266900|4.615|4.425|4.51|4.5|0.0||
ADMA|62|NASDAQ|2020|1|9|15|30|3149600|4.62|4.1|4.4|4.15|0.0||
ADMA|63|NASDAQ|2020|1|8|15|30|776000|3.8|3.63|3.72|3.78|1.0||
ADMA|64|NASDAQ|2020|1|7|15|30|867400|3.92|3.68|3.76|3.83|1.0||
ADMA|65|NASDAQ|2020|1|6|15|30|699200|3.779|3.56|3.67|3.77|1.0||
ADMA|66|NASDAQ|2020|1|3|15|30|689900|3.88|3.75|3.76|3.88|1.0||
ADMA|67|NASDAQ|2020|1|2|15|30|695400|4.04|3.86|3.935|4.04|0.0||
ADMA|68|NASDAQ|2019|12|31|15|30|911200|4.07|3.91|4.0|3.91|0.0||
ADMA|69|NASDAQ|2019|12|30|15|30|612200|3.97|3.88|3.92|3.95|0.0||
ADMA|70|NASDAQ|2019|12|27|15|30|475500|4.04|3.89|3.95|4.04|0.0||
ADMA|71|NASDAQ|2019|12|26|15|30|587000|4.149|3.98|4.05|4.08|0.0||
ADMA|72|NASDAQ|2019|12|24|15|30|236300|4.2|4.08|4.09|4.2|0.0||
ADMA|73|NASDAQ|2019|12|23|15|30|666300|4.29|4.16|4.22|4.28|0.0||
ADMA|74|NASDAQ|2019|12|20|15|30|1428100|4.25|4.06|4.23|4.21|0.0||
ADMA|75|NASDAQ|2019|12|19|15|30|677600|4.26|4.11|4.17|4.17|0.0||
ADMA|76|NASDAQ|2019|12|18|15|30|644500|4.22|4.05|4.15|4.08|0.0||
ADMA|77|NASDAQ|2019|12|17|15|30|775900|4.1|3.85|4.06|4.04|0.0||
ADMA|78|NASDAQ|2019|12|16|15|30|967800|4.13|3.9|3.98|4.13|0.0||
ADMA|79|NASDAQ|2019|12|13|15|30|474300|4.184|4.06|4.08|4.13|0.0||
ADMA|80|NASDAQ|2019|12|12|15|30|601800|4.2|4.06|4.14|4.17|0.0||
ADMA|81|NASDAQ|2019|12|11|15|30|585600|4.175|4.055|4.17|4.09|0.0||
ADMA|82|NASDAQ|2019|12|10|15|30|776400|4.165|4.05|4.09|4.11|0.0||
ADMA|83|NASDAQ|2019|12|9|15|30|609000|4.39|4.122|4.15|4.3|0.0||
ADMA|84|NASDAQ|2019|12|6|15|30|834500|4.35|4.07|4.32|4.17|0.0||
ADMA|85|NASDAQ|2019|12|5|15|30|741400|4.35|4.08|4.13|4.25|0.0||
ADMA|86|NASDAQ|2019|12|4|15|30|906400|4.43|4.18|4.23|4.4|0.0||
ADMA|87|NASDAQ|2019|12|3|15|30|829400|4.77|4.31|4.36|4.62|0.0||
ADMA|88|NASDAQ|2019|12|2|15|30|406700|4.79|4.52|4.69|4.78|0.0||
ADMA|89|NASDAQ|2019|11|29|15|30|294400|4.95|4.65|4.75|4.65|0.0||
ADMA|90|NASDAQ|2019|11|27|15|30|711400|4.73|4.5|4.71|4.57|0.0||
ADMA|91|NASDAQ|2019|11|26|15|30|713100|4.57|4.375|4.57|4.38|0.0||
ADMA|92|NASDAQ|2019|11|25|15|30|597400|4.58|4.4|4.43|4.53|0.0||
ADMA|93|NASDAQ|2019|11|22|15|30|488400|4.54|4.42|4.48|4.49|0.0||
ADMA|94|NASDAQ|2019|11|21|15|30|791800|4.52|4.245|4.46|4.3|0.0||
ADMA|95|NASDAQ|2019|11|20|15|30|1253800|4.59|4.21|4.32|4.32|0.0||
ADMA|96|NASDAQ|2019|11|19|15|30|602300|4.36|4.06|4.3|4.09|0.0||
ADMA|97|NASDAQ|2019|11|18|15|30|683300|4.1610000000000005|3.94|4.07|4.15|0.0||
ADMA|98|NASDAQ|2019|11|15|15|30|637900|4.2|3.95|4.14|4.06|0.0||
ADMA|99|NASDAQ|2019|11|14|15|30|833100|4.35|4.02|4.05|4.32|0.0||
ADMA|100|NASDAQ|2019|11|13|15|30|545700|4.45|4.15|4.33|4.16|0.0||
ADMA|101|NASDAQ|2019|11|12|15|30|811900|4.47|4.175|4.19|4.4|0.0||
ADMA|102|NASDAQ|2019|11|11|15|30|716400|4.465|4.17|4.39|4.25|0.0||
ADMA|103|NASDAQ|2019|11|8|15|30|940200|4.64|4.25|4.31|4.61|0.0||
ADMA|104|NASDAQ|2019|11|7|15|30|1295500|5.08|4.48|4.52|5.04|0.0||
ADMA|105|NASDAQ|2019|11|6|15|30|722700|5.23|4.88|4.98|5.15|0.0||
ADMA|106|NASDAQ|2019|11|5|15|30|351500|5.22|5.075|5.14|5.15|0.0||
ADMA|107|NASDAQ|2019|11|4|15|30|611500|5.25|4.97|5.15|5.0|0.0||
ADMA|108|NASDAQ|2019|11|1|14|30|369200|5.05|4.83|4.97|4.89|0.0||
ADMA|109|NASDAQ|2019|10|31|14|30|356100|4.92|4.72|4.89|4.89|0.0||
ADMA|110|NASDAQ|2019|10|30|14|30|424500|5.03|4.777|4.91|4.94|0.0||
ADMA|111|NASDAQ|2019|10|29|14|30|631600|5.15|4.69|4.94|4.76|0.0||
ADMA|112|NASDAQ|2019|10|28|14|30|422200|4.9|4.7|4.76|4.77|0.0||
ADMA|113|NASDAQ|2019|10|25|15|30|309200|4.86|4.63|4.77|4.68|0.0||
ADMA|114|NASDAQ|2019|10|24|15|30|411000|4.8|4.57|4.68|4.7|0.0||
ADMA|115|NASDAQ|2019|10|23|15|30|526300|4.8|4.55|4.71|4.73|0.0||
ADMA|116|NASDAQ|2019|10|22|15|30|880800|5.03|4.45|4.78|4.92|0.0||
ADMA|117|NASDAQ|2019|10|21|15|30|753000|4.89|4.35|4.77|4.48|0.0||
ADMA|118|NASDAQ|2019|10|18|15|30|427500|4.49|4.31|4.48|4.43|0.0||
ADMA|119|NASDAQ|2019|10|17|15|30|928600|4.78|4.35|4.42|4.36|0.0||
ADMA|120|NASDAQ|2019|10|16|15|30|758800|4.44|4.15|4.34|4.18|0.0||
ADMA|121|NASDAQ|2019|10|15|15|30|836100|4.26|3.9|4.17|3.93|1.0||
ADMA|122|NASDAQ|2019|10|14|15|30|291900|4.02|3.88|3.91|3.95|1.0||
ADMA|123|NASDAQ|2019|10|11|15|30|604800|4.06|3.913|3.955|3.95|||
ADMA|124|NASDAQ|2019|10|10|15|30|442400|3.97|3.819|3.9|3.86|||
ADMA|125|NASDAQ|2019|10|9|15|30|442100|4.0|3.77|3.89|3.97|||
ADMA|126|NASDAQ|2019|10|8|15|30|597700|4.09|3.88|3.96|4.02|||
ADRO|0|NASDAQ|2020|4|8|20|15|142004|2.71|2.49|2.65|2.53|||
ADRO|1|NASDAQ|2020|4|7|15|30|517000|2.95|2.475|2.49|2.88|||
ADRO|2|NASDAQ|2020|4|6|15|30|573400|2.89|2.585|2.87|2.66|||
ADRO|3|NASDAQ|2020|4|3|15|30|312400|2.58|2.435|2.54|2.49|||
ADRO|4|NASDAQ|2020|4|2|15|30|243400|2.54|2.39|2.51|2.4|||
ADRO|5|NASDAQ|2020|4|1|15|30|381200|2.69|2.41|2.42|2.61|0.0||
ADRO|6|NASDAQ|2020|3|31|15|30|387100|2.8|2.47|2.74|2.51|0.0||
ADRO|7|NASDAQ|2020|3|30|15|30|358800|2.65|2.36|2.52|2.49|0.0||
ADRO|8|NASDAQ|2020|3|27|14|30|483200|2.68|2.48|2.55|2.66|0.0||
ADRO|9|NASDAQ|2020|3|26|14|30|347000|2.865|2.63|2.74|2.68|0.0||
ADRO|10|NASDAQ|2020|3|25|14|30|497900|2.88|2.58|2.64|2.78|0.0||
ADRO|11|NASDAQ|2020|3|24|14|30|802600|2.84|2.56|2.78|2.71|0.0||
ADRO|12|NASDAQ|2020|3|23|14|30|857600|2.63|2.31|2.53|2.47|0.0||
ADRO|13|NASDAQ|2020|3|20|14|30|1353500|2.54|2.215|2.5|2.27|0.0||
ADRO|14|NASDAQ|2020|3|19|14|30|907900|2.36|2.0|2.23|2.0|1.0||
ADRO|15|NASDAQ|2020|3|18|14|30|1089200|2.69|1.87|2.01|2.53|1.0||
ADRO|16|NASDAQ|2020|3|17|14|30|990600|2.74|2.33|2.74|2.33|0.0||
ADRO|17|NASDAQ|2020|3|16|14|30|896200|2.58|2.25|2.29|2.42|0.0||
ADRO|18|NASDAQ|2020|3|13|14|30|1108100|2.56|2.235|2.56|2.47|0.0||
ADRO|19|NASDAQ|2020|3|12|14|30|1164800|2.54|1.97|2.44|2.11|0.0||
ADRO|20|NASDAQ|2020|3|11|14|30|530600|2.64|2.3|2.36|2.47|0.0||
ADRO|21|NASDAQ|2020|3|10|14|30|1319200|2.89|2.49|2.57|2.6|0.0||
ADRO|22|NASDAQ|2020|3|9|14|30|887500|3.175|2.91|3.07|2.99|0.0||
ADRO|23|NASDAQ|2020|3|6|15|30|490300|3.33|3.13|3.22|3.19|0.0||
ADRO|24|NASDAQ|2020|3|5|15|30|792900|3.59|3.25|3.33|3.3|0.0||
ADRO|25|NASDAQ|2020|3|4|15|30|818300|3.4|3.025|3.35|3.11|0.0||
ADRO|26|NASDAQ|2020|3|3|15|30|885600|3.29|2.95|3.04|3.08|0.0||
ADRO|27|NASDAQ|2020|3|2|15|30|939800|3.14|2.87|3.04|3.14|0.0||
ADRO|28|NASDAQ|2020|2|28|15|30|1257500|3.08|2.55|3.05|2.58|0.0||
ADRO|29|NASDAQ|2020|2|27|15|30|1513900|3.38|2.94|2.97|3.38|0.0||
ADRO|30|NASDAQ|2020|2|26|15|30|850100|3.51|3.28|3.42|3.46|0.0||
ADRO|31|NASDAQ|2020|2|25|15|30|990600|3.7|3.36|3.46|3.7|0.0||
ADRO|32|NASDAQ|2020|2|24|15|30|1250000|3.72|3.11|3.72|3.36|0.0||
ADRO|33|NASDAQ|2020|2|21|15|30|1278400|3.89|3.51|3.65|3.89|0.0||
ADRO|34|NASDAQ|2020|2|20|15|30|1908600|4.04|3.631|3.87|3.64|0.0||
ADRO|35|NASDAQ|2020|2|19|15|30|2152600|3.8|3.29|3.6|3.71|0.0||
ADRO|36|NASDAQ|2020|2|18|15|30|1729400|3.68|3.4|3.665|3.41|0.0||
ADRO|37|NASDAQ|2020|2|14|15|30|1983300|3.487|3.22|3.38|3.24|0.0||
ADRO|38|NASDAQ|2020|2|13|15|30|1863400|3.24|2.92|3.22|2.96|1.0||
ADRO|39|NASDAQ|2020|2|12|15|30|1317300|2.98|2.74|2.96|2.78|1.0||
ADRO|40|NASDAQ|2020|2|11|15|30|1044800|2.9|2.6010000000000004|2.81|2.7|1.0||
ADRO|41|NASDAQ|2020|2|10|15|30|3108300|3.05|2.41|2.79|2.95|1.0||
ADRO|42|NASDAQ|2020|2|7|15|30|3585600|3.014|2.52|2.87|2.6|0.0||
ADRO|43|NASDAQ|2020|2|6|15|30|2799100|2.58|2.36|2.525|2.55|1.0||
ADRO|44|NASDAQ|2020|2|5|15|30|4255800|2.75|2.24|2.75|2.3|0.0||
ADRO|45|NASDAQ|2020|2|4|15|30|3895500|2.3|1.9|2.24|1.9|1.0||
ADRO|46|NASDAQ|2020|2|3|15|30|1869900|1.9|1.69|1.86|1.74|1.0||
ADRO|47|NASDAQ|2020|1|31|15|30|3500400|1.76|1.46|1.68|1.65|1.0||
ADRO|48|NASDAQ|2020|1|30|15|30|548500|1.41|1.34|1.35|1.4|1.0||
ADRO|49|NASDAQ|2020|1|29|15|30|503800|1.529|1.39|1.4|1.47|1.0||
ADRO|50|NASDAQ|2020|1|28|15|30|678300|1.5|1.38|1.48|1.42|0.0||
ADRO|51|NASDAQ|2020|1|27|15|30|674200|1.46|1.37|1.4|1.46|1.0||
ADRO|52|NASDAQ|2020|1|24|15|30|1261400|1.63|1.42|1.48|1.6|0.0||
ADRO|53|NASDAQ|2020|1|23|15|30|1274800|1.59|1.44|1.58|1.48|0.0||
ADRO|54|NASDAQ|2020|1|22|15|30|1248700|1.5|1.41|1.48|1.41|0.0||
ADRO|55|NASDAQ|2020|1|21|15|30|834700|1.47|1.36|1.41|1.4|0.0||
ADRO|56|NASDAQ|2020|1|17|15|30|927400|1.42|1.33|1.4|1.36|0.0||
ADRO|57|NASDAQ|2020|1|16|15|30|1274900|1.35|1.2|1.34|1.25|1.0||
ADRO|58|NASDAQ|2020|1|15|15|30|494400|1.25|1.2|1.24|1.2|1.0||
ADRO|59|NASDAQ|2020|1|14|15|30|894300|1.25|1.11|1.19|1.17|1.0||
ADRO|60|NASDAQ|2020|1|13|15|30|862000|1.22|1.15|1.15|1.2|1.0||
ADRO|61|NASDAQ|2020|1|10|15|30|2414800|1.3|1.18|1.19|1.3|0.0||
ADRO|62|NASDAQ|2020|1|9|15|30|610300|1.43|1.3|1.33|1.42|0.0||
ADRO|63|NASDAQ|2020|1|8|15|30|595600|1.41|1.33|1.39|1.35|0.0||
ADRO|64|NASDAQ|2020|1|7|15|30|847000|1.37|1.285|1.34|1.33|0.0||
ADRO|65|NASDAQ|2020|1|6|15|30|1409200|1.37|1.21|1.33|1.21|0.0||
ADRO|66|NASDAQ|2020|1|3|15|30|682100|1.24|1.14|1.21|1.16|0.0||
ADRO|67|NASDAQ|2020|1|2|15|30|597500|1.22|1.16|1.18|1.22|1.0||
ADRO|68|NASDAQ|2019|12|31|15|30|1288300|1.28|1.18|1.18|1.18|1.0||
ADRO|69|NASDAQ|2019|12|30|15|30|556700|1.2|1.152|1.19|1.19|0.0||
ADRO|70|NASDAQ|2019|12|27|15|30|691900|1.22|1.13|1.19|1.2|0.0||
ADRO|71|NASDAQ|2019|12|26|15|30|2125800|1.28|1.18|1.22|1.2|0.0||
ADRO|72|NASDAQ|2019|12|24|15|30|679300|1.17|1.1|1.17|1.1|0.0||
ADRO|73|NASDAQ|2019|12|23|15|30|1183500|1.13|0.99|1.11|1.01|0.0||
ADRO|74|NASDAQ|2019|12|20|15|30|2089700|1.02|0.98|0.998|1.0|1.0||
ADRO|75|NASDAQ|2019|12|19|15|30|614100|1.05|1.0|1.02|1.05|1.0||
ADRO|76|NASDAQ|2019|12|18|15|30|1592400|1.06|1.0|1.03|1.01|1.0||
ADRO|77|NASDAQ|2019|12|17|15|30|606000|1.17|1.11|1.15|1.12|0.0||
ADRO|78|NASDAQ|2019|12|16|15|30|1245300|1.14|1.08|1.11|1.12|0.0||
ADRO|79|NASDAQ|2019|12|13|15|30|1809900|1.2|1.11|1.12|1.18|0.0||
ADRO|80|NASDAQ|2019|12|12|15|30|557100|1.19|1.15|1.18|1.17|0.0||
ADRO|81|NASDAQ|2019|12|11|15|30|607700|1.23|1.16|1.17|1.18|0.0||
ADRO|82|NASDAQ|2019|12|10|15|30|424700|1.21|1.16|1.2|1.17|0.0||
ADRO|83|NASDAQ|2019|12|9|15|30|479800|1.19|1.155|1.18|1.18|0.0||
ADRO|84|NASDAQ|2019|12|6|15|30|989800|1.23|1.14|1.15|1.17|0.0||
ADRO|85|NASDAQ|2019|12|5|15|30|556300|1.2|1.16|1.18|1.19|0.0||
ADRO|86|NASDAQ|2019|12|4|15|30|615600|1.21|1.16|1.19|1.19|0.0||
ADRO|87|NASDAQ|2019|12|3|15|30|349200|1.22|1.16|1.18|1.18|0.0||
ADRO|88|NASDAQ|2019|12|2|15|30|830200|1.25|1.17|1.19|1.185|0.0||
ADRO|89|NASDAQ|2019|11|29|15|30|588900|1.21|1.13|1.19|1.15|0.0||
ADRO|90|NASDAQ|2019|11|27|15|30|731700|1.2|1.1|1.13|1.16|0.0||
ADRO|91|NASDAQ|2019|11|26|15|30|1747500|1.2|1.115|1.15|1.13|0.0||
ADRO|92|NASDAQ|2019|11|25|15|30|698100|1.14|1.06|1.12|1.09|0.0||
ADRO|93|NASDAQ|2019|11|22|15|30|289800|1.09|1.05|1.08|1.07|0.0||
ADRO|94|NASDAQ|2019|11|21|15|30|636500|1.11|1.05|1.06|1.1|0.0||
ADRO|95|NASDAQ|2019|11|20|15|30|807900|1.17|1.06|1.11|1.06|0.0||
ADRO|96|NASDAQ|2019|11|19|15|30|402100|1.14|1.09|1.1|1.13|0.0||
ADRO|97|NASDAQ|2019|11|18|15|30|335000|1.14|1.06|1.09|1.12|0.0||
ADRO|98|NASDAQ|2019|11|15|15|30|625900|1.18|1.1|1.1|1.15|0.0||
ADRO|99|NASDAQ|2019|11|14|15|30|621100|1.14|1.04|1.13|1.09|0.0||
ADRO|100|NASDAQ|2019|11|13|15|30|778000|1.12|1.04|1.09|1.06|0.0||
ADRO|101|NASDAQ|2019|11|12|15|30|742000|1.13|1.06|1.07|1.11|0.0||
ADRO|102|NASDAQ|2019|11|11|15|30|883800|1.17|1.08|1.12|1.17|0.0||
ADRO|103|NASDAQ|2019|11|8|15|30|2943300|1.346|1.02|1.18|1.06|0.0||
ADRO|104|NASDAQ|2019|11|7|15|30|424800|1.14|1.06|1.07|1.12|0.0||
ADRO|105|NASDAQ|2019|11|6|15|30|377400|1.15|1.08|1.11|1.11|0.0||
ADRO|106|NASDAQ|2019|11|5|15|30|601500|1.17|1.11|1.14|1.13|0.0||
ADRO|107|NASDAQ|2019|11|4|15|30|486500|1.18|1.11|1.115|1.18|0.0||
ADRO|108|NASDAQ|2019|11|1|14|30|1378600|1.22|1.12|1.15|1.15|0.0||
ADRO|109|NASDAQ|2019|10|31|14|30|1064500|1.15|1.01|1.14|1.02|0.0||
ADRO|110|NASDAQ|2019|10|30|14|30|895300|1.05|0.98|1.02|0.998|0.0||
ADRO|111|NASDAQ|2019|10|29|14|30|765200|1.04|0.961|0.972|1.04|1.0||
ADRO|112|NASDAQ|2019|10|28|14|30|584600|1.03|0.952|0.993|0.969|1.0||
ADRO|113|NASDAQ|2019|10|25|15|30|748000|1.01|0.901|0.956|0.934|1.0||
ADRO|114|NASDAQ|2019|10|24|15|30|1162000|0.988|0.903|0.936|0.988|0.0||
ADRO|115|NASDAQ|2019|10|23|15|30|369300|1.02|0.965|0.968|1.0|0.0||
ADRO|116|NASDAQ|2019|10|22|15|30|677400|1.04|0.964|0.997|0.99|0.0||
ADRO|117|NASDAQ|2019|10|21|15|30|681900|1.04|0.98|0.988|1.01|0.0||
ADRO|118|NASDAQ|2019|10|18|15|30|612300|1.08|0.99|1.01|1.07|0.0||
ADRO|119|NASDAQ|2019|10|17|15|30|1108800|1.13|1.03|1.08|1.03|0.0||
ADRO|120|NASDAQ|2019|10|16|15|30|839700|1.05|0.975|1.03|0.98|0.0||
ADRO|121|NASDAQ|2019|10|15|15|30|420800|1.01|0.962|1.0|0.978|0.0||
ADRO|122|NASDAQ|2019|10|14|15|30|385800|1.02|0.96|0.988|1.02|0.0||
ADRO|123|NASDAQ|2019|10|11|15|30|624200|1.1|1.0|1.02|1.05|||
ADRO|124|NASDAQ|2019|10|10|15|30|1095000|1.12|0.999|1.05|0.999|||
ADRO|125|NASDAQ|2019|10|9|15|30|375800|1.03|0.99|1.0|1.0|||
ADRO|126|NASDAQ|2019|10|8|15|30|441800|1.05|0.97|0.997|1.04|||
AEHR|0|NASDAQ|2020|4|8|19|55|76992|1.42|1.3094|1.4|1.3684|||
AEHR|1|NASDAQ|2020|4|7|15|30|40000|1.38|1.28|1.33|1.38|||
AEHR|2|NASDAQ|2020|4|6|15|30|65800|1.4|1.31|1.33|1.32|||
AEHR|3|NASDAQ|2020|4|3|15|30|209900|1.54|1.25|1.3|1.54|||
AEHR|4|NASDAQ|2020|4|2|15|30|108400|1.77|1.52|1.59|1.58|||
AEHR|5|NASDAQ|2020|4|1|15|30|60100|1.63|1.53|1.59|1.59|0.0||
AEHR|6|NASDAQ|2020|3|31|15|30|88100|1.72|1.58|1.67|1.65|0.0||
AEHR|7|NASDAQ|2020|3|30|15|30|77100|1.76|1.5|1.65|1.51|0.0||
AEHR|8|NASDAQ|2020|3|27|14|30|90800|1.68|1.3|1.57|1.46|0.0||
AEHR|9|NASDAQ|2020|3|26|14|30|29700|1.57|1.46|1.49|1.53|0.0||
AEHR|10|NASDAQ|2020|3|25|14|30|41700|1.58|1.44|1.45|1.44|1.0||
AEHR|11|NASDAQ|2020|3|24|14|30|81600|1.43|1.3|1.43|1.3|1.0||
AEHR|12|NASDAQ|2020|3|23|14|30|21800|1.32|1.16|1.22|1.21|1.0||
AEHR|13|NASDAQ|2020|3|20|14|30|71700|1.33|1.19|1.23|1.27|1.0||
AEHR|14|NASDAQ|2020|3|19|14|30|94300|1.27|1.1|1.27|1.11|1.0||
AEHR|15|NASDAQ|2020|3|18|14|30|60400|1.25|1.14|1.14|1.25|1.0||
AEHR|16|NASDAQ|2020|3|17|14|30|47200|1.3|1.12|1.25|1.3|0.0||
AEHR|17|NASDAQ|2020|3|16|14|30|58300|1.41|1.22|1.22|1.41|0.0||
AEHR|18|NASDAQ|2020|3|13|14|30|96100|1.6|1.38|1.38|1.55|0.0||
AEHR|19|NASDAQ|2020|3|12|14|30|108100|1.83|1.36|1.44|1.58|0.0||
AEHR|20|NASDAQ|2020|3|11|14|30|68100|1.71|1.61|1.65|1.67|0.0||
AEHR|21|NASDAQ|2020|3|10|14|30|66100|1.8|1.61|1.65|1.61|0.0||
AEHR|22|NASDAQ|2020|3|9|14|30|82200|1.79|1.6|1.64|1.61|0.0||
AEHR|23|NASDAQ|2020|3|6|15|30|162100|2.02|1.8|1.8|2.02|0.0||
AEHR|24|NASDAQ|2020|3|5|15|30|13700|2.06|2.0|2.02|2.02|0.0||
AEHR|25|NASDAQ|2020|3|4|15|30|55200|2.14|2.02|2.02|2.14|0.0||
AEHR|26|NASDAQ|2020|3|3|15|30|95800|2.24|2.07|2.11|2.24|0.0||
AEHR|27|NASDAQ|2020|3|2|15|30|119300|2.17|2.1|2.15|2.1|0.0||
AEHR|28|NASDAQ|2020|2|28|15|30|89600|2.11|2.03|2.1|2.03|0.0||
AEHR|29|NASDAQ|2020|2|27|15|30|74100|2.14|2.01|2.12|2.06|0.0||
AEHR|30|NASDAQ|2020|2|26|15|30|86500|2.19|2.06|2.09|2.09|0.0||
AEHR|31|NASDAQ|2020|2|25|15|30|109500|2.27|2.06|2.12|2.14|0.0||
AEHR|32|NASDAQ|2020|2|24|15|30|135500|2.18|2.1|2.17|2.17|0.0||
AEHR|33|NASDAQ|2020|2|21|15|30|61200|2.47|2.24|2.26|2.39|0.0||
AEHR|34|NASDAQ|2020|2|20|15|30|199300|2.39|2.25|2.39|2.35|0.0||
AEHR|35|NASDAQ|2020|2|19|15|30|216100|2.78|2.36|2.41|2.72|0.0||
AEHR|36|NASDAQ|2020|2|18|15|30|315800|2.69|2.47|2.67|2.47|0.0||
AEHR|37|NASDAQ|2020|2|14|15|30|168600|2.44|2.23|2.42|2.35|0.0||
AEHR|38|NASDAQ|2020|2|13|15|30|158400|2.45|2.38|2.43|2.39|0.0||
AEHR|39|NASDAQ|2020|2|12|15|30|326700|2.42|2.18|2.4|2.23|0.0||
AEHR|40|NASDAQ|2020|2|11|15|30|171600|2.26|2.02|2.19|2.04|1.0||
AEHR|41|NASDAQ|2020|2|10|15|30|40900|2.03|1.97|2.01|1.97|1.0||
AEHR|42|NASDAQ|2020|2|7|15|30|52700|2.07|1.99|2.01|2.01|1.0||
AEHR|43|NASDAQ|2020|2|6|15|30|69400|2.09|2.01|2.04|2.06|1.0||
AEHR|44|NASDAQ|2020|2|5|15|30|54300|2.14|2.04|2.04|2.14|0.0||
AEHR|45|NASDAQ|2020|2|4|15|30|63700|2.15|2.05|2.1|2.05|0.0||
AEHR|46|NASDAQ|2020|2|3|15|30|69700|2.11|2.01|2.02|2.06|0.0||
AEHR|47|NASDAQ|2020|1|31|15|30|54100|2.11|2.05|2.05|2.11|0.0||
AEHR|48|NASDAQ|2020|1|30|15|30|18300|2.12|2.09|2.12|2.1|0.0||
AEHR|49|NASDAQ|2020|1|29|15|30|63900|2.15|2.09|2.12|2.13|0.0||
AEHR|50|NASDAQ|2020|1|28|15|30|31700|2.16|2.0|2.15|2.07|0.0||
AEHR|51|NASDAQ|2020|1|27|15|30|118000|2.2|2.05|2.1|2.06|0.0||
AEHR|52|NASDAQ|2020|1|24|15|30|65100|2.29|2.19|2.23|2.19|0.0||
AEHR|53|NASDAQ|2020|1|23|15|30|52000|2.25|2.13|2.24|2.13|0.0||
AEHR|54|NASDAQ|2020|1|22|15|30|74400|2.29|2.13|2.22|2.29|0.0||
AEHR|55|NASDAQ|2020|1|21|15|30|288200|2.3|2.03|2.3|2.05|0.0||
AEHR|56|NASDAQ|2020|1|17|15|30|103900|2.03|1.9|2.0|1.92|0.0||
AEHR|57|NASDAQ|2020|1|16|15|30|90000|1.92|1.84|1.9|1.86|1.0||
AEHR|58|NASDAQ|2020|1|15|15|30|51200|1.91|1.75|1.85|1.82|1.0||
AEHR|59|NASDAQ|2020|1|14|15|30|134900|1.9|1.77|1.86|1.86|1.0||
AEHR|60|NASDAQ|2020|1|13|15|30|114000|1.96|1.83|1.87|1.94|0.0||
AEHR|61|NASDAQ|2020|1|10|15|30|398700|2.15|1.86|1.91|2.15|0.0||
AEHR|62|NASDAQ|2020|1|9|15|30|462800|2.23|1.98|2.14|2.0|0.0||
AEHR|63|NASDAQ|2020|1|8|15|30|193400|2.1|1.93|2.01|1.94|0.0||
AEHR|64|NASDAQ|2020|1|7|15|30|181800|2.17|1.92|1.94|2.0|0.0||
AEHR|65|NASDAQ|2020|1|6|15|30|146800|2.12|1.98|1.98|2.02|0.0||
AEHR|66|NASDAQ|2020|1|3|15|30|125200|2.2|2.03|2.09|2.07|0.0||
AEHR|67|NASDAQ|2020|1|2|15|30|92300|2.13|2.0|2.07|2.0|0.0||
AEHR|68|NASDAQ|2019|12|31|15|30|54700|2.03|1.99|2.0|1.99|0.0||
AEHR|69|NASDAQ|2019|12|30|15|30|16100|2.05|1.98|1.99|1.99|0.0||
AEHR|70|NASDAQ|2019|12|27|15|30|28500|2.03|1.94|2.0|2.01|0.0||
AEHR|71|NASDAQ|2019|12|26|15|30|67300|2.02|1.87|2.02|1.9|0.0||
AEHR|72|NASDAQ|2019|12|24|15|30|45600|1.91|1.83|1.9|1.85|0.0||
AEHR|73|NASDAQ|2019|12|23|15|30|145300|1.91|1.78|1.9|1.87|0.0||
AEHR|74|NASDAQ|2019|12|20|15|30|54100|1.94|1.83|1.84|1.92|0.0||
AEHR|75|NASDAQ|2019|12|19|15|30|46200|1.93|1.9|1.9|1.9|0.0||
AEHR|76|NASDAQ|2019|12|18|15|30|22100|1.97|1.89|1.89|1.91|0.0||
AEHR|77|NASDAQ|2019|12|17|15|30|50000|2.0|1.9|1.91|2.0|0.0||
AEHR|78|NASDAQ|2019|12|16|15|30|52600|2.02|1.94|1.94|2.01|0.0||
AEHR|79|NASDAQ|2019|12|13|15|30|74500|2.03|1.94|2.0|1.96|0.0||
AEHR|80|NASDAQ|2019|12|12|15|30|176000|2.08|1.91|2.0|2.05|0.0||
AEHR|81|NASDAQ|2019|12|11|15|30|124200|2.05|1.96|2.05|2.02|0.0||
AEHR|82|NASDAQ|2019|12|10|15|30|101400|2.08|1.99|2.0|2.0|0.0||
AEHR|83|NASDAQ|2019|12|9|15|30|99200|2.06|1.91|1.98|1.91|0.0||
AEHR|84|NASDAQ|2019|12|6|15|30|89500|1.94|1.87|1.91|1.87|0.0||
AEHR|85|NASDAQ|2019|12|5|15|30|58500|1.97|1.84|1.88|1.88|0.0||
AEHR|86|NASDAQ|2019|12|4|15|30|362800|1.89|1.82|1.87|1.89|0.0||
AEHR|87|NASDAQ|2019|12|3|15|30|58400|1.89|1.76|1.89|1.84|0.0||
AEHR|88|NASDAQ|2019|12|2|15|30|30600|1.94|1.87|1.89|1.92|0.0||
AEHR|89|NASDAQ|2019|11|29|15|30|25100|1.95|1.89|1.89|1.89|0.0||
AEHR|90|NASDAQ|2019|11|27|15|30|19400|1.93|1.82|1.91|1.92|0.0||
AEHR|91|NASDAQ|2019|11|26|15|30|85100|1.96|1.86|1.92|1.86|0.0||
AEHR|92|NASDAQ|2019|11|25|15|30|323200|2.05|1.79|1.9|2.03|0.0||
AEHR|93|NASDAQ|2019|11|22|15|30|14700|2.07|2.02|2.02|2.05|0.0||
AEHR|94|NASDAQ|2019|11|21|15|30|66700|2.09|1.95|2.05|2.07|0.0||
AEHR|95|NASDAQ|2019|11|20|15|30|101400|2.21|2.01|2.04|2.19|0.0||
AEHR|96|NASDAQ|2019|11|19|15|30|94200|2.29|2.07|2.18|2.14|0.0||
AEHR|97|NASDAQ|2019|11|18|15|30|61300|2.27|2.1|2.14|2.19|0.0||
AEHR|98|NASDAQ|2019|11|15|15|30|88400|2.33|2.1|2.23|2.21|0.0||
AEHR|99|NASDAQ|2019|11|14|15|30|58300|2.21|2.11|2.2|2.21|0.0||
AEHR|100|NASDAQ|2019|11|13|15|30|216800|2.3|2.07|2.19|2.07|0.0||
AEHR|101|NASDAQ|2019|11|12|15|30|233900|2.18|1.92|2.06|1.96|0.0||
AEHR|102|NASDAQ|2019|11|11|15|30|636400|2.1|1.72|1.91|1.72|1.0||
AEHR|103|NASDAQ|2019|11|8|15|30|37200|1.7|1.64|1.64|1.69|1.0||
AEHR|104|NASDAQ|2019|11|7|15|30|14200|1.7|1.62|1.7|1.62|1.0||
AEHR|105|NASDAQ|2019|11|6|15|30|40700|1.71|1.63|1.65|1.7|1.0||
AEHR|106|NASDAQ|2019|11|5|15|30|19100|1.7|1.65|1.7|1.65|0.0||
AEHR|107|NASDAQ|2019|11|4|15|30|39600|1.69|1.65|1.66|1.65|0.0||
AEHR|108|NASDAQ|2019|11|1|14|30|18000|1.66|1.62|1.66|1.66|0.0||
AEHR|109|NASDAQ|2019|10|31|14|30|48200|1.74|1.61|1.67|1.62|0.0||
AEHR|110|NASDAQ|2019|10|30|14|30|40200|1.67|1.61|1.65|1.64|0.0||
AEHR|111|NASDAQ|2019|10|29|14|30|87800|1.73|1.61|1.62|1.73|0.0||
AEHR|112|NASDAQ|2019|10|28|14|30|24600|1.78|1.71|1.77|1.78|0.0||
AEHR|113|NASDAQ|2019|10|25|15|30|7800|1.82|1.75|1.8|1.82|0.0||
AEHR|114|NASDAQ|2019|10|24|15|30|49800|1.81|1.75|1.8|1.78|0.0||
AEHR|115|NASDAQ|2019|10|23|15|30|62600|1.78|1.7|1.76|1.73|0.0||
AEHR|116|NASDAQ|2019|10|22|15|30|27600|1.85|1.76|1.77|1.81|0.0||
AEHR|117|NASDAQ|2019|10|21|15|30|66200|1.86|1.75|1.79|1.83|0.0||
AEHR|118|NASDAQ|2019|10|18|15|30|43800|1.86|1.82|1.83|1.82|0.0||
AEHR|119|NASDAQ|2019|10|17|15|30|69800|1.91|1.8|1.84|1.85|0.0||
AEHR|120|NASDAQ|2019|10|16|15|30|28500|1.87|1.83|1.86|1.84|0.0||
AEHR|121|NASDAQ|2019|10|15|15|30|196500|1.94|1.78|1.86|1.79|0.0||
AEHR|122|NASDAQ|2019|10|14|15|30|117400|1.82|1.72|1.77|1.73|0.0||
AEHR|123|NASDAQ|2019|10|11|15|30|63700|1.75|1.64|1.74|1.71|||
AEHR|124|NASDAQ|2019|10|10|15|30|38200|1.78|1.66|1.68|1.75|||
AEHR|125|NASDAQ|2019|10|9|15|30|33100|1.79|1.68|1.74|1.72|||
AEHR|126|NASDAQ|2019|10|8|15|30|103700|1.81|1.65|1.74|1.76|||
AEZS|0|NASDAQ|2020|4|8|20|11|97034|0.7|0.63|0.695|0.6856|||
AEZS|1|NASDAQ|2020|4|7|15|30|1331300|0.75|0.59|0.71|0.74|||
AEZS|2|NASDAQ|2020|4|6|15|30|1962700|0.77|0.47|0.74|0.47|||
AEZS|3|NASDAQ|2020|4|3|15|30|191800|0.51|0.45|0.47|0.47|||
AEZS|4|NASDAQ|2020|4|2|15|30|113000|0.51|0.45|0.45|0.5|||
AEZS|5|NASDAQ|2020|4|1|15|30|105200|0.52|0.48|0.5|0.52|0.0||
AEZS|6|NASDAQ|2020|3|31|15|30|119000|0.58|0.5|0.51|0.58|0.0||
AEZS|7|NASDAQ|2020|3|30|15|30|196900|0.58|0.5|0.5|0.54|0.0||
AEZS|8|NASDAQ|2020|3|27|14|30|227300|0.57|0.48|0.55|0.52|0.0||
AEZS|9|NASDAQ|2020|3|26|14|30|182400|0.54|0.49|0.52|0.5|0.0||
AEZS|10|NASDAQ|2020|3|25|14|30|580200|0.51|0.46|0.51|0.48|0.0||
AEZS|11|NASDAQ|2020|3|24|14|30|186200|0.51|0.47|0.48|0.49|0.0||
AEZS|12|NASDAQ|2020|3|23|14|30|110000|0.51|0.45|0.49|0.5|0.0||
AEZS|13|NASDAQ|2020|3|20|14|30|212100|0.49|0.44|0.49|0.48|0.0||
AEZS|14|NASDAQ|2020|3|19|14|30|315400|0.48|0.42|0.47|0.45|0.0||
AEZS|15|NASDAQ|2020|3|18|14|30|284200|0.5|0.4|0.42|0.5|1.0||
AEZS|16|NASDAQ|2020|3|17|14|30|134700|0.5|0.44|0.49|0.49|0.0||
AEZS|17|NASDAQ|2020|3|16|14|30|293900|0.51|0.43|0.47|0.5|0.0||
AEZS|18|NASDAQ|2020|3|13|14|30|317000|0.59|0.52|0.53|0.52|0.0||
AEZS|19|NASDAQ|2020|3|12|14|30|457600|0.62|0.54|0.55|0.6|0.0||
AEZS|20|NASDAQ|2020|3|11|14|30|199000|0.71|0.64|0.67|0.68|0.0||
AEZS|21|NASDAQ|2020|3|10|14|30|471300|0.73|0.6|0.72|0.73|0.0||
AEZS|22|NASDAQ|2020|3|9|14|30|347500|0.77|0.66|0.69|0.74|0.0||
AEZS|23|NASDAQ|2020|3|6|15|30|298600|0.8|0.74|0.77|0.76|0.0||
AEZS|24|NASDAQ|2020|3|5|15|30|301600|0.79|0.76|0.76|0.79|0.0||
AEZS|25|NASDAQ|2020|3|4|15|30|246900|0.84|0.76|0.78|0.84|0.0||
AEZS|26|NASDAQ|2020|3|3|15|30|448600|0.88|0.74|0.78|0.77|0.0||
AEZS|27|NASDAQ|2020|3|2|15|30|387100|0.81|0.74|0.74|0.78|0.0||
AEZS|28|NASDAQ|2020|2|28|15|30|502200|0.85|0.77|0.8|0.8|0.0||
AEZS|29|NASDAQ|2020|2|27|15|30|353800|0.89|0.8|0.86|0.89|0.0||
AEZS|30|NASDAQ|2020|2|26|15|30|294500|0.95|0.88|0.89|0.95|0.0||
AEZS|31|NASDAQ|2020|2|25|15|30|196200|0.97|0.91|0.92|0.93|0.0||
AEZS|32|NASDAQ|2020|2|24|15|30|324800|1.0|0.92|0.95|0.97|0.0||
AEZS|33|NASDAQ|2020|2|21|15|30|634500|1.03|0.96|0.99|0.99|0.0||
AEZS|34|NASDAQ|2020|2|20|15|30|2146700|1.08|0.99|1.02|1.03|0.0||
AEZS|35|NASDAQ|2020|2|19|15|30|298100|1.38|1.23|1.36|1.29|0.0||
AEZS|36|NASDAQ|2020|2|18|15|30|348500|1.35|1.16|1.31|1.19|0.0||
AEZS|37|NASDAQ|2020|2|14|15|30|59900|1.2|1.16|1.18|1.16|0.0||
AEZS|38|NASDAQ|2020|2|13|15|30|102100|1.19|1.14|1.17|1.18|0.0||
AEZS|39|NASDAQ|2020|2|12|15|30|90200|1.21|1.15|1.18|1.19|0.0||
AEZS|40|NASDAQ|2020|2|11|15|30|152100|1.18|1.07|1.16|1.08|0.0||
AEZS|41|NASDAQ|2020|2|10|15|30|48800|1.14|1.1|1.12|1.14|0.0||
AEZS|42|NASDAQ|2020|2|7|15|30|75400|1.17|1.12|1.14|1.17|0.0||
AEZS|43|NASDAQ|2020|2|6|15|30|137700|1.22|1.12|1.12|1.17|0.0||
AEZS|44|NASDAQ|2020|2|5|15|30|158900|1.2|1.07|1.17|1.1|0.0||
AEZS|45|NASDAQ|2020|2|4|15|30|93400|1.08|1.02|1.04|1.04|0.0||
AEZS|46|NASDAQ|2020|2|3|15|30|50600|1.09|1.03|1.04|1.03|0.0||
AEZS|47|NASDAQ|2020|1|31|15|30|190000|1.11|1.01|1.07|1.1|0.0||
AEZS|48|NASDAQ|2020|1|30|15|30|113800|1.2|1.1|1.11|1.2|0.0||
AEZS|49|NASDAQ|2020|1|29|15|30|120300|1.22|1.11|1.18|1.15|0.0||
AEZS|50|NASDAQ|2020|1|28|15|30|181900|1.25|1.13|1.16|1.18|0.0||
AEZS|51|NASDAQ|2020|1|27|15|30|197600|1.24|1.15|1.2|1.19|0.0||
AEZS|52|NASDAQ|2020|1|24|15|30|161400|1.35|1.21|1.21|1.35|0.0||
AEZS|53|NASDAQ|2020|1|23|15|30|164400|1.38|1.26|1.33|1.38|0.0||
AEZS|54|NASDAQ|2020|1|22|15|30|497000|1.43|1.25|1.38|1.38|0.0||
AEZS|55|NASDAQ|2020|1|21|15|30|1595300|1.54|1.11|1.44|1.11|0.0||
AEZS|56|NASDAQ|2020|1|17|15|30|126300|1.1|1.05|1.09|1.05|0.0||
AEZS|57|NASDAQ|2020|1|16|15|30|108000|1.12|1.05|1.07|1.05|1.0||
AEZS|58|NASDAQ|2020|1|15|15|30|69600|1.09|1.04|1.07|1.09|1.0||
AEZS|59|NASDAQ|2020|1|14|15|30|119300|1.08|1.01|1.06|1.08|1.0||
AEZS|60|NASDAQ|2020|1|13|15|30|241600|1.11|1.05|1.06|1.07|0.0||
AEZS|61|NASDAQ|2020|1|10|15|30|97900|1.04|1.01|1.04|1.04|0.0||
AEZS|62|NASDAQ|2020|1|9|15|30|268200|1.1|1.0|1.01|1.06|0.0||
AEZS|63|NASDAQ|2020|1|8|15|30|396300|1.15|0.94|1.11|0.99|0.0||
AEZS|64|NASDAQ|2020|1|7|15|30|128600|0.98|0.88|0.97|0.88|0.0||
AEZS|65|NASDAQ|2020|1|6|15|30|73200|0.94|0.86|0.92|0.9|1.0||
AEZS|66|NASDAQ|2020|1|3|15|30|142900|0.91|0.85|0.88|0.88|1.0||
AEZS|67|NASDAQ|2020|1|2|15|30|171400|0.94|0.88|0.88|0.92|1.0||
AEZS|68|NASDAQ|2019|12|31|15|30|314000|0.96|0.87|0.91|0.87|0.0||
AEZS|69|NASDAQ|2019|12|30|15|30|276100|0.96|0.8|0.95|0.83|0.0||
AEZS|70|NASDAQ|2019|12|27|15|30|100400|0.84|0.8|0.82|0.8|0.0||
AEZS|71|NASDAQ|2019|12|26|15|30|76300|0.83|0.8|0.82|0.81|0.0||
AEZS|72|NASDAQ|2019|12|24|15|30|84100|0.85|0.8|0.82|0.82|0.0||
AEZS|73|NASDAQ|2019|12|23|15|30|143400|0.85|0.79|0.82|0.8|1.0||
AEZS|74|NASDAQ|2019|12|20|15|30|170700|0.81|0.76|0.8|0.8|0.0||
AEZS|75|NASDAQ|2019|12|19|15|30|94900|0.84|0.8|0.81|0.81|0.0||
AEZS|76|NASDAQ|2019|12|18|15|30|115300|0.83|0.78|0.8|0.78|0.0||
AEZS|77|NASDAQ|2019|12|17|15|30|135000|0.81|0.76|0.77|0.8|0.0||
AEZS|78|NASDAQ|2019|12|16|15|30|153200|0.82|0.77|0.78|0.78|0.0||
AEZS|79|NASDAQ|2019|12|13|15|30|95500|0.83|0.8|0.8|0.81|0.0||
AEZS|80|NASDAQ|2019|12|12|15|30|144300|0.84|0.8|0.81|0.8|0.0||
AEZS|81|NASDAQ|2019|12|11|15|30|169100|0.84|0.8|0.8|0.82|0.0||
AEZS|82|NASDAQ|2019|12|10|15|30|101100|0.85|0.81|0.83|0.85|0.0||
AEZS|83|NASDAQ|2019|12|9|15|30|144700|0.89|0.81|0.85|0.88|0.0||
AEZS|84|NASDAQ|2019|12|6|15|30|130900|0.89|0.85|0.86|0.87|0.0||
AEZS|85|NASDAQ|2019|12|5|15|30|109900|0.89|0.87|0.87|0.89|0.0||
AEZS|86|NASDAQ|2019|12|4|15|30|257000|0.89|0.86|0.87|0.87|0.0||
AEZS|87|NASDAQ|2019|12|3|15|30|114100|0.9|0.87|0.87|0.9|0.0||
AEZS|88|NASDAQ|2019|12|2|15|30|33400|0.9|0.88|0.9|0.89|0.0||
AEZS|89|NASDAQ|2019|11|29|15|30|60800|0.92|0.87|0.9|0.9|0.0||
AEZS|90|NASDAQ|2019|11|27|15|30|55900|0.9|0.86|0.9|0.86|0.0||
AEZS|91|NASDAQ|2019|11|26|15|30|123300|0.92|0.87|0.89|0.92|0.0||
AEZS|92|NASDAQ|2019|11|25|15|30|107700|0.93|0.88|0.9|0.9|0.0||
AEZS|93|NASDAQ|2019|11|22|15|30|53100|0.9|0.88|0.9|0.9|0.0||
AEZS|94|NASDAQ|2019|11|21|15|30|122100|0.95|0.88|0.89|0.93|0.0||
AEZS|95|NASDAQ|2019|11|20|15|30|36400|0.96|0.92|0.94|0.92|0.0||
AEZS|96|NASDAQ|2019|11|19|15|30|45400|0.95|0.91|0.94|0.95|0.0||
AEZS|97|NASDAQ|2019|11|18|15|30|174300|1.0|0.87|0.94|1.0|0.0||
AEZS|98|NASDAQ|2019|11|15|15|30|43500|1.02|0.97|0.99|1.0|0.0||
AEZS|99|NASDAQ|2019|11|14|15|30|104800|1.03|0.97|1.01|1.01|0.0||
AEZS|100|NASDAQ|2019|11|13|15|30|80600|1.05|0.98|1.01|1.03|0.0||
AEZS|101|NASDAQ|2019|11|12|15|30|163900|1.05|1.0|1.02|1.03|0.0||
AEZS|102|NASDAQ|2019|11|11|15|30|108200|1.08|1.03|1.03|1.05|0.0||
AEZS|103|NASDAQ|2019|11|8|15|30|197600|1.1|1.01|1.05|1.05|0.0||
AEZS|104|NASDAQ|2019|11|7|15|30|100500|1.05|1.0|1.02|1.03|0.0||
AEZS|105|NASDAQ|2019|11|6|15|30|60100|1.07|1.01|1.03|1.01|0.0||
AEZS|106|NASDAQ|2019|11|5|15|30|437600|1.1|0.92|1.04|0.99|0.0||
AEZS|107|NASDAQ|2019|11|4|15|30|70800|0.97|0.94|0.97|0.94|0.0||
AEZS|108|NASDAQ|2019|11|1|14|30|293400|1.03|0.9|0.96|1.03|0.0||
AEZS|109|NASDAQ|2019|10|31|14|30|71200|1.04|1.0|1.01|1.02|0.0||
AEZS|110|NASDAQ|2019|10|30|14|30|78000|1.04|1.0|1.02|1.04|0.0||
AEZS|111|NASDAQ|2019|10|29|14|30|59500|1.06|1.0|1.05|1.02|0.0||
AEZS|112|NASDAQ|2019|10|28|14|30|124000|1.09|1.0|1.01|1.06|0.0||
AEZS|113|NASDAQ|2019|10|25|15|30|130300|1.1|1.04|1.05|1.1|0.0||
AEZS|114|NASDAQ|2019|10|24|15|30|82800|1.11|1.05|1.08|1.11|0.0||
AEZS|115|NASDAQ|2019|10|23|15|30|110300|1.1|1.04|1.08|1.04|0.0||
AEZS|116|NASDAQ|2019|10|22|15|30|75000|1.1|1.0|1.02|1.03|0.0||
AEZS|117|NASDAQ|2019|10|21|15|30|166900|1.12|1.05|1.05|1.06|0.0||
AEZS|118|NASDAQ|2019|10|18|15|30|527700|1.19|1.0|1.07|1.0|0.0||
AEZS|119|NASDAQ|2019|10|17|15|30|187100|1.03|0.87|1.0|0.87|0.0||
AEZS|120|NASDAQ|2019|10|16|15|30|174700|0.91|0.84|0.88|0.9|1.0||
AEZS|121|NASDAQ|2019|10|15|15|30|113200|0.93|0.87|0.88|0.9|1.0||
AEZS|122|NASDAQ|2019|10|14|15|30|48700|0.91|0.87|0.89|0.9|1.0||
AEZS|123|NASDAQ|2019|10|11|15|30|131000|0.95|0.87|0.9|0.9|||
AEZS|124|NASDAQ|2019|10|10|15|30|101100|0.95|0.89|0.92|0.95|||
AEZS|125|NASDAQ|2019|10|9|15|30|240400|1.01|0.81|0.9|1.0|||
AEZS|126|NASDAQ|2019|10|8|15|30|154900|1.01|0.95|0.97|0.98|||
AFIN|0|NASDAQ|2020|4|8|20|13|318058|6.59|5.97|6.525|6.01|||
AFIN|1|NASDAQ|2020|4|7|15|30|649000|6.47|5.66|5.82|6.01|||
AFIN|2|NASDAQ|2020|4|6|15|30|468800|5.79|5.02|5.67|5.02|||
AFIN|3|NASDAQ|2020|4|3|15|30|756100|5.4|4.74|4.98|5.28|||
AFIN|4|NASDAQ|2020|4|2|15|30|474800|5.53|5.02|5.29|5.47|||
AFIN|5|NASDAQ|2020|4|1|15|30|716400|5.95|5.24|5.38|5.8|0.0||
AFIN|6|NASDAQ|2020|3|31|15|30|1381200|6.75|5.66|6.25|6.64|0.0||
AFIN|7|NASDAQ|2020|3|30|15|30|1059400|7.18|6.19|6.84|7.11|0.0||
AFIN|8|NASDAQ|2020|3|27|14|30|583700|7.42|6.64|7.11|6.84|0.0||
AFIN|9|NASDAQ|2020|3|26|14|30|900100|7.42|6.64|7.08|7.32|0.0||
AFIN|10|NASDAQ|2020|3|25|14|30|1108600|7.85|6.91|6.97|7.54|0.0||
AFIN|11|NASDAQ|2020|3|24|14|30|1071600|7.8|6.76|7.49|7.36|0.0||
AFIN|12|NASDAQ|2020|3|23|14|30|782600|7.41|6.4|6.9|7.28|0.0||
AFIN|13|NASDAQ|2020|3|20|14|30|1880200|7.6|6.65|7.22|6.73|0.0||
AFIN|14|NASDAQ|2020|3|19|14|30|1107900|6.83|4.82|6.61|5.0|0.0||
AFIN|15|NASDAQ|2020|3|18|14|30|1213500|5.02|4.2|4.79|5.0|1.0||
AFIN|16|NASDAQ|2020|3|17|14|30|1689200|6.29|5.1|5.33|6.01|0.0||
AFIN|17|NASDAQ|2020|3|16|14|30|686200|6.93|5.83|5.84|6.3|0.0||
AFIN|18|NASDAQ|2020|3|13|14|30|732100|7.82|6.59|7.29|7.5|0.0||
AFIN|19|NASDAQ|2020|3|12|14|30|1214200|8.06|6.83|6.88|8.0|0.0||
AFIN|20|NASDAQ|2020|3|11|14|30|774100|9.29|8.45|8.52|9.18|0.0||
AFIN|21|NASDAQ|2020|3|10|14|30|1112400|9.62|8.62|9.44|9.48|0.0||
AFIN|22|NASDAQ|2020|3|9|14|30|818500|9.66|8.96|9.18|9.59|0.0||
AFIN|23|NASDAQ|2020|3|6|15|30|434100|10.32|9.8|10.11|9.9|0.0||
AFIN|24|NASDAQ|2020|3|5|15|30|624700|10.85|10.1|10.38|10.84|0.0||
AFIN|25|NASDAQ|2020|3|4|15|30|503500|11.07|10.74|11.03|10.89|0.0||
AFIN|26|NASDAQ|2020|3|3|15|30|651600|11.2|10.52|10.71|10.72|0.0||
AFIN|27|NASDAQ|2020|3|2|15|30|529000|10.75|10.19|10.75|10.34|0.0||
AFIN|28|NASDAQ|2020|2|28|15|30|1018200|10.82|9.4|10.4|10.02|0.0||
AFIN|29|NASDAQ|2020|2|27|15|30|1014500|11.89|10.89|10.96|11.66|0.0||
AFIN|30|NASDAQ|2020|2|26|15|30|661700|12.6|11.98|12.12|12.51|0.0||
AFIN|31|NASDAQ|2020|2|25|15|30|411000|12.91|12.29|12.41|12.85|0.0||
AFIN|32|NASDAQ|2020|2|24|15|30|318100|13.1|12.86|12.88|13.0|0.0||
AFIN|33|NASDAQ|2020|2|21|15|30|457900|13.26|12.93|13.21|12.95|0.0||
AFIN|34|NASDAQ|2020|2|20|15|30|306900|13.1|12.9|12.93|12.93|0.0||
AFIN|35|NASDAQ|2020|2|19|15|30|391400|13.38|12.91|12.93|13.38|0.0||
AFIN|36|NASDAQ|2020|2|18|15|30|352000|13.51|13.3|13.41|13.42|0.0||
AFIN|37|NASDAQ|2020|2|14|15|30|280900|13.53|13.39|13.41|13.48|0.0||
AFIN|38|NASDAQ|2020|2|13|15|30|314600|13.49|13.23|13.46|13.25|0.0||
AFIN|39|NASDAQ|2020|2|12|15|30|556000|13.36|13.13|13.31|13.3|0.0||
AFIN|40|NASDAQ|2020|2|11|15|30|373900|13.49|13.16|13.22|13.28|0.0||
AFIN|41|NASDAQ|2020|2|10|15|30|291100|13.38|13.19|13.24|13.25|0.0||
AFIN|42|NASDAQ|2020|2|7|15|30|330600|13.48|13.05|13.19|13.32|0.0||
AFIN|43|NASDAQ|2020|2|6|15|30|589400|13.66|13.48|13.54|13.52|0.0||
AFIN|44|NASDAQ|2020|2|5|15|30|588100|13.57|13.16|13.44|13.17|0.0||
AFIN|45|NASDAQ|2020|2|4|15|30|348100|13.29|13.05|13.19|13.14|0.0||
AFIN|46|NASDAQ|2020|2|3|15|30|365800|13.2|12.98|13.13|12.98|0.0||
AFIN|47|NASDAQ|2020|1|31|15|30|474700|13.18|12.91|12.97|13.11|0.0||
AFIN|48|NASDAQ|2020|1|30|15|30|484500|13.18|12.97|13.09|13.09|0.0||
AFIN|49|NASDAQ|2020|1|29|15|30|321600|13.2|13.02|13.13|13.11|0.0||
AFIN|50|NASDAQ|2020|1|28|15|30|436600|13.17|12.96|13.09|13.11|0.0||
AFIN|51|NASDAQ|2020|1|27|15|30|259500|13.3|13.07|13.08|13.16|0.0||
AFIN|52|NASDAQ|2020|1|24|15|30|448700|13.29|13.12|13.23|13.27|0.0||
AFIN|53|NASDAQ|2020|1|23|15|30|416500|13.32|13.04|13.21|13.09|0.0||
AFIN|54|NASDAQ|2020|1|22|15|30|296600|13.42|13.09|13.13|13.33|0.0||
AFIN|55|NASDAQ|2020|1|21|15|30|412400|13.49|13.17|13.3|13.22|0.0||
AFIN|56|NASDAQ|2020|1|17|15|30|337100|13.37|13.2|13.22|13.25|0.0||
AFIN|57|NASDAQ|2020|1|16|15|30|305300|13.5|13.17|13.19|13.26|0.0||
AFIN|58|NASDAQ|2020|1|15|15|30|476500|13.27|12.99|13.18|12.99|0.0||
AFIN|59|NASDAQ|2020|1|14|15|30|664400|13.07|12.8|12.92|12.83|0.0||
AFIN|60|NASDAQ|2020|1|13|15|30|340900|12.98|12.65|12.91|12.68|0.0||
AFIN|61|NASDAQ|2020|1|10|15|30|749600|12.75|12.5|12.68|12.59|0.0||
AFIN|62|NASDAQ|2020|1|9|15|30|545800|12.92|12.67|12.73|12.83|0.0||
AFIN|63|NASDAQ|2020|1|8|15|30|677900|12.83|12.53|12.79|12.58|0.0||
AFIN|64|NASDAQ|2020|1|7|15|30|563000|12.9|12.59|12.64|12.83|0.0||
AFIN|65|NASDAQ|2020|1|6|15|30|726100|13.12|12.61|12.96|12.76|0.0||
AFIN|66|NASDAQ|2020|1|3|15|30|595800|12.9|12.55|12.78|12.55|0.0||
AFIN|67|NASDAQ|2020|1|2|15|30|638000|13.31|12.67|12.76|13.25|0.0||
AFIN|68|NASDAQ|2019|12|31|15|30|779300|13.33|13.07|13.26|13.07|0.0||
AFIN|69|NASDAQ|2019|12|30|15|30|567500|13.28|13.01|13.13|13.22|0.0||
AFIN|70|NASDAQ|2019|12|27|15|30|449100|13.34|13.14|13.19|13.28|0.0||
AFIN|71|NASDAQ|2019|12|26|15|30|504200|13.39|13.17|13.25|13.33|0.0||
AFIN|72|NASDAQ|2019|12|24|15|30|293100|13.49|13.29|13.35|13.45|0.0||
AFIN|73|NASDAQ|2019|12|23|15|30|657100|13.6|13.29|13.48|13.51|0.0||
AFIN|74|NASDAQ|2019|12|20|15|30|1851800|13.61|13.33|13.52|13.36|0.0||
AFIN|75|NASDAQ|2019|12|19|15|30|560900|13.55|13.26|13.35|13.35|0.0||
AFIN|76|NASDAQ|2019|12|18|15|30|1021600|13.53|13.18|13.34|13.44|0.0||
AFIN|77|NASDAQ|2019|12|17|15|30|1521500|13.71|13.35|13.36|13.62|0.0||
AFIN|78|NASDAQ|2019|12|16|15|30|1227800|13.99|13.55|13.6|13.55|0.0||
AFIN|79|NASDAQ|2019|12|13|15|30|674500|14.14|13.53|13.62|13.93|0.0||
AFIN|80|NASDAQ|2019|12|12|15|30|691300|14.47|13.79|14.04|14.3|0.0||
AFIN|81|NASDAQ|2019|12|11|15|30|512100|14.61|14.23|14.3|14.54|0.0||
AFIN|82|NASDAQ|2019|12|10|15|30|982000|14.77|14.47|14.53|14.73|0.0||
AFIN|83|NASDAQ|2019|12|9|15|30|685500|14.69|14.35|14.66|14.35|0.0||
AFIN|84|NASDAQ|2019|12|6|15|30|299800|14.55|14.3|14.42|14.33|0.0||
AFIN|85|NASDAQ|2019|12|5|15|30|581800|14.62|14.32|14.38|14.52|0.0||
AFIN|86|NASDAQ|2019|12|4|15|30|330800|14.74|14.5|14.56|14.6|0.0||
AFIN|87|NASDAQ|2019|12|3|15|30|543100|14.63|14.29|14.56|14.3|0.0||
AFIN|88|NASDAQ|2019|12|2|15|30|516000|14.83|14.42|14.45|14.77|0.0||
AFIN|89|NASDAQ|2019|11|29|15|30|345000|15.1|14.77|14.79|15.0|0.0||
AFIN|90|NASDAQ|2019|11|27|15|30|495000|15.05|14.7|14.98|14.75|0.0||
AFIN|91|NASDAQ|2019|11|26|15|30|632100|14.87|14.6|14.77|14.6|0.0||
AFIN|92|NASDAQ|2019|11|25|15|30|435400|14.87|14.62|14.7|14.7|0.0||
AFIN|93|NASDAQ|2019|11|22|15|30|350200|14.89|14.54|14.64|14.82|0.0||
AFIN|94|NASDAQ|2019|11|21|15|30|433000|14.86|14.42|14.73|14.74|0.0||
AFIN|95|NASDAQ|2019|11|20|15|30|649000|15.05|14.58|14.83|14.96|0.0||
AFIN|96|NASDAQ|2019|11|19|15|30|579600|15.18|15.03|15.03|15.15|0.0||
AFIN|97|NASDAQ|2019|11|18|15|30|605300|15.17|14.99|15.1|15.05|0.0||
AFIN|98|NASDAQ|2019|11|15|15|30|671300|15.12|14.85|15.0|14.91|0.0||
AFIN|99|NASDAQ|2019|11|14|15|30|479200|15.08|14.59|14.84|14.68|0.0||
AFIN|100|NASDAQ|2019|11|13|15|30|686600|14.74|14.47|14.61|14.62|0.0||
AFIN|101|NASDAQ|2019|11|12|15|30|498200|15.12|14.63|14.65|15.1|0.0||
AFIN|102|NASDAQ|2019|11|11|15|30|535600|15.18|14.77|15.12|14.81|0.0||
AFIN|103|NASDAQ|2019|11|8|15|30|1210000|15.0|14.76|14.77|14.83|0.0||
AFIN|104|NASDAQ|2019|11|7|15|30|869900|15.0|14.1|14.88|14.11|0.0||
AFIN|105|NASDAQ|2019|11|6|15|30|893500|14.99|14.7|14.85|14.73|0.0||
AFIN|106|NASDAQ|2019|11|5|15|30|2130600|15.05|14.41|14.76|14.96|0.0||
AFIN|107|NASDAQ|2019|11|4|15|30|734200|15.09|14.77|14.96|14.99|0.0||
AFIN|108|NASDAQ|2019|11|1|14|30|520400|15.0|14.8|15.0|14.84|0.0||
AFIN|109|NASDAQ|2019|10|31|14|30|493300|14.94|14.68|14.8|14.85|0.0||
AFIN|110|NASDAQ|2019|10|30|14|30|581600|14.9|14.5|14.87|14.5|0.0||
AFIN|111|NASDAQ|2019|10|29|14|30|624600|14.8|14.43|14.63|14.44|0.0||
AFIN|112|NASDAQ|2019|10|28|14|30|447700|14.66|14.35|14.45|14.42|0.0||
AFIN|113|NASDAQ|2019|10|25|15|30|471300|14.55|14.34|14.42|14.47|0.0||
AFIN|114|NASDAQ|2019|10|24|15|30|497800|14.8|14.47|14.49|14.7|0.0||
AFIN|115|NASDAQ|2019|10|23|15|30|603500|14.75|14.44|14.72|14.6|0.0||
AFIN|116|NASDAQ|2019|10|22|15|30|542100|14.77|14.35|14.61|14.5|0.0||
AFIN|117|NASDAQ|2019|10|21|15|30|751800|14.73|14.2|14.45|14.31|0.0||
AFIN|118|NASDAQ|2019|10|18|15|30|436500|14.32|14.05|14.24|14.16|0.0||
AFIN|119|NASDAQ|2019|10|17|15|30|620600|14.48|14.12|14.21|14.31|0.0||
AFIN|120|NASDAQ|2019|10|16|15|30|416500|14.34|14.03|14.26|14.15|0.0||
AFIN|121|NASDAQ|2019|10|15|15|30|614300|14.3|13.81|14.19|13.97|0.0||
AFIN|122|NASDAQ|2019|10|14|15|30|217500|13.98|13.8|13.88|13.88|0.0||
AFIN|123|NASDAQ|2019|10|11|15|30|385400|14.0|13.84|13.85|13.9|||
AFIN|124|NASDAQ|2019|10|10|15|30|481400|13.84|13.59|13.77|13.64|||
AFIN|125|NASDAQ|2019|10|9|15|30|708000|13.99|13.64|13.65|13.9|||
AFIN|126|NASDAQ|2019|10|8|15|30|493300|14.1|13.88|13.94|13.99|||
AFMD|0|NASDAQ|2020|4|8|20|15|822052|2.03|1.79|1.95|1.83|||
AFMD|1|NASDAQ|2020|4|7|15|30|899700|1.93|1.71|1.78|1.89|||
AFMD|2|NASDAQ|2020|4|6|15|30|1197200|1.85|1.59|1.825|1.62|||
AFMD|3|NASDAQ|2020|4|3|15|30|1012500|1.7|1.55|1.58|1.68|||
AFMD|4|NASDAQ|2020|4|2|15|30|1651100|1.74|1.54|1.64|1.7|||
AFMD|5|NASDAQ|2020|4|1|15|30|5209000|1.675|1.5|1.59|1.56|0.0||
AFMD|6|NASDAQ|2020|3|31|15|30|1043300|1.68|1.57|1.58|1.61|1.0||
AFMD|7|NASDAQ|2020|3|30|15|30|1197200|1.69|1.57|1.61|1.61|0.0||
AFMD|8|NASDAQ|2020|3|27|14|30|1334700|1.735|1.52|1.56|1.57|0.0||
AFMD|9|NASDAQ|2020|3|26|14|30|2206400|1.68|1.56|1.57|1.62|0.0||
AFMD|10|NASDAQ|2020|3|25|14|30|1876800|1.74|1.585|1.61|1.71|0.0||
AFMD|11|NASDAQ|2020|3|24|14|30|1350100|1.81|1.68|1.71|1.73|0.0||
AFMD|12|NASDAQ|2020|3|23|14|30|1276400|1.87|1.65|1.7|1.87|0.0||
AFMD|13|NASDAQ|2020|3|20|14|30|1180600|1.9|1.7|1.86|1.86|0.0||
AFMD|14|NASDAQ|2020|3|19|14|30|671200|1.83|1.47|1.83|1.47|0.0||
AFMD|15|NASDAQ|2020|3|18|14|30|660500|1.67|1.44|1.48|1.56|1.0||
AFMD|16|NASDAQ|2020|3|17|14|30|960500|1.68|1.42|1.67|1.5|0.0||
AFMD|17|NASDAQ|2020|3|16|14|30|804200|1.63|1.42|1.44|1.55|1.0||
AFMD|18|NASDAQ|2020|3|13|14|30|1012900|1.89|1.49|1.685|1.76|0.0||
AFMD|19|NASDAQ|2020|3|12|14|30|991800|1.75|1.59|1.6|1.59|0.0||
AFMD|20|NASDAQ|2020|3|11|14|30|1490700|1.975|1.8|1.82|1.96|0.0||
AFMD|21|NASDAQ|2020|3|10|14|30|743600|2.09|1.94|2.01|2.06|0.0||
AFMD|22|NASDAQ|2020|3|9|14|30|866400|2.15|1.98|2.0|2.12|0.0||
AFMD|23|NASDAQ|2020|3|6|15|30|794800|2.36|2.21|2.24|2.27|0.0||
AFMD|24|NASDAQ|2020|3|5|15|30|858700|2.455|2.28|2.36|2.41|0.0||
AFMD|25|NASDAQ|2020|3|4|15|30|746300|2.555|2.4|2.46|2.46|0.0||
AFMD|26|NASDAQ|2020|3|3|15|30|570500|2.51|2.32|2.4|2.41|0.0||
AFMD|27|NASDAQ|2020|3|2|15|30|689600|2.43|2.33|2.42|2.36|0.0||
AFMD|28|NASDAQ|2020|2|28|15|30|600600|2.425|2.21|2.36|2.23|0.0||
AFMD|29|NASDAQ|2020|2|27|15|30|897800|2.49|2.26|2.33|2.4|0.0||
AFMD|30|NASDAQ|2020|2|26|15|30|710700|2.43|2.28|2.42|2.32|0.0||
AFMD|31|NASDAQ|2020|2|25|15|30|989000|2.58|2.31|2.32|2.5|0.0||
AFMD|32|NASDAQ|2020|2|24|15|30|664400|2.62|2.43|2.5|2.58|0.0||
AFMD|33|NASDAQ|2020|2|21|15|30|423300|2.76|2.62|2.7|2.75|0.0||
AFMD|34|NASDAQ|2020|2|20|15|30|428000|2.79|2.64|2.74|2.77|0.0||
AFMD|35|NASDAQ|2020|2|19|15|30|506900|2.76|2.68|2.75|2.71|0.0||
AFMD|36|NASDAQ|2020|2|18|15|30|401900|2.74|2.52|2.71|2.52|0.0||
AFMD|37|NASDAQ|2020|2|14|15|30|394900|2.65|2.52|2.53|2.56|0.0||
AFMD|38|NASDAQ|2020|2|13|15|30|564500|2.65|2.53|2.57|2.65|0.0||
AFMD|39|NASDAQ|2020|2|12|15|30|488000|2.67|2.57|2.64|2.64|0.0||
AFMD|40|NASDAQ|2020|2|11|15|30|494900|2.77|2.61|2.62|2.77|0.0||
AFMD|41|NASDAQ|2020|2|10|15|30|297300|2.76|2.611|2.74|2.66|0.0||
AFMD|42|NASDAQ|2020|2|7|15|30|359600|2.78|2.62|2.66|2.74|0.0||
AFMD|43|NASDAQ|2020|2|6|15|30|526600|2.8|2.7|2.75|2.79|0.0||
AFMD|44|NASDAQ|2020|2|5|15|30|362900|2.82|2.72|2.78|2.73|0.0||
AFMD|45|NASDAQ|2020|2|4|15|30|475800|2.77|2.57|2.69|2.62|0.0||
AFMD|46|NASDAQ|2020|2|3|15|30|751300|2.69|2.52|2.57|2.62|0.0||
AFMD|47|NASDAQ|2020|1|31|15|30|437700|2.67|2.6|2.62|2.67|0.0||
AFMD|48|NASDAQ|2020|1|30|15|30|717100|2.745|2.63|2.68|2.71|0.0||
AFMD|49|NASDAQ|2020|1|29|15|30|521600|2.79|2.72|2.76|2.76|0.0||
AFMD|50|NASDAQ|2020|1|28|15|30|551300|2.86|2.71|2.78|2.77|0.0||
AFMD|51|NASDAQ|2020|1|27|15|30|715000|2.84|2.7|2.73|2.8|0.0||
AFMD|52|NASDAQ|2020|1|24|15|30|661000|3.05|2.86|2.9|3.01|0.0||
AFMD|53|NASDAQ|2020|1|23|15|30|565200|3.0|2.81|2.94|2.88|0.0||
AFMD|54|NASDAQ|2020|1|22|15|30|798300|2.975|2.88|2.9|2.93|0.0||
AFMD|55|NASDAQ|2020|1|21|15|30|924100|3.07|2.83|2.9|3.0|0.0||
AFMD|56|NASDAQ|2020|1|17|15|30|2441700|3.08|2.95|3.02|2.96|0.0||
AFMD|57|NASDAQ|2020|1|16|15|30|834200|2.96|2.79|2.96|2.85|0.0||
AFMD|58|NASDAQ|2020|1|15|15|30|609800|2.86|2.7|2.84|2.71|0.0||
AFMD|59|NASDAQ|2020|1|14|15|30|541300|2.8|2.665|2.71|2.72|0.0||
AFMD|60|NASDAQ|2020|1|13|15|30|538000|2.77|2.59|2.68|2.76|0.0||
AFMD|61|NASDAQ|2020|1|10|15|30|616800|2.904|2.73|2.75|2.9|0.0||
AFMD|62|NASDAQ|2020|1|9|15|30|529100|2.75|2.54|2.75|2.54|0.0||
AFMD|63|NASDAQ|2020|1|8|15|30|557800|2.52|2.4|2.51|2.5|0.0||
AFMD|64|NASDAQ|2020|1|7|15|30|692100|2.541|2.46|2.49|2.51|0.0||
AFMD|65|NASDAQ|2020|1|6|15|30|1303100|2.59|2.48|2.52|2.59|0.0||
AFMD|66|NASDAQ|2020|1|3|15|30|681300|2.67|2.54|2.55|2.63|0.0||
AFMD|67|NASDAQ|2020|1|2|15|30|666800|2.79|2.6|2.65|2.78|0.0||
AFMD|68|NASDAQ|2019|12|31|15|30|490500|2.86|2.72|2.74|2.77|0.0||
AFMD|69|NASDAQ|2019|12|30|15|30|716000|2.785|2.62|2.78|2.7|0.0||
AFMD|70|NASDAQ|2019|12|27|15|30|622700|2.85|2.67|2.73|2.82|0.0||
AFMD|71|NASDAQ|2019|12|26|15|30|980600|2.97|2.78|2.82|2.96|0.0||
AFMD|72|NASDAQ|2019|12|24|15|30|481900|2.99|2.91|2.97|2.95|0.0||
AFMD|73|NASDAQ|2019|12|23|15|30|1697500|2.99|2.63|2.94|2.74|0.0||
AFMD|74|NASDAQ|2019|12|20|15|30|3079900|2.79|2.68|2.75|2.74|0.0||
AFMD|75|NASDAQ|2019|12|19|15|30|931800|2.815|2.66|2.74|2.79|0.0||
AFMD|76|NASDAQ|2019|12|18|15|30|832400|2.83|2.67|2.8|2.77|0.0||
AFMD|77|NASDAQ|2019|12|17|15|30|1232100|2.8|2.57|2.77|2.66|0.0||
AFMD|78|NASDAQ|2019|12|16|15|30|934200|2.68|2.53|2.59|2.58|0.0||
AFMD|79|NASDAQ|2019|12|13|15|30|908900|2.58|2.46|2.55|2.46|0.0||
AFMD|80|NASDAQ|2019|12|12|15|30|1022900|2.5|2.28|2.49|2.28|0.0||
AFMD|81|NASDAQ|2019|12|11|15|30|725700|2.32|2.25|2.3|2.3|1.0||
AFMD|82|NASDAQ|2019|12|10|15|30|1890400|2.32|2.24|2.28|2.25|1.0||
AFMD|83|NASDAQ|2019|12|9|15|30|2077700|2.36|2.22|2.25|2.29|1.0||
AFMD|84|NASDAQ|2019|12|6|15|30|921900|2.35|2.26|2.28|2.33|0.0||
AFMD|85|NASDAQ|2019|12|5|15|30|790400|2.352|2.28|2.31|2.32|0.0||
AFMD|86|NASDAQ|2019|12|4|15|30|908700|2.49|2.28|2.33|2.49|0.0||
AFMD|87|NASDAQ|2019|12|3|15|30|793800|2.55|2.43|2.44|2.47|0.0||
AFMD|88|NASDAQ|2019|12|2|15|30|726000|2.62|2.44|2.5|2.61|0.0||
AFMD|89|NASDAQ|2019|11|29|15|30|291800|2.58|2.5|2.58|2.55|0.0||
AFMD|90|NASDAQ|2019|11|27|15|30|512900|2.56|2.41|2.54|2.41|0.0||
AFMD|91|NASDAQ|2019|11|26|15|30|404800|2.505|2.43|2.46|2.45|0.0||
AFMD|92|NASDAQ|2019|11|25|15|30|722500|2.58|2.42|2.47|2.42|0.0||
AFMD|93|NASDAQ|2019|11|22|15|30|658500|2.46|2.31|2.38|2.4|0.0||
AFMD|94|NASDAQ|2019|11|21|15|30|1628700|2.37|2.18|2.365|2.24|0.0||
AFMD|95|NASDAQ|2019|11|20|15|30|837800|2.37|2.2|2.27|2.32|0.0||
AFMD|96|NASDAQ|2019|11|19|15|30|1319400|2.45|2.28|2.34|2.44|0.0||
AFMD|97|NASDAQ|2019|11|18|15|30|508800|2.48|2.4|2.43|2.46|0.0||
AFMD|98|NASDAQ|2019|11|15|15|30|629300|2.52|2.43|2.47|2.44|0.0||
AFMD|99|NASDAQ|2019|11|14|15|30|713500|2.52|2.41|2.42|2.41|0.0||
AFMD|100|NASDAQ|2019|11|13|15|30|1382200|2.55|2.28|2.34|2.54|0.0||
AFMD|101|NASDAQ|2019|11|12|15|30|606900|2.61|2.51|2.52|2.57|0.0||
AFMD|102|NASDAQ|2019|11|11|15|30|442300|2.7|2.55|2.6|2.57|0.0||
AFMD|103|NASDAQ|2019|11|8|15|30|2433500|2.63|2.53|2.57|2.55|0.0||
AFMD|104|NASDAQ|2019|11|7|15|30|476900|3.08|2.87|2.89|3.05|0.0||
AFMD|105|NASDAQ|2019|11|6|15|30|417200|3.17|3.0|3.04|3.06|0.0||
AFMD|106|NASDAQ|2019|11|5|15|30|324200|3.08|2.93|3.06|3.05|0.0||
AFMD|107|NASDAQ|2019|11|4|15|30|338700|3.15|2.97|3.03|3.1|0.0||
AFMD|108|NASDAQ|2019|11|1|14|30|414200|3.1|2.89|3.07|2.97|0.0||
AFMD|109|NASDAQ|2019|10|31|14|30|531400|2.94|2.76|2.94|2.79|0.0||
AFMD|110|NASDAQ|2019|10|30|14|30|307100|2.85|2.71|2.805|2.84|0.0||
AFMD|111|NASDAQ|2019|10|29|14|30|568300|2.85|2.77|2.83|2.83|0.0||
AFMD|112|NASDAQ|2019|10|28|14|30|523100|2.835|2.72|2.83|2.82|0.0||
AFMD|113|NASDAQ|2019|10|25|15|30|386600|2.91|2.75|2.83|2.79|0.0||
AFMD|114|NASDAQ|2019|10|24|15|30|178900|2.845|2.75|2.79|2.79|0.0||
AFMD|115|NASDAQ|2019|10|23|15|30|461200|2.86|2.71|2.82|2.82|0.0||
AFMD|116|NASDAQ|2019|10|22|15|30|479200|3.07|2.75|2.8|2.97|0.0||
AFMD|117|NASDAQ|2019|10|21|15|30|228900|2.97|2.9|2.95|2.91|0.0||
AFMD|118|NASDAQ|2019|10|18|15|30|401800|3.08|2.84|2.88|3.02|0.0||
AFMD|119|NASDAQ|2019|10|17|15|30|377900|3.12|3.02|3.06|3.03|0.0||
AFMD|120|NASDAQ|2019|10|16|15|30|426300|3.1|2.93|3.03|2.95|0.0||
AFMD|121|NASDAQ|2019|10|15|15|30|610000|3.04|2.73|2.93|2.73|0.0||
AFMD|122|NASDAQ|2019|10|14|15|30|324800|2.75|2.64|2.67|2.74|0.0||
AFMD|123|NASDAQ|2019|10|11|15|30|273600|2.77|2.68|2.74|2.68|||
AFMD|124|NASDAQ|2019|10|10|15|30|361000|2.7|2.62|2.65|2.64|||
AFMD|125|NASDAQ|2019|10|9|15|30|464900|2.75|2.62|2.64|2.71|||
AFMD|126|NASDAQ|2019|10|8|15|30|292100|2.79|2.71|2.72|2.76|||
AFYA|0|NASDAQ|2020|4|8|20|15|177635|21.58|19.6|20.99|21.58|||
AFYA|1|NASDAQ|2020|4|7|15|30|488900|23.09|19.51|21.42|20.07|||
AFYA|2|NASDAQ|2020|4|6|15|30|399300|19.379999|17.02|19.17|18.799999|||
AFYA|3|NASDAQ|2020|4|3|15|30|216900|18.975|17.24|18.1|18.9|||
AFYA|4|NASDAQ|2020|4|2|15|30|182300|19.17|16.223|18.93|17.719998999999994|||
AFYA|5|NASDAQ|2020|4|1|15|30|174200|19.309999|17.33|17.950001|19.309999|1.0||
AFYA|6|NASDAQ|2020|3|31|15|30|409100|21.370001|18.610001|19.059999|19.49|0.0||
AFYA|7|NASDAQ|2020|3|30|15|30|331700|20.68|18.18|19.700001|19.139999|0.0||
AFYA|8|NASDAQ|2020|3|27|14|30|761000|21.17|17.09|19.15|17.09|0.0||
AFYA|9|NASDAQ|2020|3|26|14|30|217300|19.455|18.110001|18.67|18.379999|0.0||
AFYA|10|NASDAQ|2020|3|25|14|30|157200|19.34|16.629998999999998|17.99|16.68|0.0||
AFYA|11|NASDAQ|2020|3|24|14|30|480100|16.799999|14.31|16.559998999999998|14.75|1.0||
AFYA|12|NASDAQ|2020|3|23|14|30|165400|15.956|13.98|13.99|15.01|1.0||
AFYA|13|NASDAQ|2020|3|20|14|30|260300|18.75|14.73|15.07|17.76|0.0||
AFYA|14|NASDAQ|2020|3|19|14|30|226400|17.83|15.12|16.67|15.12|0.0||
AFYA|15|NASDAQ|2020|3|18|14|30|338200|19.73|14.99|15.31|18.73|0.0||
AFYA|16|NASDAQ|2020|3|17|14|30|389800|20.83|15.73|20.01|17.48|0.0||
AFYA|17|NASDAQ|2020|3|16|14|30|363200|19.49|16.92|17.219998999999998|17.719998999999994|0.0||
AFYA|18|NASDAQ|2020|3|13|14|30|804200|21.49|16.379998999999998|19.030001|18.18|0.0||
AFYA|19|NASDAQ|2020|3|12|14|30|805800|17.83|14.74|16.98|17.469998999999998|0.0||
AFYA|20|NASDAQ|2020|3|11|14|30|328800|21.01|18.67|18.940001|20.92|0.0||
AFYA|21|NASDAQ|2020|3|10|14|30|531300|22.620001|20.58|21.389999|21.91|0.0||
AFYA|22|NASDAQ|2020|3|9|14|30|741900|22.190001|19.33|21.379999|22.190001|0.0||
AFYA|23|NASDAQ|2020|3|6|15|30|412300|24.4|22.73|23.15|23.92|0.0||
AFYA|24|NASDAQ|2020|3|5|15|30|441300|25.955|24.32|24.379999|25.43|0.0||
AFYA|25|NASDAQ|2020|3|4|15|30|269500|26.059999|24.92|25.709999|25.440001|0.0||
AFYA|26|NASDAQ|2020|3|3|15|30|695400|25.620001|24.59|25.129999|24.700001|0.0||
AFYA|27|NASDAQ|2020|3|2|15|30|540700|25.049999|23.85|24.700001|23.99|0.0||
AFYA|28|NASDAQ|2020|2|28|15|30|1021400|24.629999|22.969999|23.780001|24.360001|0.0||
AFYA|29|NASDAQ|2020|2|27|15|30|469400|25.01|23.209999|24.639999|24.1|0.0||
AFYA|30|NASDAQ|2020|2|26|15|30|582100|25.52|24.32|24.65|25.280001|0.0||
AFYA|31|NASDAQ|2020|2|25|15|30|295500|26.4|24.931|25.309999|26.309999|0.0||
AFYA|32|NASDAQ|2020|2|24|15|30|727300|27.040001|25.35|26.049999|26.459999|0.0||
AFYA|33|NASDAQ|2020|2|21|15|30|782700|28.16|26.219999|26.799999|26.440001|0.0||
AFYA|34|NASDAQ|2020|2|20|15|30|436200|26.98|26.15|26.450001|26.25|0.0||
AFYA|35|NASDAQ|2020|2|19|15|30|309000|26.889999|26.24|26.450001|26.610001|0.0||
AFYA|36|NASDAQ|2020|2|18|15|30|329200|27.195999|25.92|26.530001|26.92|0.0||
AFYA|37|NASDAQ|2020|2|14|15|30|289800|27.700001|27.049999|27.049999|27.389999|0.0||
AFYA|38|NASDAQ|2020|2|13|15|30|145500|27.700001|27.08|27.58|27.35|0.0||
AFYA|39|NASDAQ|2020|2|12|15|30|561000|27.74|26.974001|27.459999|27.120001|0.0||
AFYA|40|NASDAQ|2020|2|11|15|30|841200|27.65|26.959999|27.33|27.290001|0.0||
AFYA|41|NASDAQ|2020|2|10|15|30|1196200|27.32|26.860001|27.18|27.32|0.0||
AFYA|42|NASDAQ|2020|2|7|15|30|2398800|27.709999|26.950001|27.42|27.299999|0.0||
AFYA|43|NASDAQ|2020|2|6|15|30|332000|28.76|27.360001|28.01|27.360001|0.0||
AFYA|44|NASDAQ|2020|2|5|15|30|776100|29.860001|26.84|27.450001|29.860001|0.0||
AFYA|45|NASDAQ|2020|2|4|15|30|84000|30.555|29.24|30.139999|30.34|0.0||
AFYA|46|NASDAQ|2020|2|3|15|30|286200|30.959999|29.66|30.200001|30.27|0.0||
AFYA|47|NASDAQ|2020|1|31|15|30|121800|30.98|29.040001|29.860001|29.969999|0.0||
AFYA|48|NASDAQ|2020|1|30|15|30|104300|30.23|28.74|29.98|28.83|0.0||
AFYA|49|NASDAQ|2020|1|29|15|30|110000|29.280001|28.82|29.1|28.83|0.0||
AFYA|50|NASDAQ|2020|1|28|15|30|58900|29.25|28.6|28.93|28.92|0.0||
AFYA|51|NASDAQ|2020|1|27|15|30|87300|29.059999|28.030001|28.82|28.67|0.0||
AFYA|52|NASDAQ|2020|1|24|15|30|141400|29.1|28.200001|28.85|29.1|0.0||
AFYA|53|NASDAQ|2020|1|23|15|30|62300|29.58|28.165001|28.93|29.09|0.0||
AFYA|54|NASDAQ|2020|1|22|15|30|155200|29.555|28.6|29.030001|29.02|0.0||
AFYA|55|NASDAQ|2020|1|21|15|30|435800|29.73|28.43|29.129999|28.959999|0.0||
AFYA|56|NASDAQ|2020|1|17|15|30|508100|28.950001|28.313999|28.75|28.639999|0.0||
AFYA|57|NASDAQ|2020|1|16|15|30|295800|28.549999|28.15|28.389999|28.370001|0.0||
AFYA|58|NASDAQ|2020|1|15|15|30|345800|28.6|27.299999|28.27|28.41|0.0||
AFYA|59|NASDAQ|2020|1|14|15|30|165600|27.49|27.129999|27.299999|27.49|0.0||
AFYA|60|NASDAQ|2020|1|13|15|30|301000|29.18|27.02|27.49|28.040001|0.0||
AFYA|61|NASDAQ|2020|1|10|15|30|176100|28.9|28.17|28.33|28.33|0.0||
AFYA|62|NASDAQ|2020|1|9|15|30|103300|29.42|27.790001|28.26|28.129999|0.0||
AFYA|63|NASDAQ|2020|1|8|15|30|95800|28.209999|26.91|28.059999|27.43|0.0||
AFYA|64|NASDAQ|2020|1|7|15|30|61300|27.740999|26.690001|27.469999|26.690001|0.0||
AFYA|65|NASDAQ|2020|1|6|15|30|67700|27.459999|26.610001|26.92|27.209999|0.0||
AFYA|66|NASDAQ|2020|1|3|15|30|43800|27.77|27.16|27.35|27.379999|0.0||
AFYA|67|NASDAQ|2020|1|2|15|30|73300|27.780001|26.67|27.58|27.370001|0.0||
AFYA|68|NASDAQ|2019|12|31|15|30|101500|27.129999|26.665001|27.120001|26.83|0.0||
AFYA|69|NASDAQ|2019|12|30|15|30|64800|27.5|26.530001|26.85|27.16|0.0||
AFYA|70|NASDAQ|2019|12|27|15|30|56500|27.540001|26.809999|27.120001|27.290001|0.0||
AFYA|71|NASDAQ|2019|12|26|15|30|80000|27.870001|26.51|27.16|27.49|0.0||
AFYA|72|NASDAQ|2019|12|24|15|30|25900|28.389999|27.209999|27.469999|27.43|0.0||
AFYA|73|NASDAQ|2019|12|23|15|30|128400|28.33|26.93|27.559999|28.219999|0.0||
AFYA|74|NASDAQ|2019|12|20|15|30|82000|29.67|27.84|28.299999|28.51|0.0||
AFYA|75|NASDAQ|2019|12|19|15|30|322200|29.25|27.98|28.549999|27.98|0.0||
AFYA|76|NASDAQ|2019|12|18|15|30|197400|29.35|27.709999|28.139999|27.950001|0.0||
AFYA|77|NASDAQ|2019|12|17|15|30|216000|28.705|26.51|27.99|26.77|0.0||
AFYA|78|NASDAQ|2019|12|16|15|30|138900|26.98|25.85|26.34|26.440001|0.0||
AFYA|79|NASDAQ|2019|12|13|15|30|438000|27.555|25.67|26.540001|27.0|0.0||
AFYA|80|NASDAQ|2019|12|12|15|30|133400|28.415001|27.0|27.1|28.0|0.0||
AFYA|81|NASDAQ|2019|12|11|15|30|109800|28.559999|27.719999|27.969999|27.85|0.0||
AFYA|82|NASDAQ|2019|12|10|15|30|99200|28.16|27.25|27.799999|27.85|0.0||
AFYA|83|NASDAQ|2019|12|9|15|30|131600|29.315001|27.48|28.030001|29.15|0.0||
AFYA|84|NASDAQ|2019|12|6|15|30|128300|29.879999|28.48|29.33|29.620001|0.0||
AFYA|85|NASDAQ|2019|12|5|15|30|175600|30.0|28.91|29.709999|29.27|0.0||
AFYA|86|NASDAQ|2019|12|4|15|30|77100|29.799999|28.33|29.389999|28.33|0.0||
AFYA|87|NASDAQ|2019|12|3|15|30|139000|29.75|28.110001|28.51|29.620001|0.0||
AFYA|88|NASDAQ|2019|12|2|15|30|271400|34.869999|28.549999|29.41|29.85|0.0||
AFYA|89|NASDAQ|2019|11|29|15|30|84600|27.99|26.559999|27.540001|26.84|0.0||
AFYA|90|NASDAQ|2019|11|27|15|30|65700|27.25|26.5|26.93|26.709999|0.0||
AFYA|91|NASDAQ|2019|11|26|15|30|47400|27.85|26.719999|26.93|27.18|0.0||
AFYA|92|NASDAQ|2019|11|25|15|30|151800|27.77|25.389999|27.23|27.77|0.0||
AFYA|93|NASDAQ|2019|11|22|15|30|125300|28.285|27.27|27.65|28.190001|0.0||
AFYA|94|NASDAQ|2019|11|21|15|30|143200|28.23|27.15|28.120001|28.01|0.0||
AFYA|95|NASDAQ|2019|11|20|15|30|149000|28.129999|27.02|28.105|27.540001|0.0||
AFYA|96|NASDAQ|2019|11|19|15|30|58900|28.860001|26.18|27.639999|27.84|0.0||
AFYA|97|NASDAQ|2019|11|18|15|30|112900|28.98|27.42|27.83|27.950001|0.0||
AFYA|98|NASDAQ|2019|11|15|15|30|141100|27.98|26.75|27.65|27.209999|0.0||
AFYA|99|NASDAQ|2019|11|14|15|30|93700|27.59|25.98|27.129999|26.639999|0.0||
AFYA|100|NASDAQ|2019|11|13|15|30|105700|27.200001|25.959999|26.530001|26.84|0.0||
AFYA|101|NASDAQ|2019|11|12|15|30|136900|28.459999|26.82|27.0|27.59|0.0||
AFYA|102|NASDAQ|2019|11|11|15|30|174100|27.77|26.799999|27.59|26.83|0.0||
AFYA|103|NASDAQ|2019|11|8|15|30|54100|27.76|26.76|27.0|27.450001|0.0||
AFYA|104|NASDAQ|2019|11|7|15|30|116100|27.799999|26.4|27.290001|27.030001|0.0||
AFYA|105|NASDAQ|2019|11|6|15|30|66900|27.379999|26.99|27.18|27.01|0.0||
AFYA|106|NASDAQ|2019|11|5|15|30|176800|27.690001|26.26|27.15|26.67|0.0||
AFYA|107|NASDAQ|2019|11|4|15|30|114900|27.57|26.4|26.84|26.530001|0.0||
AFYA|108|NASDAQ|2019|11|1|14|30|118800|27.040001|26.43|26.48|27.02|0.0||
AFYA|109|NASDAQ|2019|10|31|14|30|98600|27.049999|26.290001|27.0|27.01|0.0||
AFYA|110|NASDAQ|2019|10|30|14|30|439200|28.120001|26.23|26.66|27.309999|0.0||
AFYA|111|NASDAQ|2019|10|29|14|30|250600|27.91|26.58|27.469999|26.889999|0.0||
AFYA|112|NASDAQ|2019|10|28|14|30|389800|27.5|25.27|26.870001|25.65|0.0||
AFYA|113|NASDAQ|2019|10|25|15|30|181900|26.01|24.860001|25.76|24.860001|0.0||
AFYA|114|NASDAQ|2019|10|24|15|30|81600|25.860001|24.91|25.200001|25.52|0.0||
AFYA|115|NASDAQ|2019|10|23|15|30|257900|25.459999|24.51|25.459999|25.120001|0.0||
AFYA|116|NASDAQ|2019|10|22|15|30|43600|25.66|24.68|25.120001|25.450001|0.0||
AFYA|117|NASDAQ|2019|10|21|15|30|91000|25.959999|24.841|25.299999|25.469999|0.0||
AFYA|118|NASDAQ|2019|10|18|15|30|56800|25.84|24.700001|25.5|25.77|0.0||
AFYA|119|NASDAQ|2019|10|17|15|30|100700|26.360001|25.049999|25.799999|26.200001|0.0||
AFYA|120|NASDAQ|2019|10|16|15|30|105200|26.360001|25.549999|25.93|25.889999|0.0||
AFYA|121|NASDAQ|2019|10|15|15|30|63800|26.18|24.959999|25.969999|25.280001|0.0||
AFYA|122|NASDAQ|2019|10|14|15|30|53500|25.459999|24.809999|25.290001|25.360001|0.0||
AFYA|123|NASDAQ|2019|10|11|15|30|56200|25.790001|24.969999|25.48|25.790001|||
AFYA|124|NASDAQ|2019|10|10|15|30|53200|25.469999|24.799999|25.1|25.41|||
AFYA|125|NASDAQ|2019|10|9|15|30|130300|25.895|24.594999|25.18|25.700001|||
AFYA|126|NASDAQ|2019|10|8|15|30|175300|26.684999|24.639999|25.5|25.780001|||
AGEN|0|NASDAQ|2020|4|8|20|14|1225406|2.45|2.31|2.325|2.44|||
AGEN|1|NASDAQ|2020|4|7|15|30|5180300|2.69|2.36|2.38|2.53|||
AGEN|2|NASDAQ|2020|4|6|15|30|2205100|2.54|2.42|2.47|2.42|||
AGEN|3|NASDAQ|2020|4|3|15|30|1212200|2.43|2.32|2.37|2.35|||
AGEN|4|NASDAQ|2020|4|2|15|30|1288700|2.41|2.27|2.37|2.28|||
AGEN|5|NASDAQ|2020|4|1|15|30|1316900|2.45|2.25|2.31|2.37|0.0||
AGEN|6|NASDAQ|2020|3|31|15|30|1110500|2.47|2.34|2.45|2.39|0.0||
AGEN|7|NASDAQ|2020|3|30|15|30|2085900|2.48|2.32|2.4|2.33|0.0||
AGEN|8|NASDAQ|2020|3|27|14|30|1780700|2.48|2.3|2.35|2.37|0.0||
AGEN|9|NASDAQ|2020|3|26|14|30|1665300|2.55|2.34|2.44|2.38|0.0||
AGEN|10|NASDAQ|2020|3|25|14|30|2675000|2.58|2.25|2.38|2.3|0.0||
AGEN|11|NASDAQ|2020|3|24|14|30|1998800|2.29|2.01|2.28|2.06|0.0||
AGEN|12|NASDAQ|2020|3|23|14|30|2665500|2.02|1.82|1.99|1.91|1.0||
AGEN|13|NASDAQ|2020|3|20|14|30|2916500|2.12|1.89|1.92|2.07|1.0||
AGEN|14|NASDAQ|2020|3|19|14|30|2583900|2.16|1.95|2.05|2.1|0.0||
AGEN|15|NASDAQ|2020|3|18|14|30|2134600|2.22|1.94|2.12|2.03|0.0||
AGEN|16|NASDAQ|2020|3|17|14|30|2657400|2.32|2.01|2.16|2.3|0.0||
AGEN|17|NASDAQ|2020|3|16|14|30|1884400|2.39|2.21|2.23|2.29|0.0||
AGEN|18|NASDAQ|2020|3|13|14|30|2894000|2.85|2.47|2.52|2.8|0.0||
AGEN|19|NASDAQ|2020|3|12|14|30|3210900|2.73|2.43|2.61|2.72|0.0||
AGEN|20|NASDAQ|2020|3|11|14|30|3545600|3.03|2.69|2.72|2.77|0.0||
AGEN|21|NASDAQ|2020|3|10|14|30|16616200|2.84|2.4|2.81|2.43|0.0||
AGEN|22|NASDAQ|2020|3|9|14|30|4498200|2.51|2.25|2.35|2.33|0.0||
AGEN|23|NASDAQ|2020|3|6|15|30|7325700|2.74|2.36|2.44|2.4|0.0||
AGEN|24|NASDAQ|2020|3|5|15|30|1817600|2.53|2.42|2.44|2.51|0.0||
AGEN|25|NASDAQ|2020|3|4|15|30|1846900|2.62|2.48|2.54|2.55|0.0||
AGEN|26|NASDAQ|2020|3|3|15|30|2495700|2.75|2.48|2.5|2.65|0.0||
AGEN|27|NASDAQ|2020|3|2|15|30|2126600|2.66|2.43|2.6|2.53|0.0||
AGEN|28|NASDAQ|2020|2|28|15|30|3217500|2.65|2.47|2.53|2.65|0.0||
AGEN|29|NASDAQ|2020|2|27|15|30|2175600|2.99|2.65|2.67|2.92|0.0||
AGEN|30|NASDAQ|2020|2|26|15|30|1445600|3.08|2.84|2.95|2.95|0.0||
AGEN|31|NASDAQ|2020|2|25|15|30|2417500|3.38|2.88|2.97|3.36|0.0||
AGEN|32|NASDAQ|2020|2|24|15|30|2455300|3.48|3.12|3.36|3.45|0.0||
AGEN|33|NASDAQ|2020|2|21|15|30|2720500|3.88|3.5|3.52|3.83|0.0||
AGEN|34|NASDAQ|2020|2|20|15|30|4037400|4.42|3.77|3.79|4.39|0.0||
AGEN|35|NASDAQ|2020|2|19|15|30|3953200|4.42|3.94|4.39|3.94|0.0||
AGEN|36|NASDAQ|2020|2|18|15|30|1557200|3.91|3.63|3.9|3.67|0.0||
AGEN|37|NASDAQ|2020|2|14|15|30|609700|3.72|3.55|3.66|3.66|0.0||
AGEN|38|NASDAQ|2020|2|13|15|30|680700|3.87|3.65|3.66|3.83|0.0||
AGEN|39|NASDAQ|2020|2|12|15|30|843700|3.87|3.77|3.84|3.77|0.0||
AGEN|40|NASDAQ|2020|2|11|15|30|724200|3.81|3.73|3.79|3.77|0.0||
AGEN|41|NASDAQ|2020|2|10|15|30|1334100|3.77|3.58|3.74|3.6|0.0||
AGEN|42|NASDAQ|2020|2|7|15|30|1099000|3.68|3.54|3.61|3.55|0.0||
AGEN|43|NASDAQ|2020|2|6|15|30|1365000|3.66|3.44|3.55|3.65|0.0||
AGEN|44|NASDAQ|2020|2|5|15|30|2877300|3.74|3.55|3.64|3.71|0.0||
AGEN|45|NASDAQ|2020|2|4|15|30|1075700|3.73|3.64|3.67|3.72|0.0||
AGEN|46|NASDAQ|2020|2|3|15|30|946100|3.8|3.67|3.68|3.75|0.0||
AGEN|47|NASDAQ|2020|1|31|15|30|1003100|3.83|3.71|3.74|3.8|0.0||
AGEN|48|NASDAQ|2020|1|30|15|30|798700|3.84|3.73|3.8|3.83|0.0||
AGEN|49|NASDAQ|2020|1|29|15|30|2183200|3.98|3.67|3.87|3.7|0.0||
AGEN|50|NASDAQ|2020|1|28|15|30|507500|3.76|3.68|3.71|3.74|0.0||
AGEN|51|NASDAQ|2020|1|27|15|30|1295600|3.78|3.64|3.71|3.71|0.0||
AGEN|52|NASDAQ|2020|1|24|15|30|642600|3.92|3.73|3.78|3.86|0.0||
AGEN|53|NASDAQ|2020|1|23|15|30|1410700|3.97|3.81|3.84|3.97|0.0||
AGEN|54|NASDAQ|2020|1|22|15|30|1570100|4.03|3.88|4.01|3.92|0.0||
AGEN|55|NASDAQ|2020|1|21|15|30|775400|3.95|3.8|3.9|3.9|0.0||
AGEN|56|NASDAQ|2020|1|17|15|30|1736700|4.07|3.87|3.94|3.89|0.0||
AGEN|57|NASDAQ|2020|1|16|15|30|1008600|3.87|3.7|3.85|3.75|0.0||
AGEN|58|NASDAQ|2020|1|15|15|30|1324200|3.73|3.46|3.72|3.47|0.0||
AGEN|59|NASDAQ|2020|1|14|15|30|1196400|3.53|3.35|3.5|3.51|0.0||
AGEN|60|NASDAQ|2020|1|13|15|30|1440000|3.56|3.31|3.55|3.51|0.0||
AGEN|61|NASDAQ|2020|1|10|15|30|1236600|3.7|3.51|3.51|3.7|0.0||
AGEN|62|NASDAQ|2020|1|9|15|30|961100|3.86|3.62|3.68|3.68|0.0||
AGEN|63|NASDAQ|2020|1|8|15|30|920800|3.7|3.53|3.65|3.7|0.0||
AGEN|64|NASDAQ|2020|1|7|15|30|878000|3.84|3.66|3.71|3.79|0.0||
AGEN|65|NASDAQ|2020|1|6|15|30|720500|3.83|3.71|3.78|3.83|0.0||
AGEN|66|NASDAQ|2020|1|3|15|30|960300|3.98|3.82|3.86|3.98|0.0||
AGEN|67|NASDAQ|2020|1|2|15|30|998900|4.13|3.92|4.04|4.08|0.0||
AGEN|68|NASDAQ|2019|12|31|15|30|776200|4.13|4.0|4.07|4.01|0.0||
AGEN|69|NASDAQ|2019|12|30|15|30|744600|4.18|4.0|4.01|4.15|0.0||
AGEN|70|NASDAQ|2019|12|27|15|30|762400|4.24|4.1|4.14|4.19|0.0||
AGEN|71|NASDAQ|2019|12|26|15|30|1377900|4.27|4.12|4.17|4.15|0.0||
AGEN|72|NASDAQ|2019|12|24|15|30|679400|4.32|4.06|4.12|4.25|0.0||
AGEN|73|NASDAQ|2019|12|23|15|30|1265800|4.26|4.0|4.2|4.05|0.0||
AGEN|74|NASDAQ|2019|12|20|15|30|3103400|4.04|3.83|4.0|3.83|0.0||
AGEN|75|NASDAQ|2019|12|19|15|30|707200|3.89|3.64|3.82|3.69|0.0||
AGEN|76|NASDAQ|2019|12|18|15|30|1038700|3.87|3.63|3.69|3.83|0.0||
AGEN|77|NASDAQ|2019|12|17|15|30|496200|3.98|3.78|3.84|3.95|0.0||
AGEN|78|NASDAQ|2019|12|16|15|30|922400|4.01|3.82|3.93|3.84|0.0||
AGEN|79|NASDAQ|2019|12|13|15|30|568900|3.87|3.75|3.84|3.84|0.0||
AGEN|80|NASDAQ|2019|12|12|15|30|544300|3.97|3.81|3.83|3.9|0.0||
AGEN|81|NASDAQ|2019|12|11|15|30|582000|4.0|3.85|3.88|3.96|0.0||
AGEN|82|NASDAQ|2019|12|10|15|30|826300|4.0|3.82|3.95|3.87|0.0||
AGEN|83|NASDAQ|2019|12|9|15|30|619300|4.03|3.9|3.91|3.9|0.0||
AGEN|84|NASDAQ|2019|12|6|15|30|992300|4.1|3.9|3.91|4.07|0.0||
AGEN|85|NASDAQ|2019|12|5|15|30|1570300|4.08|3.75|4.07|3.95|0.0||
AGEN|86|NASDAQ|2019|12|4|15|30|1032500|4.11|3.92|3.94|4.03|0.0||
AGEN|87|NASDAQ|2019|12|3|15|30|950900|4.09|3.93|4.02|3.94|0.0||
AGEN|88|NASDAQ|2019|12|2|15|30|2015700|4.29|3.93|3.97|4.19|0.0||
AGEN|89|NASDAQ|2019|11|29|15|30|798700|4.25|4.09|4.19|4.1|0.0||
AGEN|90|NASDAQ|2019|11|27|15|30|751800|4.15|4.05|4.1|4.13|0.0||
AGEN|91|NASDAQ|2019|11|26|15|30|2749100|4.18|3.98|4.07|4.03|0.0||
AGEN|92|NASDAQ|2019|11|25|15|30|1455200|4.23|4.03|4.06|4.07|0.0||
AGEN|93|NASDAQ|2019|11|22|15|30|1164200|4.18|3.94|4.04|4.11|0.0||
AGEN|94|NASDAQ|2019|11|21|15|30|1734200|4.42|4.07|4.1|4.35|0.0||
AGEN|95|NASDAQ|2019|11|20|15|30|2700500|4.43|4.22|4.36|4.34|0.0||
AGEN|96|NASDAQ|2019|11|19|15|30|2733100|4.57|4.2|4.36|4.5|0.0||
AGEN|97|NASDAQ|2019|11|18|15|30|4643700|4.45|3.72|4.4|3.73|0.0||
AGEN|98|NASDAQ|2019|11|15|15|30|1455600|3.79|3.58|3.72|3.78|0.0||
AGEN|99|NASDAQ|2019|11|14|15|30|923000|3.87|3.7|3.74|3.78|1.0||
AGEN|100|NASDAQ|2019|11|13|15|30|1380600|3.82|3.71|3.77|3.71|1.0||
AGEN|101|NASDAQ|2019|11|12|15|30|2057600|4.01|3.68|3.72|3.94|1.0||
AGEN|102|NASDAQ|2019|11|11|15|30|2305700|3.97|3.56|3.9|3.61|0.0||
AGEN|103|NASDAQ|2019|11|8|15|30|1969800|3.82|3.51|3.57|3.64|0.0||
AGEN|104|NASDAQ|2019|11|7|15|30|3278500|3.74|3.34|3.69|3.61|0.0||
AGEN|105|NASDAQ|2019|11|6|15|30|2991800|3.67|3.2|3.66|3.23|0.0||
AGEN|106|NASDAQ|2019|11|5|15|30|2117800|3.24|2.92|3.23|3.1|1.0||
AGEN|107|NASDAQ|2019|11|4|15|30|2101800|3.14|2.86|3.07|2.9|1.0||
AGEN|108|NASDAQ|2019|11|1|14|30|1150200|2.86|2.59|2.85|2.6|1.0||
AGEN|109|NASDAQ|2019|10|31|14|30|963100|2.59|2.39|2.59|2.43|1.0||
AGEN|110|NASDAQ|2019|10|30|14|30|589000|2.5|2.4|2.46|2.47|1.0||
AGEN|111|NASDAQ|2019|10|29|14|30|755500|2.49|2.39|2.47|2.43|1.0||
AGEN|112|NASDAQ|2019|10|28|14|30|543100|2.47|2.37|2.42|2.39|1.0||
AGEN|113|NASDAQ|2019|10|25|15|30|366700|2.47|2.38|2.41|2.41|0.0||
AGEN|114|NASDAQ|2019|10|24|15|30|620000|2.52|2.4|2.43|2.5|0.0||
AGEN|115|NASDAQ|2019|10|23|15|30|402600|2.54|2.45|2.5|2.49|0.0||
AGEN|116|NASDAQ|2019|10|22|15|30|970900|2.62|2.47|2.48|2.55|0.0||
AGEN|117|NASDAQ|2019|10|21|15|30|1075800|2.7|2.55|2.56|2.66|0.0||
AGEN|118|NASDAQ|2019|10|18|15|30|891900|2.7|2.59|2.62|2.66|0.0||
AGEN|119|NASDAQ|2019|10|17|15|30|420200|2.72|2.61|2.68|2.61|0.0||
AGEN|120|NASDAQ|2019|10|16|15|30|513800|2.67|2.57|2.6|2.63|0.0||
AGEN|121|NASDAQ|2019|10|15|15|30|665500|2.76|2.59|2.64|2.67|0.0||
AGEN|122|NASDAQ|2019|10|14|15|30|458900|2.73|2.6|2.69|2.6|0.0||
AGEN|123|NASDAQ|2019|10|11|15|30|605100|2.69|2.59|2.63|2.62|||
AGEN|124|NASDAQ|2019|10|10|15|30|669100|2.72|2.61|2.61|2.64|||
AGEN|125|NASDAQ|2019|10|9|15|30|510200|2.74|2.63|2.64|2.67|||
AGEN|126|NASDAQ|2019|10|8|15|30|803100|2.7|2.58|2.64|2.62|||
AGNCM|0|NASDAQ|2020|4|8|20|11|65940|22.35|21.200001|22.219999|21.49|||
AGNCM|1|NASDAQ|2020|4|7|15|30|94300|21.99|20.059999|21.0|21.1|||
AGNCM|2|NASDAQ|2020|4|6|15|30|231700|21.110001|19.700001|21.07|19.99|||
AGNCM|3|NASDAQ|2020|4|3|15|30|87300|18.83|17.5|18.83|18.299999|||
AGNCM|4|NASDAQ|2020|4|2|15|30|87600|18.51|17.040001|18.34|17.459999|||
AGNCM|5|NASDAQ|2020|4|1|15|30|247000|18.25|17.08|17.49|18.139999|1.0||
AGNCM|6|NASDAQ|2020|3|31|15|30|69900|19.5|18.493999|18.790001|19.48|0.0||
AGNCM|7|NASDAQ|2020|3|30|15|30|70500|21.0|19.48|19.610001|21.0|0.0||
AGNCM|8|NASDAQ|2020|3|27|14|30|226200|21.09|19.6|20.726999|20.0|0.0||
AGNCM|9|NASDAQ|2020|3|26|14|30|173100|20.83|18.280001|20.25|18.280001|0.0||
AGNCM|10|NASDAQ|2020|3|25|14|30|159400|19.4|16.030001000000002|17.76|16.030001000000002|0.0||
AGNCM|11|NASDAQ|2020|3|24|14|30|178800|16.75|15.5|16.0|16.0|1.0||
AGNCM|12|NASDAQ|2020|3|23|14|30|358100|15.61|13.7|14.99|15.5|1.0||
AGNCM|13|NASDAQ|2020|3|20|14|30|189000|17.18|14.12|15.84|16.35|0.0||
AGNCM|14|NASDAQ|2020|3|19|14|30|160300|19.65|10.78|16.299999|10.78|0.0||
AGNCM|15|NASDAQ|2020|3|18|14|30|320300|17.025999|10.05|11.5|17.02|1.0||
AGNCM|16|NASDAQ|2020|3|17|14|30|110400|19.049999|17.02|17.26|19.049999|0.0||
AGNCM|17|NASDAQ|2020|3|16|14|30|75700|20.4|18.75|18.799999|19.0|0.0||
AGNCM|18|NASDAQ|2020|3|13|14|30|123900|21.174|19.0|20.700001|19.42|0.0||
AGNCM|19|NASDAQ|2020|3|12|14|30|109300|21.65|18.209999|19.35|20.879999|0.0||
AGNCM|20|NASDAQ|2020|3|11|14|30|92600|23.42|21.860001|22.389999|23.42|0.0||
AGNCM|21|NASDAQ|2020|3|10|14|30|116400|24.84|23.01|23.58|24.459999|0.0||
AGNCM|22|NASDAQ|2020|3|9|14|30|89100|25.379999|24.247999|24.35|24.75|0.0||
AGNCM|23|NASDAQ|2020|3|6|15|30|42000|25.34|25.02|25.02|25.325001|0.0||
AGNCM|24|NASDAQ|2020|3|5|15|30|128600|25.690001|25.4|25.4|25.65|0.0||
AGNCM|25|NASDAQ|2020|3|4|15|30|40700|25.825001|25.525|25.75|25.559999|0.0||
AGNCM|26|NASDAQ|2020|3|3|15|30|56100|25.767|25.110001|25.299999|25.35|0.0||
AGNCM|27|NASDAQ|2020|3|2|15|30|174600|25.360001|25.040001|25.299999|25.360001|0.0||
AGNCM|28|NASDAQ|2020|2|28|15|30|94200|25.66|24.870001|25.1|25.5|0.0||
AGNCM|29|NASDAQ|2020|2|27|15|30|53600|25.889999|25.57|25.700001|25.867001|0.0||
AGNCM|30|NASDAQ|2020|2|26|15|30|66500|26.030001|25.82|25.959999|25.85|0.0||
AGNCM|31|NASDAQ|2020|2|25|15|30|36900|26.07|25.82|25.82|25.9|0.0||
AGNCM|32|NASDAQ|2020|2|24|15|30|18800|25.99|25.82|25.83|25.99|0.0||
AGNCM|33|NASDAQ|2020|2|21|15|30|22200|26.190001|26.02|26.02|26.15|0.0||
AGNCM|34|NASDAQ|2020|2|20|15|30|30500|26.15|26.0|26.129999|26.07|0.0||
AGNCM|35|NASDAQ|2020|2|19|15|30|32900|26.156|26.059999|26.07|26.128|0.0||
AGNCM|36|NASDAQ|2020|2|18|15|30|18500|26.16|26.065001|26.1|26.16|0.0||
AGNCM|37|NASDAQ|2020|2|14|15|30|8400|26.110001|26.049999|26.1|26.059|0.0||
AGNCM|38|NASDAQ|2020|2|13|15|30|32500|26.120001|25.93|26.09|26.032|0.0||
AGNCM|39|NASDAQ|2020|2|12|15|30|29700|26.110001|25.9|26.08|25.9|0.0||
AGNCM|40|NASDAQ|2020|2|11|15|30|34000|26.132|25.91|25.950001|26.068001|0.0||
AGNCM|41|NASDAQ|2020|2|10|15|30|22500|26.138|26.059999|26.059999|26.1|0.0||
AGNCM|42|NASDAQ|2020|2|7|15|30|50000|26.17|25.969999|26.1|26.08|0.0||
AGNCM|43|NASDAQ|2020|2|6|15|30|26200|26.110001|25.959999|26.08|26.07|0.0||
AGNCM|44|NASDAQ|2020|2|5|15|30|38600|26.113001|25.98|26.1|25.99|0.0||
AGNCM|45|NASDAQ|2020|2|4|15|30|71800|26.110001|26.049999|26.07|26.110001|0.0||
AGNCM|46|NASDAQ|2020|2|3|15|30|26100|26.17|26.063|26.129999|26.17|0.0||
AGNCM|47|NASDAQ|2020|1|31|15|30|41400|26.120001|25.969999|26.120001|25.969999|0.0||
AGNCM|48|NASDAQ|2020|1|30|15|30|15600|26.02|25.92|26.0|25.921|0.0||
AGNCM|49|NASDAQ|2020|1|29|15|30|56700|25.952|25.799999|25.940001|25.950001|0.0||
AGNCM|50|NASDAQ|2020|1|28|15|30|41900|26.030001|25.809999|25.83|26.030001|0.0||
AGNCM|51|NASDAQ|2020|1|27|15|30|7100|26.030001|25.889999|25.988001|25.950001|0.0||
AGNCM|52|NASDAQ|2020|1|24|15|30|22800|26.030001|25.941|25.99|26.01|0.0||
AGNCM|53|NASDAQ|2020|1|23|15|30|13900|26.030001|25.93|25.940001|26.030001|0.0||
AGNCM|54|NASDAQ|2020|1|22|15|30|12000|25.99|25.964001|25.99|25.969999|0.0||
AGNCM|55|NASDAQ|2020|1|21|15|30|10600|26.030001|25.93|25.979|25.959999|0.0||
AGNCM|56|NASDAQ|2020|1|17|15|30|36300|26.040001|25.85|26.040001|25.969999|0.0||
AGNCM|57|NASDAQ|2020|1|16|15|30|13800|26.040001|25.959999|26.02|25.961|0.0||
AGNCM|58|NASDAQ|2020|1|15|15|30|19200|26.07|25.99|26.040001|26.07|0.0||
AGNCM|59|NASDAQ|2020|1|14|15|30|13500|26.049999|25.93|26.049999|26.0|0.0||
AGNCM|60|NASDAQ|2020|1|13|15|30|9800|26.040001|25.99|26.011|26.030001|0.0||
AGNCM|61|NASDAQ|2020|1|10|15|30|33200|26.030001|26.01|26.030001|26.030001|0.0||
AGNCM|62|NASDAQ|2020|1|9|15|30|30400|26.021999|25.882|25.99|25.882|0.0||
AGNCM|63|NASDAQ|2020|1|8|15|30|20500|25.959999|25.889999|25.950001|25.889999|0.0||
AGNCM|64|NASDAQ|2020|1|7|15|30|19500|26.07|25.823999|25.860001|26.07|0.0||
AGNCM|65|NASDAQ|2020|1|6|15|30|31700|25.93|25.76|25.9|25.93|0.0||
AGNCM|66|NASDAQ|2020|1|3|15|30|18400|25.929001|25.860001|25.889999|25.899|0.0||
AGNCM|67|NASDAQ|2020|1|2|15|30|20000|25.959999|25.719999|25.889999|25.719999|0.0||
AGNCM|68|NASDAQ|2019|12|31|15|30|17500|25.84|25.664|25.780001|25.719999|0.0||
AGNCM|69|NASDAQ|2019|12|30|15|30|158700|25.75|25.48|25.719999|25.48|0.0||
AGNCM|70|NASDAQ|2019|12|27|15|30|65200|26.040001|25.898001|26.040001|25.950001|0.0||
AGNCM|71|NASDAQ|2019|12|26|15|30|37000|26.049999|25.878|25.98|25.940001|0.0||
AGNCM|72|NASDAQ|2019|12|24|15|30|21800|25.969999|25.893999|25.940001|25.91|0.0||
AGNCM|73|NASDAQ|2019|12|23|15|30|17200|25.92|25.861|25.92|25.865999|0.0||
AGNCM|74|NASDAQ|2019|12|20|15|30|36800|25.950001|25.846001|25.92|25.879999|0.0||
AGNCM|75|NASDAQ|2019|12|19|15|30|24000|25.870001|25.799999|25.85|25.809999|0.0||
AGNCM|76|NASDAQ|2019|12|18|15|30|34500|25.809999|25.709999|25.809999|25.799999|0.0||
AGNCM|77|NASDAQ|2019|12|17|15|30|31200|25.75|25.690001|25.74|25.693001|0.0||
AGNCM|78|NASDAQ|2019|12|16|15|30|48800|25.74|25.686001|25.686001|25.74|0.0||
AGNCM|79|NASDAQ|2019|12|13|15|30|15700|25.719999|25.620001|25.700001|25.620001|0.0||
AGNCM|80|NASDAQ|2019|12|12|15|30|92700|25.674999|25.534|25.620001|25.629999|0.0||
AGNCM|81|NASDAQ|2019|12|11|15|30|29100|25.610001|25.49|25.6|25.5|0.0||
AGNCM|82|NASDAQ|2019|12|10|15|30|30800|25.545|25.450001|25.530001|25.451|0.0||
AGNCM|83|NASDAQ|2019|12|9|15|30|23200|25.5|25.458|25.459999|25.48|0.0||
AGNCM|84|NASDAQ|2019|12|6|15|30|10100|25.450001|25.4|25.440001|25.450001|0.0||
AGNCM|85|NASDAQ|2019|12|5|15|30|32200|25.5|25.375|25.450001|25.5|0.0||
AGNCM|86|NASDAQ|2019|12|4|15|30|35500|25.540001|25.455999|25.469999|25.537001|0.0||
AGNCM|87|NASDAQ|2019|12|3|15|30|36700|25.49|25.389999|25.450001|25.42|0.0||
AGNCM|88|NASDAQ|2019|12|2|15|30|52200|25.507|25.4|25.438|25.507|0.0||
AGNCM|89|NASDAQ|2019|11|29|15|30|44700|25.6|25.440001|25.440001|25.57|0.0||
AGNCM|90|NASDAQ|2019|11|27|15|30|58900|25.698999|25.530001|25.57|25.57|0.0||
AGNCM|91|NASDAQ|2019|11|26|15|30|19500|25.58|25.5|25.57|25.549999|0.0||
AGNCM|92|NASDAQ|2019|11|25|15|30|31000|25.59|25.52|25.559999|25.57|0.0||
AGNCM|93|NASDAQ|2019|11|22|15|30|75600|25.530001|25.459999|25.5|25.52|0.0||
AGNCM|94|NASDAQ|2019|11|21|15|30|37500|25.66|25.540001|25.620001|25.549999|0.0||
AGNCM|95|NASDAQ|2019|11|20|15|30|42000|25.52|25.459999|25.51|25.48|0.0||
AGNCM|96|NASDAQ|2019|11|19|15|30|18200|25.51|25.459999|25.5|25.486|0.0||
AGNCM|97|NASDAQ|2019|11|18|15|30|15600|25.572001|25.440001|25.469999|25.469999|0.0||
AGNCM|98|NASDAQ|2019|11|15|15|30|27100|25.468000000000004|25.41|25.459999|25.421|0.0||
AGNCM|99|NASDAQ|2019|11|14|15|30|69000|25.5|25.370001|25.440001|25.475|0.0||
AGNCM|100|NASDAQ|2019|11|13|15|30|63700|25.5|25.42|25.48|25.5|0.0||
AGNCM|101|NASDAQ|2019|11|12|15|30|25800|25.577999|25.471001|25.48|25.577999|0.0||
AGNCM|102|NASDAQ|2019|11|11|15|30|18900|25.540001|25.450001|25.469|25.450001|0.0||
AGNCM|103|NASDAQ|2019|11|8|15|30|19900|25.436001|25.325001|25.43|25.325001|0.0||
AGNCM|104|NASDAQ|2019|11|7|15|30|28600|25.389999|25.290001|25.34|25.34|0.0||
AGNCM|105|NASDAQ|2019|11|6|15|30|36200|25.43|25.33|25.33|25.35|0.0||
AGNCM|106|NASDAQ|2019|11|5|15|30|88800|25.459999|25.299999|25.309999|25.459999|0.0||
AGNCM|107|NASDAQ|2019|11|4|15|30|30600|25.48|25.360001|25.450001|25.42|0.0||
AGNCM|108|NASDAQ|2019|11|1|14|30|19400|25.540001|25.370001|25.370001|25.540001|0.0||
AGNCM|109|NASDAQ|2019|10|31|14|30|103800|25.51|25.379999|25.379999|25.43|0.0||
AGNCM|110|NASDAQ|2019|10|30|14|30|75900|25.405001|25.23|25.379999|25.26|0.0||
AGNCM|111|NASDAQ|2019|10|29|14|30|48300|25.299999|25.25|25.290001|25.25|0.0||
AGNCM|112|NASDAQ|2019|10|28|14|30|77000|25.34|25.219999|25.26|25.32|0.0||
AGNCM|113|NASDAQ|2019|10|25|15|30|139100|25.450001|25.26|25.32|25.379999|0.0||
AGNCM|114|NASDAQ|2019|10|24|15|30|32500|25.379999|25.306999|25.370001|25.33|0.0||
AGNCM|115|NASDAQ|2019|10|23|15|30|103000|25.379999|25.27|25.299999|25.290001|0.0||
AGNCM|116|NASDAQ|2019|10|22|15|30|39100|25.290001|25.16|25.290001|25.23|0.0||
AGNCM|117|NASDAQ|2019|10|21|15|30|49900|25.290001|25.224001|25.25|25.290001|0.0||
AGNCM|118|NASDAQ|2019|10|18|15|30|146900|25.309999|25.23|25.27|25.309999|0.0||
AGNCM|119|NASDAQ|2019|10|17|15|30|55200|25.299999|25.16|25.27|25.190001|0.0||
AGNCM|120|NASDAQ|2019|10|16|15|30|33400|25.209999|25.139999|25.18|25.18|0.0||
AGNCM|121|NASDAQ|2019|10|15|15|30|143900|25.26|25.139999|25.16|25.200001|0.0||
AGNCM|122|NASDAQ|2019|10|14|15|30|47200|25.23|25.15|25.18|25.200001|0.0||
AGNCM|123|NASDAQ|2019|10|11|15|30|96400|25.209999|25.129999|25.18|25.200001|||
AGNCM|124|NASDAQ|2019|10|10|15|30|104600|25.33|25.139999|25.190001|25.26|||
AGNCM|125|NASDAQ|2019|10|9|15|30|49500|25.290001|25.23|25.26|25.24|||
AGNCM|126|NASDAQ|2019|10|8|15|30|65300|25.24|25.110001|25.219999|25.23|||
AGNCN|0|NASDAQ|2020|4|8|20|1|107918|22.74|21.85|22.6|22.030001|||
AGNCN|1|NASDAQ|2020|4|7|15|30|118000|21.950001|21.299999|21.74|21.370001|||
AGNCN|2|NASDAQ|2020|4|6|15|30|257100|21.690001|20.23|21.129999|20.23|||
AGNCN|3|NASDAQ|2020|4|3|15|30|176500|19.639999|18.299999|19.379999|19.639999|||
AGNCN|4|NASDAQ|2020|4|2|15|30|175300|19.25|17.690001000000006|19.24|18.25|||
AGNCN|5|NASDAQ|2020|4|1|15|30|199500|19.17|18.125|18.280001|18.51|1.0||
AGNCN|6|NASDAQ|2020|3|31|15|30|181100|20.0|19.18|19.450001|20.0|0.0||
AGNCN|7|NASDAQ|2020|3|30|15|30|102800|21.35|19.799999|20.209999|21.35|0.0||
AGNCN|8|NASDAQ|2020|3|27|14|30|366400|21.379999|20.0|21.285999|20.799999|0.0||
AGNCN|9|NASDAQ|2020|3|26|14|30|293300|21.903999|19.4|20.950001|19.4|0.0||
AGNCN|10|NASDAQ|2020|3|25|14|30|193300|20.540001|17.504|19.0|17.879998999999994|0.0||
AGNCN|11|NASDAQ|2020|3|24|14|30|271900|18.198999|16.75|17.035|17.889999|1.0||
AGNCN|12|NASDAQ|2020|3|23|14|30|311200|17.450001|15.3|16.690001000000002|17.35|1.0||
AGNCN|13|NASDAQ|2020|3|20|14|30|224000|18.860001|16.59|17.33|18.85|1.0||
AGNCN|14|NASDAQ|2020|3|19|14|30|366900|19.5|12.06|18.01|12.11|0.0||
AGNCN|15|NASDAQ|2020|3|18|14|30|766000|17.503|10.0|12.31|17.370001000000002|1.0||
AGNCN|16|NASDAQ|2020|3|17|14|30|185300|18.565001|17.51|17.84|18.280001|0.0||
AGNCN|17|NASDAQ|2020|3|16|14|30|439100|19.48|17.610001|18.559999|18.76|0.0||
AGNCN|18|NASDAQ|2020|3|13|14|30|182800|21.343000000000004|19.549999|20.25|20.6|0.0||
AGNCN|19|NASDAQ|2020|3|12|14|30|149100|22.25|19.799999|20.299999|21.76|0.0||
AGNCN|20|NASDAQ|2020|3|11|14|30|99100|24.5|23.07|23.1|24.23|0.0||
AGNCN|21|NASDAQ|2020|3|10|14|30|113200|25.226999|24.15|24.309999|25.09|0.0||
AGNCN|22|NASDAQ|2020|3|9|14|30|117600|25.059999|23.5|24.889999|25.059999|0.0||
AGNCN|23|NASDAQ|2020|3|6|15|30|38700|25.548|25.120001|25.32|25.209999|0.0||
AGNCN|24|NASDAQ|2020|3|5|15|30|30400|25.961|25.620001|25.620001|25.870001|0.0||
AGNCN|25|NASDAQ|2020|3|4|15|30|32900|26.089001|25.6|26.01|25.790001|0.0||
AGNCN|26|NASDAQ|2020|3|3|15|30|45300|25.92|25.475|25.6|25.540001|0.0||
AGNCN|27|NASDAQ|2020|3|2|15|30|52800|25.690001|25.32|25.690001|25.549999|0.0||
AGNCN|28|NASDAQ|2020|2|28|15|30|106600|25.84|25.198|25.25|25.77|0.0||
AGNCN|29|NASDAQ|2020|2|27|15|30|57000|26.299999|25.799999|26.02|26.299999|0.0||
AGNCN|30|NASDAQ|2020|2|26|15|30|44700|26.4|26.17|26.35|26.34|0.0||
AGNCN|31|NASDAQ|2020|2|25|15|30|53500|26.379999|26.17|26.27|26.200001|0.0||
AGNCN|32|NASDAQ|2020|2|24|15|30|11200|26.246|26.129999|26.129999|26.15|0.0||
AGNCN|33|NASDAQ|2020|2|21|15|30|14600|26.32|26.200001|26.200001|26.32|0.0||
AGNCN|34|NASDAQ|2020|2|20|15|30|23900|26.32|26.23|26.32|26.290001|0.0||
AGNCN|35|NASDAQ|2020|2|19|15|30|30900|26.33|26.209999|26.209999|26.33|0.0||
AGNCN|36|NASDAQ|2020|2|18|15|30|23200|26.34|26.295|26.33|26.34|0.0||
AGNCN|37|NASDAQ|2020|2|14|15|30|12100|26.360001|26.320999|26.325001|26.35|0.0||
AGNCN|38|NASDAQ|2020|2|13|15|30|19900|26.360001|26.25|26.35|26.27|0.0||
AGNCN|39|NASDAQ|2020|2|12|15|30|23800|26.370001|26.219999|26.219999|26.309999|0.0||
AGNCN|40|NASDAQ|2020|2|11|15|30|9400|26.32|26.25|26.304001|26.26|0.0||
AGNCN|41|NASDAQ|2020|2|10|15|30|10800|26.33|26.219999|26.23|26.33|0.0||
AGNCN|42|NASDAQ|2020|2|7|15|30|33100|26.34|26.231001000000006|26.299999|26.280001|0.0||
AGNCN|43|NASDAQ|2020|2|6|15|30|17900|26.299999|26.200001|26.219999|26.26|0.0||
AGNCN|44|NASDAQ|2020|2|5|15|30|15100|26.309999|26.200001|26.200001|26.24|0.0||
AGNCN|45|NASDAQ|2020|2|4|15|30|32600|26.320999|26.200001|26.25|26.23|0.0||
AGNCN|46|NASDAQ|2020|2|3|15|30|23000|26.43|26.209999|26.32|26.209999|0.0||
AGNCN|47|NASDAQ|2020|1|31|15|30|27300|26.49|26.24|26.27|26.42|0.0||
AGNCN|48|NASDAQ|2020|1|30|15|30|11200|26.43|26.33|26.379999|26.34|0.0||
AGNCN|49|NASDAQ|2020|1|29|15|30|18300|26.389999|26.219999|26.25|26.370001|0.0||
AGNCN|50|NASDAQ|2020|1|28|15|30|11500|26.4|26.267|26.309999|26.389999|0.0||
AGNCN|51|NASDAQ|2020|1|27|15|30|24000|26.4|26.299999|26.360001|26.4|0.0||
AGNCN|52|NASDAQ|2020|1|24|15|30|27000|26.370001|26.299999|26.35|26.370001|0.0||
AGNCN|53|NASDAQ|2020|1|23|15|30|13300|26.35|26.309999|26.34|26.35|0.0||
AGNCN|54|NASDAQ|2020|1|22|15|30|24800|26.35|26.271|26.35|26.299999|0.0||
AGNCN|55|NASDAQ|2020|1|21|15|30|13400|26.32|26.184999|26.299|26.209999|0.0||
AGNCN|56|NASDAQ|2020|1|17|15|30|190400|26.309999|26.110001|26.17|26.309999|0.0||
AGNCN|57|NASDAQ|2020|1|16|15|30|14500|26.334|26.209999|26.27|26.209999|0.0||
AGNCN|58|NASDAQ|2020|1|15|15|30|14100|26.32|26.25|26.25|26.32|0.0||
AGNCN|59|NASDAQ|2020|1|14|15|30|13600|26.280001|26.18|26.280001|26.190001|0.0||
AGNCN|60|NASDAQ|2020|1|13|15|30|27900|26.264|26.172001|26.190001|26.24|0.0||
AGNCN|61|NASDAQ|2020|1|10|15|30|17500|26.280001|26.155001|26.254|26.280001|0.0||
AGNCN|62|NASDAQ|2020|1|9|15|30|8100|26.18|26.1|26.16|26.139999|0.0||
AGNCN|63|NASDAQ|2020|1|8|15|30|41000|26.17|26.080999|26.09|26.16|0.0||
AGNCN|64|NASDAQ|2020|1|7|15|30|20500|26.150999|26.02|26.02|26.08|0.0||
AGNCN|65|NASDAQ|2020|1|6|15|30|8400|26.082001|26.030001|26.030001|26.049999|0.0||
AGNCN|66|NASDAQ|2020|1|3|15|30|47900|26.145|26.02|26.030001|26.07|0.0||
AGNCN|67|NASDAQ|2020|1|2|15|30|18100|26.110001|26.016001|26.1|26.040001|0.0||
AGNCN|68|NASDAQ|2019|12|31|15|30|14400|26.030001|25.950001|25.950001|25.99|0.0||
AGNCN|69|NASDAQ|2019|12|30|15|30|19200|26.049999|25.93|25.959999|25.93|0.0||
AGNCN|70|NASDAQ|2019|12|27|15|30|38300|26.42|26.309999|26.370001|26.42|0.0||
AGNCN|71|NASDAQ|2019|12|26|15|30|14500|26.379999|26.34|26.370001|26.35|0.0||
AGNCN|72|NASDAQ|2019|12|24|15|30|6100|26.4|26.367001|26.370001|26.4|0.0||
AGNCN|73|NASDAQ|2019|12|23|15|30|12600|26.41|26.309999|26.379999|26.41|0.0||
AGNCN|74|NASDAQ|2019|12|20|15|30|20600|26.389999|26.309999|26.34|26.32|0.0||
AGNCN|75|NASDAQ|2019|12|19|15|30|15100|26.360001|26.305|26.309999|26.360001|0.0||
AGNCN|76|NASDAQ|2019|12|18|15|30|13200|26.360001|26.294001|26.360001|26.33|0.0||
AGNCN|77|NASDAQ|2019|12|17|15|30|8400|26.33|26.26|26.325001|26.33|0.0||
AGNCN|78|NASDAQ|2019|12|16|15|30|16200|26.33|26.263|26.33|26.33|0.0||
AGNCN|79|NASDAQ|2019|12|13|15|30|12100|26.32|26.15|26.32|26.17|0.0||
AGNCN|80|NASDAQ|2019|12|12|15|30|18200|26.17|26.1|26.17|26.15|0.0||
AGNCN|81|NASDAQ|2019|12|11|15|30|24100|26.17|26.1|26.129999|26.15|0.0||
AGNCN|82|NASDAQ|2019|12|10|15|30|15200|26.18|26.1|26.17|26.1|0.0||
AGNCN|83|NASDAQ|2019|12|9|15|30|12200|26.17|26.080999|26.15|26.120001|0.0||
AGNCN|84|NASDAQ|2019|12|6|15|30|11000|26.15|26.1|26.120001|26.15|0.0||
AGNCN|85|NASDAQ|2019|12|5|15|30|21700|26.15|26.059999|26.15|26.129999|0.0||
AGNCN|86|NASDAQ|2019|12|4|15|30|25700|26.209999|26.1|26.200001|26.209999|0.0||
AGNCN|87|NASDAQ|2019|12|3|15|30|19500|26.23|26.139999|26.209999|26.23|0.0||
AGNCN|88|NASDAQ|2019|12|2|15|30|50600|26.299999|26.141001|26.219999|26.299999|0.0||
AGNCN|89|NASDAQ|2019|11|29|15|30|39600|26.35|26.15|26.15|26.35|0.0||
AGNCN|90|NASDAQ|2019|11|27|15|30|47300|26.379999|26.290001|26.35|26.379999|0.0||
AGNCN|91|NASDAQ|2019|11|26|15|30|31600|26.379999|26.209999|26.370001|26.25|0.0||
AGNCN|92|NASDAQ|2019|11|25|15|30|46800|26.25|26.15|26.23|26.25|0.0||
AGNCN|93|NASDAQ|2019|11|22|15|30|11700|26.27|26.15|26.26|26.27|0.0||
AGNCN|94|NASDAQ|2019|11|21|15|30|18900|26.25|26.157|26.25|26.190001|0.0||
AGNCN|95|NASDAQ|2019|11|20|15|30|23400|26.200001|26.049999|26.200001|26.049999|0.0||
AGNCN|96|NASDAQ|2019|11|19|15|30|18700|26.1|26.039|26.1|26.052|0.0||
AGNCN|97|NASDAQ|2019|11|18|15|30|15300|26.08|26.0|26.0|26.049999|0.0||
AGNCN|98|NASDAQ|2019|11|15|15|30|9700|26.08|26.035|26.040001|26.08|0.0||
AGNCN|99|NASDAQ|2019|11|14|15|30|19100|26.040001|25.969999|26.040001|26.030001|0.0||
AGNCN|100|NASDAQ|2019|11|13|15|30|17400|26.049999|25.950001|25.98|26.0|0.0||
AGNCN|101|NASDAQ|2019|11|12|15|30|18500|26.01|25.91|25.93|25.950001|0.0||
AGNCN|102|NASDAQ|2019|11|11|15|30|5900|25.999001|25.91|25.950001|25.91|0.0||
AGNCN|103|NASDAQ|2019|11|8|15|30|44700|25.934999|25.85|25.91|25.889999|0.0||
AGNCN|104|NASDAQ|2019|11|7|15|30|34500|25.92|25.85|25.860001|25.879999|0.0||
AGNCN|105|NASDAQ|2019|11|6|15|30|24700|25.959999|25.860001|25.860001|25.950001|0.0||
AGNCN|106|NASDAQ|2019|11|5|15|30|12000|25.995001|25.860001|25.9|25.969999|0.0||
AGNCN|107|NASDAQ|2019|11|4|15|30|39300|26.02|25.85|25.959999|26.02|0.0||
AGNCN|108|NASDAQ|2019|11|1|14|30|8900|26.047001|25.870001|25.959999|26.02|0.0||
AGNCN|109|NASDAQ|2019|10|31|14|30|85700|26.120001|25.93|25.93|26.09|0.0||
AGNCN|110|NASDAQ|2019|10|30|14|30|26400|25.98|25.799999|25.92|25.799999|0.0||
AGNCN|111|NASDAQ|2019|10|29|14|30|22500|25.809999|25.709999|25.799999|25.790001|0.0||
AGNCN|112|NASDAQ|2019|10|28|14|30|190100|25.860001|25.700001|25.700001|25.85|0.0||
AGNCN|113|NASDAQ|2019|10|25|15|30|12600|25.889999|25.809999|25.809999|25.879999|0.0||
AGNCN|114|NASDAQ|2019|10|24|15|30|29300|25.861|25.77|25.84|25.780001|0.0||
AGNCN|115|NASDAQ|2019|10|23|15|30|26900|25.85|25.73|25.74|25.780001|0.0||
AGNCN|116|NASDAQ|2019|10|22|15|30|19700|25.780001|25.700001|25.76|25.700001|0.0||
AGNCN|117|NASDAQ|2019|10|21|15|30|56900|25.732|25.629999|25.700001|25.73|0.0||
AGNCN|118|NASDAQ|2019|10|18|15|30|46300|25.76|25.65|25.66|25.73|0.0||
AGNCN|119|NASDAQ|2019|10|17|15|30|27300|25.73|25.610001|25.711|25.639999|0.0||
AGNCN|120|NASDAQ|2019|10|16|15|30|95600|25.732|25.59|25.6|25.690001|0.0||
AGNCN|121|NASDAQ|2019|10|15|15|30|70100|25.858999|25.629999|25.67|25.85|0.0||
AGNCN|122|NASDAQ|2019|10|14|15|30|53300|25.85|25.67|25.77|25.830999|0.0||
AGNCN|123|NASDAQ|2019|10|11|15|30|25300|25.870001|25.736|25.780001|25.76|||
AGNCN|124|NASDAQ|2019|10|10|15|30|166800|25.74|25.639999|25.73|25.65|||
AGNCN|125|NASDAQ|2019|10|9|15|30|297100|25.76|25.639999|25.65|25.76|||
AGNCN|126|NASDAQ|2019|10|8|15|30|36900|25.74|25.608|25.66|25.719999|||
AGNCO|0|NASDAQ|2020|4|8|20|15|139167|22.440001|21.709999|22.059999|21.99|||
AGNCO|1|NASDAQ|2020|4|7|15|30|186300|21.700001|20.837999|21.59|21.379999|||
AGNCO|2|NASDAQ|2020|4|6|15|30|295100|21.139999|19.01|20.889999|19.01|||
AGNCO|3|NASDAQ|2020|4|3|15|30|240700|18.450001|16.99|18.26|18.33|||
AGNCO|4|NASDAQ|2020|4|2|15|30|765500|18.26|16.790001|18.23|17.299999|||
AGNCO|5|NASDAQ|2020|4|1|15|30|420300|18.17|16.969998999999998|17.35|17.85|1.0||
AGNCO|6|NASDAQ|2020|3|31|15|30|305400|19.120001|18.139999|18.5|19.1|0.0||
AGNCO|7|NASDAQ|2020|3|30|15|30|167000|20.440001|19.059999|19.4|20.190001|0.0||
AGNCO|8|NASDAQ|2020|3|27|14|30|638600|20.889999|19.110001|20.559999|19.68|0.0||
AGNCO|9|NASDAQ|2020|3|26|14|30|490700|20.75|17.549999|20.059999|17.549999|0.0||
AGNCO|10|NASDAQ|2020|3|25|14|30|466000|18.700001|16.01|16.99|16.25|0.0||
AGNCO|11|NASDAQ|2020|3|24|14|30|382800|17.450001|15.5|15.68|15.5|1.0||
AGNCO|12|NASDAQ|2020|3|23|14|30|565900|15.58|13.46|15.03|15.5|1.0||
AGNCO|13|NASDAQ|2020|3|20|14|30|898800|16.555|14.69|15.35|16.1|1.0||
AGNCO|14|NASDAQ|2020|3|19|14|30|533700|17.690001000000006|11.0|16.08|11.0|0.0||
AGNCO|15|NASDAQ|2020|3|18|14|30|721000|16.0|8.87|10.49|16.0|1.0||
AGNCO|16|NASDAQ|2020|3|17|14|30|179900|19.0|16.219998999999998|16.5|19.0|0.0||
AGNCO|17|NASDAQ|2020|3|16|14|30|255900|19.549999|18.1|18.15|19.299999|0.0||
AGNCO|18|NASDAQ|2020|3|13|14|30|172500|20.486|18.731001000000006|19.6|19.049999|0.0||
AGNCO|19|NASDAQ|2020|3|12|14|30|522600|22.49|18.129999|18.809999|20.379999|0.0||
AGNCO|20|NASDAQ|2020|3|11|14|30|172100|24.370001|22.6|22.645|23.99|0.0||
AGNCO|21|NASDAQ|2020|3|10|14|30|143500|24.889999|23.700001|23.91|24.889999|0.0||
AGNCO|22|NASDAQ|2020|3|9|14|30|191000|24.99|24.299999|24.4|24.65|0.0||
AGNCO|23|NASDAQ|2020|3|6|15|30|56800|25.290001|25.040001|25.1|25.200001|0.0||
AGNCO|24|NASDAQ|2020|3|5|15|30|34800|25.605|25.33|25.389999|25.469999|0.0||
AGNCO|25|NASDAQ|2020|3|4|15|30|58500|25.65|25.27|25.639999|25.393999|0.0||
AGNCO|26|NASDAQ|2020|3|3|15|30|32700|25.48|25.15|25.25|25.15|0.0||
AGNCO|27|NASDAQ|2020|3|2|15|30|73900|25.280001|24.780001|25.15|24.780001|0.0||
AGNCO|28|NASDAQ|2020|2|28|15|30|201200|25.299999|24.709999|24.709999|25.25|0.0||
AGNCO|29|NASDAQ|2020|2|27|15|30|147200|25.74|25.030001|25.26|25.74|0.0||
AGNCO|30|NASDAQ|2020|2|26|15|30|70400|25.93|25.516001|25.75|25.93|0.0||
AGNCO|31|NASDAQ|2020|2|25|15|30|69200|25.940001|25.74|25.860001|25.940001|0.0||
AGNCO|32|NASDAQ|2020|2|24|15|30|38800|25.889999|25.778999|25.870001|25.889999|0.0||
AGNCO|33|NASDAQ|2020|2|21|15|30|44500|25.99|25.860001|25.940001|25.92|0.0||
AGNCO|34|NASDAQ|2020|2|20|15|30|25500|25.99|25.809999|25.950001|25.855|0.0||
AGNCO|35|NASDAQ|2020|2|19|15|30|28300|25.99|25.809999|25.879999|25.9|0.0||
AGNCO|36|NASDAQ|2020|2|18|15|30|20600|25.99|25.860001|25.91|25.889999|0.0||
AGNCO|37|NASDAQ|2020|2|14|15|30|21100|26.049999|25.879999|25.940001|26.049999|0.0||
AGNCO|38|NASDAQ|2020|2|13|15|30|31000|26.040001|25.93|26.040001|25.99|0.0||
AGNCO|39|NASDAQ|2020|2|12|15|30|20000|26.0|25.92|25.98|26.0|0.0||
AGNCO|40|NASDAQ|2020|2|11|15|30|66800|26.02|25.950001|26.0|26.01|0.0||
AGNCO|41|NASDAQ|2020|2|10|15|30|59400|26.030001|26.0|26.01|26.0|0.0||
AGNCO|42|NASDAQ|2020|2|7|15|30|83900|26.040001|25.98|26.01|26.040001|0.0||
AGNCO|43|NASDAQ|2020|2|6|15|30|76100|25.99|25.91|25.99|25.955|0.0||
AGNCO|44|NASDAQ|2020|2|5|15|30|100200|26.02|25.870001|26.018|25.92|0.0||
AGNCO|45|NASDAQ|2020|2|4|15|30|174400|26.25|25.83|25.870001|26.25|0.0||
AGNCO|46|NASDAQ|2020|2|3|15|30|23000|26.15|26.014999|26.070999|26.02|0.0||
AGNCO|47|NASDAQ|2020|1|31|15|30|47000|26.030001|25.950001|25.950001|25.993|0.0||
AGNCO|48|NASDAQ|2020|1|30|15|30|38100|26.0|25.84|25.93|25.84|0.0||
AGNCO|49|NASDAQ|2020|1|29|15|30|172000|25.879999|25.76|25.84|25.879999|0.0||
AGNCO|50|NASDAQ|2020|1|28|15|30|38200|25.983|25.790001|25.860001|25.98|0.0||
AGNCO|51|NASDAQ|2020|1|27|15|30|41400|25.98|25.85|25.860001|25.966|0.0||
AGNCO|52|NASDAQ|2020|1|24|15|30|12300|26.0|25.9|25.969999|25.9|0.0||
AGNCO|53|NASDAQ|2020|1|23|15|30|47600|26.09|25.85|25.9|26.09|0.0||
AGNCO|54|NASDAQ|2020|1|22|15|30|24300|26.59|26.049999|26.08|26.59|0.0||
AGNCO|55|NASDAQ|2020|1|21|15|30|26400|26.08|25.92|26.08|26.0|0.0||
AGNCO|56|NASDAQ|2020|1|17|15|30|114000|26.09|25.700001|26.059999|25.799999|0.0||
AGNCO|57|NASDAQ|2020|1|16|15|30|45500|25.870001|25.709999|25.76|25.815001|0.0||
AGNCO|58|NASDAQ|2020|1|15|15|30|47900|25.870001|25.719999|25.870001|25.73|0.0||
AGNCO|59|NASDAQ|2020|1|14|15|30|26300|25.82|25.74|25.76|25.780001|0.0||
AGNCO|60|NASDAQ|2020|1|13|15|30|21000|25.836|25.74|25.75|25.799999|0.0||
AGNCO|61|NASDAQ|2020|1|10|15|30|20900|25.879999|25.709999|25.870001|25.709999|0.0||
AGNCO|62|NASDAQ|2020|1|9|15|30|72200|25.85|25.68|25.73|25.805|0.0||
AGNCO|63|NASDAQ|2020|1|8|15|30|127300|25.92|25.681999|25.870001|25.74|0.0||
AGNCO|64|NASDAQ|2020|1|7|15|30|165800|25.93|25.66|25.74|25.74|0.0||
AGNCO|65|NASDAQ|2020|1|6|15|30|44300|25.85|25.65|25.68|25.799999|0.0||
AGNCO|66|NASDAQ|2020|1|3|15|30|17000|25.85|25.75|25.82|25.85|0.0||
AGNCO|67|NASDAQ|2020|1|2|15|30|49500|25.889999|25.667|25.799999|25.702|0.0||
AGNCO|68|NASDAQ|2019|12|31|15|30|28600|25.74|25.587999|25.65|25.587999|0.0||
AGNCO|69|NASDAQ|2019|12|30|15|30|42200|25.629999|25.51|25.591|25.51|0.0||
AGNCO|70|NASDAQ|2019|12|27|15|30|17600|25.959999|25.870001|25.959999|25.879999|0.0||
AGNCO|71|NASDAQ|2019|12|26|15|30|76500|26.0|25.83|25.9|25.83|0.0||
AGNCO|72|NASDAQ|2019|12|24|15|30|22700|26.0|25.85|25.959999|25.969999|0.0||
AGNCO|73|NASDAQ|2019|12|23|15|30|42100|25.99|25.888|25.98|25.910999|0.0||
AGNCO|74|NASDAQ|2019|12|20|15|30|60100|25.950001|25.870001|25.9|25.9|0.0||
AGNCO|75|NASDAQ|2019|12|19|15|30|64300|25.889999|25.785|25.889999|25.860001|0.0||
AGNCO|76|NASDAQ|2019|12|18|15|30|107300|25.98|25.780001|25.92|25.98|0.0||
AGNCO|77|NASDAQ|2019|12|17|15|30|46200|25.889999|25.725|25.889999|25.84|0.0||
AGNCO|78|NASDAQ|2019|12|16|15|30|63200|25.83|25.6|25.76|25.6|0.0||
AGNCO|79|NASDAQ|2019|12|13|15|30|132200|25.67|25.52|25.6|25.559999|0.0||
AGNCO|80|NASDAQ|2019|12|12|15|30|92700|25.610001|25.5|25.58|25.6|0.0||
AGNCO|81|NASDAQ|2019|12|11|15|30|52200|25.6|25.530001|25.6|25.6|0.0||
AGNCO|82|NASDAQ|2019|12|10|15|30|60300|25.74|25.57|25.6|25.683001|0.0||
AGNCO|83|NASDAQ|2019|12|9|15|30|52700|25.75|25.59|25.690001|25.712999|0.0||
AGNCO|84|NASDAQ|2019|12|6|15|30|12700|25.76|25.65|25.76|25.700001|0.0||
AGNCO|85|NASDAQ|2019|12|5|15|30|91700|25.77|25.59|25.75|25.74|0.0||
AGNCO|86|NASDAQ|2019|12|4|15|30|66700|25.74|25.540001|25.73|25.6|0.0||
AGNCO|87|NASDAQ|2019|12|3|15|30|273400|25.780001|25.57|25.59|25.589001|0.0||
AGNCO|88|NASDAQ|2019|12|2|15|30|24700|25.639999|25.549999|25.610001|25.59|0.0||
AGNCO|89|NASDAQ|2019|11|29|15|30|68100|25.65|25.58|25.58|25.65|0.0||
AGNCO|90|NASDAQ|2019|11|27|15|30|216700|25.75|25.59|25.65|25.73|0.0||
AGNCO|91|NASDAQ|2019|11|26|15|30|77900|25.799999|25.58|25.75|25.636|0.0||
AGNCO|92|NASDAQ|2019|11|25|15|30|65100|25.75|25.549999|25.620001|25.643|0.0||
AGNCO|93|NASDAQ|2019|11|22|15|30|60800|25.700001|25.57|25.700001|25.674999|0.0||
AGNCO|94|NASDAQ|2019|11|21|15|30|39800|25.700001|25.546|25.684999|25.546|0.0||
AGNCO|95|NASDAQ|2019|11|20|15|30|57000|25.700001|25.5|25.65|25.540001|0.0||
AGNCO|96|NASDAQ|2019|11|19|15|30|48500|25.583|25.5|25.549999|25.555|0.0||
AGNCO|97|NASDAQ|2019|11|18|15|30|61700|25.618|25.549999|25.59|25.6|0.0||
AGNCO|98|NASDAQ|2019|11|15|15|30|30800|25.65|25.5|25.625|25.549999|0.0||
AGNCO|99|NASDAQ|2019|11|14|15|30|100600|25.6|25.51|25.58|25.559999|0.0||
AGNCO|100|NASDAQ|2019|11|13|15|30|66700|25.639999|25.5|25.549999|25.639999|0.0||
AGNCO|101|NASDAQ|2019|11|12|15|30|39500|25.700001|25.610001|25.639999|25.629999|0.0||
AGNCO|102|NASDAQ|2019|11|11|15|30|22200|25.700001|25.636|25.639999|25.68|0.0||
AGNCO|103|NASDAQ|2019|11|8|15|30|91900|25.688999|25.514|25.632999|25.542999|0.0||
AGNCO|104|NASDAQ|2019|11|7|15|30|101400|25.59|25.4|25.58|25.509001|0.0||
AGNCO|105|NASDAQ|2019|11|6|15|30|250700|25.6|25.450001|25.540001|25.49|0.0||
AGNCO|106|NASDAQ|2019|11|5|15|30|85100|25.525|25.450001|25.495001|25.5|0.0||
AGNCO|107|NASDAQ|2019|11|4|15|30|121600|25.57|25.450001|25.514999|25.540001|0.0||
AGNCO|108|NASDAQ|2019|11|1|14|30|90900|25.65|25.51|25.549999|25.610001|0.0||
AGNCO|109|NASDAQ|2019|10|31|14|30|1894700|25.82|25.5|25.73|25.525|0.0||
AGNCO|110|NASDAQ|2019|10|30|14|30|400300|25.65|25.35|25.65|25.412001|0.0||
AGNCO|111|NASDAQ|2019|10|29|14|30|161300|25.459999|25.34|25.434999|25.34|0.0||
AGNCO|112|NASDAQ|2019|10|28|14|30|327000|25.42|25.25|25.42|25.370001|0.0||
AGNCO|113|NASDAQ|2019|10|25|15|30|170500|25.41|25.299999|25.4|25.360001|0.0||
AGNCO|114|NASDAQ|2019|10|24|15|30|123200|25.4|25.25|25.4|25.27|0.0||
AGNCO|115|NASDAQ|2019|10|23|15|30|153500|25.280001|25.183001|25.24|25.200001|0.0||
AGNCO|116|NASDAQ|2019|10|22|15|30|135100|25.200001|25.16|25.18|25.200001|0.0||
AGNCO|117|NASDAQ|2019|10|21|15|30|246300|25.209999|25.15|25.15|25.200001|0.0||
AGNCO|118|NASDAQ|2019|10|18|15|30|31400|25.24|25.16|25.17|25.24|0.0||
AGNCO|119|NASDAQ|2019|10|17|15|30|164300|25.23|25.15|25.23|25.17|0.0||
AGNCO|120|NASDAQ|2019|10|16|15|30|178400|25.23|25.120001|25.18|25.23|0.0||
AGNCO|121|NASDAQ|2019|10|15|15|30|164500|25.23|25.120001|25.190001|25.18|0.0||
AGNCO|122|NASDAQ|2019|10|14|15|30|118400|25.190001|25.1|25.18|25.129999|0.0||
AGNCO|123|NASDAQ|2019|10|11|15|30|184900|25.17|25.07|25.07|25.15|||
AGNCO|124|NASDAQ|2019|10|10|15|30|231700|25.27|25.1|25.110001|25.25|||
AGNCO|125|NASDAQ|2019|10|9|15|30|169200|25.290001|25.200001|25.25|25.25|||
AGNCO|126|NASDAQ|2019|10|8|15|30|404100|25.25|25.110001|25.25|25.120001|||
AGTC|0|NASDAQ|2020|4|8|19|59|45204|3.41|3.22|3.36|3.25|||
AGTC|1|NASDAQ|2020|4|7|15|30|176200|3.545|3.18|3.2|3.46|||
AGTC|2|NASDAQ|2020|4|6|15|30|239900|3.42|3.1|3.34|3.1|||
AGTC|3|NASDAQ|2020|4|3|15|30|112900|3.29|2.91|3.0|3.21|||
AGTC|4|NASDAQ|2020|4|2|15|30|235400|3.32|2.86|3.24|3.0|||
AGTC|5|NASDAQ|2020|4|1|15|30|170600|3.21|3.02|3.05|3.12|0.0||
AGTC|6|NASDAQ|2020|3|31|15|30|176400|3.4|3.06|3.28|3.25|0.0||
AGTC|7|NASDAQ|2020|3|30|15|30|134500|3.39|3.16|3.28|3.34|0.0||
AGTC|8|NASDAQ|2020|3|27|14|30|177200|3.53|3.27|3.33|3.4|0.0||
AGTC|9|NASDAQ|2020|3|26|14|30|139800|3.76|3.37|3.61|3.45|0.0||
AGTC|10|NASDAQ|2020|3|25|14|30|425200|3.62|3.18|3.41|3.25|0.0||
AGTC|11|NASDAQ|2020|3|24|14|30|169200|3.38|3.18|3.25|3.3|0.0||
AGTC|12|NASDAQ|2020|3|23|14|30|253400|3.16|2.804|3.12|3.0|0.0||
AGTC|13|NASDAQ|2020|3|20|14|30|267200|3.0|2.59|2.91|2.83|1.0||
AGTC|14|NASDAQ|2020|3|19|14|30|299500|2.84|2.34|2.79|2.34|1.0||
AGTC|15|NASDAQ|2020|3|18|14|30|220100|2.575|2.29|2.36|2.51|1.0||
AGTC|16|NASDAQ|2020|3|17|14|30|396700|2.88|2.31|2.65|2.6|0.0||
AGTC|17|NASDAQ|2020|3|16|14|30|529000|3.58|2.51|2.53|2.8|0.0||
AGTC|18|NASDAQ|2020|3|13|14|30|394900|3.52|2.94|3.13|3.34|0.0||
AGTC|19|NASDAQ|2020|3|12|14|30|359600|3.7|3.11|3.16|3.53|0.0||
AGTC|20|NASDAQ|2020|3|11|14|30|151300|4.01|3.76|3.84|3.77|0.0||
AGTC|21|NASDAQ|2020|3|10|14|30|330900|4.06|3.67|3.97|3.78|0.0||
AGTC|22|NASDAQ|2020|3|9|14|30|405800|4.8|3.75|3.77|4.0|0.0||
AGTC|23|NASDAQ|2020|3|6|15|30|525500|4.382|4.11|4.28|4.33|0.0||
AGTC|24|NASDAQ|2020|3|5|15|30|264800|4.81|4.42|4.45|4.69|0.0||
AGTC|25|NASDAQ|2020|3|4|15|30|220600|4.84|4.61|4.76|4.8|0.0||
AGTC|26|NASDAQ|2020|3|3|15|30|362500|5.09|4.58|4.75|4.89|0.0||
AGTC|27|NASDAQ|2020|3|2|15|30|391900|4.89|4.521|4.82|4.77|0.0||
AGTC|28|NASDAQ|2020|2|28|15|30|319000|4.83|4.35|4.73|4.39|0.0||
AGTC|29|NASDAQ|2020|2|27|15|30|410700|4.91|4.42|4.65|4.8|0.0||
AGTC|30|NASDAQ|2020|2|26|15|30|384900|5.1|4.8|4.92|4.82|0.0||
AGTC|31|NASDAQ|2020|2|25|15|30|581000|5.24|4.82|4.87|5.09|0.0||
AGTC|32|NASDAQ|2020|2|24|15|30|774400|5.296|5.01|5.07|5.28|0.0||
AGTC|33|NASDAQ|2020|2|21|15|30|734900|5.68|5.3|5.35|5.67|0.0||
AGTC|34|NASDAQ|2020|2|20|15|30|713400|5.75|5.45|5.69|5.7|0.0||
AGTC|35|NASDAQ|2020|2|19|15|30|1321300|5.75|5.3|5.55|5.74|0.0||
AGTC|36|NASDAQ|2020|2|18|15|30|1534100|5.52|5.25|5.405|5.28|0.0||
AGTC|37|NASDAQ|2020|2|14|15|30|334300|5.25|5.05|5.12|5.05|0.0||
AGTC|38|NASDAQ|2020|2|13|15|30|372200|5.15|4.85|5.14|4.91|0.0||
AGTC|39|NASDAQ|2020|2|12|15|30|701700|5.325|4.84|4.93|5.19|0.0||
AGTC|40|NASDAQ|2020|2|11|15|30|583200|5.27|5.02|5.14|5.07|0.0||
AGTC|41|NASDAQ|2020|2|10|15|30|1056700|5.319|5.0|5.0|5.14|0.0||
AGTC|42|NASDAQ|2020|2|7|15|30|3240500|5.475|4.99|5.0|5.25|0.0||
AGTC|43|NASDAQ|2020|2|6|15|30|1133700|6.48|5.69|5.71|6.38|0.0||
AGTC|44|NASDAQ|2020|2|5|15|30|240800|7.01|6.48|7.01|6.49|0.0||
AGTC|45|NASDAQ|2020|2|4|15|30|318900|6.59|6.07|6.44|6.14|0.0||
AGTC|46|NASDAQ|2020|2|3|15|30|422700|6.38|5.89|6.09|6.27|0.0||
AGTC|47|NASDAQ|2020|1|31|15|30|216200|6.42|6.25|6.28|6.3|0.0||
AGTC|48|NASDAQ|2020|1|30|15|30|524100|7.14|6.227|6.43|7.14|0.0||
AGTC|49|NASDAQ|2020|1|29|15|30|183300|7.39|7.11|7.36|7.25|0.0||
AGTC|50|NASDAQ|2020|1|28|15|30|954800|8.45|7.045|7.27|8.25|0.0||
AGTC|51|NASDAQ|2020|1|27|15|30|736900|8.0|7.0|7.86|7.11|0.0||
AGTC|52|NASDAQ|2020|1|24|15|30|774800|8.2|7.08|7.4|8.2|0.0||
AGTC|53|NASDAQ|2020|1|23|15|30|3206800|8.45|6.5120000000000005|8.37|7.0|0.0||
AGTC|54|NASDAQ|2020|1|22|15|30|2384100|10.42|8.19|9.86|8.29|0.0||
AGTC|55|NASDAQ|2020|1|21|15|30|366600|8.34|7.99|8.25|8.02|0.0||
AGTC|56|NASDAQ|2020|1|17|15|30|445200|8.53|7.97|8.16|8.24|0.0||
AGTC|57|NASDAQ|2020|1|16|15|30|518000|8.36|7.9|8.13|8.28|0.0||
AGTC|58|NASDAQ|2020|1|15|15|30|841500|8.63|8.0|8.17|8.36|0.0||
AGTC|59|NASDAQ|2020|1|14|15|30|1179100|8.45|7.36|8.34|7.45|0.0||
AGTC|60|NASDAQ|2020|1|13|15|30|1026100|8.1|7.41|7.525|8.03|0.0||
AGTC|61|NASDAQ|2020|1|10|15|30|6476500|9.32|7.57|7.84|8.6|0.0||
AGTC|62|NASDAQ|2020|1|9|15|30|42113600|9.5|5.9|9.27|6.65|0.0||
AGTC|63|NASDAQ|2020|1|8|15|30|126900|4.28|4.13|4.16|4.25|1.0||
AGTC|64|NASDAQ|2020|1|7|15|30|200300|4.38|4.11|4.27|4.15|1.0||
AGTC|65|NASDAQ|2020|1|6|15|30|149200|4.26|4.11|4.13|4.22|1.0||
AGTC|66|NASDAQ|2020|1|3|15|30|149700|4.47|4.13|4.18|4.17|1.0||
AGTC|67|NASDAQ|2020|1|2|15|30|267300|4.57|4.1|4.15|4.51|0.0||
AGTC|68|NASDAQ|2019|12|31|15|30|173500|4.585|4.2|4.52|4.3|0.0||
AGTC|69|NASDAQ|2019|12|30|15|30|369800|4.847|4.12|4.4|4.72|0.0||
AGTC|70|NASDAQ|2019|12|27|15|30|313900|5.033|4.282|4.74|4.91|0.0||
AGTC|71|NASDAQ|2019|12|26|15|30|821400|5.49|4.75|4.92|4.86|0.0||
AGTC|72|NASDAQ|2019|12|24|15|30|996200|5.3|3.96|4.86|3.99|0.0||
AGTC|73|NASDAQ|2019|12|23|15|30|544800|4.22|3.76|3.92|3.76|0.0||
AGTC|74|NASDAQ|2019|12|20|15|30|1753300|3.99|3.05|3.84|3.06|1.0||
AGTC|75|NASDAQ|2019|12|19|15|30|354000|2.96|2.72|2.96|2.72|1.0||
AGTC|76|NASDAQ|2019|12|18|15|30|102000|2.8760000000000003|2.7|2.75|2.76|1.0||
AGTC|77|NASDAQ|2019|12|17|15|30|142700|2.88|2.71|2.795|2.88|1.0||
AGTC|78|NASDAQ|2019|12|16|15|30|169500|2.88|2.73|2.85|2.8|1.0||
AGTC|79|NASDAQ|2019|12|13|15|30|90500|2.8|2.66|2.75|2.71|0.0||
AGTC|80|NASDAQ|2019|12|12|15|30|151800|2.77|2.65|2.69|2.7|0.0||
AGTC|81|NASDAQ|2019|12|11|15|30|62600|2.79|2.69|2.71|2.73|0.0||
AGTC|82|NASDAQ|2019|12|10|15|30|59800|2.89|2.66|2.73|2.74|0.0||
AGTC|83|NASDAQ|2019|12|9|15|30|122500|2.97|2.71|2.72|2.9|0.0||
AGTC|84|NASDAQ|2019|12|6|15|30|110100|3.07|2.87|2.87|2.99|0.0||
AGTC|85|NASDAQ|2019|12|5|15|30|135700|3.06|2.85|2.98|3.05|0.0||
AGTC|86|NASDAQ|2019|12|4|15|30|207700|3.08|2.81|3.02|2.81|0.0||
AGTC|87|NASDAQ|2019|12|3|15|30|121200|2.81|2.61|2.77|2.61|0.0||
AGTC|88|NASDAQ|2019|12|2|15|30|84300|2.82|2.7|2.75|2.72|0.0||
AGTC|89|NASDAQ|2019|11|29|15|30|76100|2.85|2.73|2.74|2.85|0.0||
AGTC|90|NASDAQ|2019|11|27|15|30|67600|2.85|2.73|2.8|2.73|0.0||
AGTC|91|NASDAQ|2019|11|26|15|30|32700|2.83|2.71|2.75|2.81|0.0||
AGTC|92|NASDAQ|2019|11|25|15|30|110100|2.85|2.69|2.8|2.69|0.0||
AGTC|93|NASDAQ|2019|11|22|15|30|72800|2.82|2.7|2.73|2.82|0.0||
AGTC|94|NASDAQ|2019|11|21|15|30|100400|2.87|2.71|2.77|2.83|0.0||
AGTC|95|NASDAQ|2019|11|20|15|30|88500|3.05|2.75|2.81|2.89|0.0||
AGTC|96|NASDAQ|2019|11|19|15|30|66100|2.95|2.77|2.9|2.79|0.0||
AGTC|97|NASDAQ|2019|11|18|15|30|85100|2.83|2.79|2.81|2.8|0.0||
AGTC|98|NASDAQ|2019|11|15|15|30|175300|2.99|2.73|2.77|2.93|0.0||
AGTC|99|NASDAQ|2019|11|14|15|30|90100|3.05|2.83|2.87|2.95|0.0||
AGTC|100|NASDAQ|2019|11|13|15|30|66300|3.12|2.88|2.93|2.88|0.0||
AGTC|101|NASDAQ|2019|11|12|15|30|84500|3.23|3.03|3.1|3.23|0.0||
AGTC|102|NASDAQ|2019|11|11|15|30|44600|3.23|3.08|3.16|3.23|0.0||
AGTC|103|NASDAQ|2019|11|8|15|30|57800|3.16|2.89|3.08|2.94|0.0||
AGTC|104|NASDAQ|2019|11|7|15|30|60400|3.17|2.88|2.89|3.01|0.0||
AGTC|105|NASDAQ|2019|11|6|15|30|112400|3.32|2.96|2.98|3.28|0.0||
AGTC|106|NASDAQ|2019|11|5|15|30|102500|3.31|3.15|3.23|3.18|0.0||
AGTC|107|NASDAQ|2019|11|4|15|30|93700|3.25|2.95|3.14|3.01|0.0||
AGTC|108|NASDAQ|2019|11|1|14|30|43700|3.1|2.95|3.04|3.04|0.0||
AGTC|109|NASDAQ|2019|10|31|14|30|32900|3.03|2.88|3.03|2.88|0.0||
AGTC|110|NASDAQ|2019|10|30|14|30|70900|3.06|2.85|2.91|3.01|0.0||
AGTC|111|NASDAQ|2019|10|29|14|30|42400|3.09|2.99|3.03|3.0|0.0||
AGTC|112|NASDAQ|2019|10|28|14|30|31800|3.03|2.7880000000000003|2.95|2.88|0.0||
AGTC|113|NASDAQ|2019|10|25|15|30|37700|2.902|2.8|2.86|2.85|0.0||
AGTC|114|NASDAQ|2019|10|24|15|30|50100|3.0|2.81|2.82|2.98|0.0||
AGTC|115|NASDAQ|2019|10|23|15|30|77600|3.06|2.83|3.0|3.0|0.0||
AGTC|116|NASDAQ|2019|10|22|15|30|62600|3.13|2.93|2.99|2.93|0.0||
AGTC|117|NASDAQ|2019|10|21|15|30|126400|3.13|2.81|2.92|3.01|0.0||
AGTC|118|NASDAQ|2019|10|18|15|30|69300|3.221|3.03|3.08|3.14|0.0||
AGTC|119|NASDAQ|2019|10|17|15|30|67600|3.3|3.07|3.11|3.25|0.0||
AGTC|120|NASDAQ|2019|10|16|15|30|95700|3.34|3.1210000000000004|3.24|3.13|0.0||
AGTC|121|NASDAQ|2019|10|15|15|30|81700|3.26|2.92|3.16|3.13|0.0||
AGTC|122|NASDAQ|2019|10|14|15|30|82000|3.2|2.91|3.1|3.07|0.0||
AGTC|123|NASDAQ|2019|10|11|15|30|69800|3.23|3.05|3.06|3.13|||
AGTC|124|NASDAQ|2019|10|10|15|30|63300|3.25|3.06|3.15|3.11|||
AGTC|125|NASDAQ|2019|10|9|15|30|112500|3.47|3.07|3.12|3.29|||
AGTC|126|NASDAQ|2019|10|8|15|30|92900|3.427|3.275|3.28|3.31|||
AHCO|0|NASDAQ|2020|4|8|19|59|71508|18.25|17.375|17.85|17.389999|||
AHCO|1|NASDAQ|2020|4|7|15|30|99800|17.950001|17.325001|17.5|17.83|||
AHCO|2|NASDAQ|2020|4|6|15|30|93600|18.200001|17.16|17.700001|18.1|||
AHCO|3|NASDAQ|2020|4|3|15|30|172200|18.219999|16.57|17.799999|18.0|||
AHCO|4|NASDAQ|2020|4|2|15|30|83400|18.15|15.623|18.15|16.200001|||
AHCO|5|NASDAQ|2020|4|1|15|30|20900|16.25|15.238|16.25|15.86|0.0||
AHCO|6|NASDAQ|2020|3|31|15|30|32200|16.0|14.859000000000002|16.0|15.75|0.0||
AHCO|7|NASDAQ|2020|3|30|15|30|60000|15.75|15.08|15.72|15.55|1.0||
AHCO|8|NASDAQ|2020|3|27|14|30|86800|15.75|14.1|15.02|14.14|1.0||
AHCO|9|NASDAQ|2020|3|26|14|30|118500|15.49|13.741|14.69|14.0|0.0||
AHCO|10|NASDAQ|2020|3|25|14|30|100600|14.92|12.81|14.02|13.57|1.0||
AHCO|11|NASDAQ|2020|3|24|14|30|121900|13.5|12.6|13.5|13.25|1.0||
AHCO|12|NASDAQ|2020|3|23|14|30|107300|15.22|12.58|12.85|13.8|1.0||
AHCO|13|NASDAQ|2020|3|20|14|30|526800|14.5|12.33|13.75|12.33|0.0||
AHCO|14|NASDAQ|2020|3|19|14|30|115500|12.0|10.5|11.49|10.51|1.0||
AHCO|15|NASDAQ|2020|3|18|14|30|158900|13.36|10.29|10.5|12.97|1.0||
AHCO|16|NASDAQ|2020|3|17|14|30|136600|14.0|10.76|13.32|14.0|0.0||
AHCO|17|NASDAQ|2020|3|16|14|30|99300|15.06|13.75|13.87|14.13|0.0||
AHCO|18|NASDAQ|2020|3|13|14|30|89700|14.97|14.14|14.7|14.82|0.0||
AHCO|19|NASDAQ|2020|3|12|14|30|89800|15.515|13.02|14.7|15.06|0.0||
AHCO|20|NASDAQ|2020|3|11|14|30|29400|16.01|15.0|15.82|15.67|0.0||
AHCO|21|NASDAQ|2020|3|10|14|30|106000|16.190001000000002|14.81|15.95|15.0|0.0||
AHCO|22|NASDAQ|2020|3|9|14|30|124400|15.96|14.61|15.24|15.34|0.0||
AHCO|23|NASDAQ|2020|3|6|15|30|101100|16.950001|16.01|16.540001|16.719998999999998|0.0||
AHCO|24|NASDAQ|2020|3|5|15|30|76300|17.219998999999998|16.5|16.940001000000002|16.559998999999998|0.0||
AHCO|25|NASDAQ|2020|3|4|15|30|49800|16.9|16.33|16.809998999999998|16.5|0.0||
AHCO|26|NASDAQ|2020|3|3|15|30|69800|16.379998999999998|16.030001000000002|16.35|16.34|0.0||
AHCO|27|NASDAQ|2020|3|2|15|30|116200|17.521998999999994|16.0|16.110001|16.35|0.0||
AHCO|28|NASDAQ|2020|2|28|15|30|229900|16.629998999999998|15.554|16.15|16.629998999999998|0.0||
AHCO|29|NASDAQ|2020|2|27|15|30|67000|16.959999|15.69|16.42|15.86|0.0||
AHCO|30|NASDAQ|2020|2|26|15|30|463900|17.690001000000006|15.68|16.200001|15.95|0.0||
AHCO|31|NASDAQ|2020|2|25|15|30|33400|16.24|15.01|15.92|15.39|0.0||
AHCO|32|NASDAQ|2020|2|24|15|30|21900|16.360001|15.31|15.92|15.94|0.0||
AHCO|33|NASDAQ|2020|2|21|15|30|24600|16.99|16.08|16.5|16.41|0.0||
AHCO|34|NASDAQ|2020|2|20|15|30|84900|17.025|15.446|16.65|16.120001000000002|0.0||
AHCO|35|NASDAQ|2020|2|19|15|30|65700|16.35|15.44|16.209999|16.32|0.0||
AHCO|36|NASDAQ|2020|2|18|15|30|35500|16.309998999999998|15.81|16.309998999999998|16.299999|0.0||
AHCO|37|NASDAQ|2020|2|14|15|30|16700|16.757998999999998|16.0|16.32|16.0|0.0||
AHCO|38|NASDAQ|2020|2|13|15|30|11800|16.049999|15.53|16.0|15.8|0.0||
AHCO|39|NASDAQ|2020|2|12|15|30|22200|16.15|15.5|16.0|15.88|0.0||
AHCO|40|NASDAQ|2020|2|11|15|30|10000|16.25|15.493|16.0|16.24|0.0||
AHCO|41|NASDAQ|2020|2|10|15|30|25500|16.375|15.34|16.0|15.65|0.0||
AHCO|42|NASDAQ|2020|2|7|15|30|49800|16.15|14.492|15.65|15.76|0.0||
AHCO|43|NASDAQ|2020|2|6|15|30|65400|15.96|13.611|15.95|14.71|0.0||
AHCO|44|NASDAQ|2020|2|5|15|30|41000|15.19|14.16|14.8|14.61|0.0||
AHCO|45|NASDAQ|2020|2|4|15|30|58200|14.91|14.1|14.31|14.4|0.0||
AHCO|46|NASDAQ|2020|2|3|15|30|61200|15.47|13.26|14.4|13.26|0.0||
AHCO|47|NASDAQ|2020|1|31|15|30|32900|13.7|12.97|13.27|13.48|1.0||
AHCO|48|NASDAQ|2020|1|30|15|30|27000|13.831|12.77|13.0|12.77|1.0||
AHCO|49|NASDAQ|2020|1|29|15|30|34800|13.0|12.71|13.0|12.72|0.0||
AHCO|50|NASDAQ|2020|1|28|15|30|32100|13.083|12.62|12.9|12.99|0.0||
AHCO|51|NASDAQ|2020|1|27|15|30|22500|13.045|12.25|12.76|12.91|0.0||
AHCO|52|NASDAQ|2020|1|24|15|30|33600|13.0|12.503|12.9|12.67|0.0||
AHCO|53|NASDAQ|2020|1|23|15|30|31500|13.06|12.29|12.65|13.06|0.0||
AHCO|54|NASDAQ|2020|1|22|15|30|21300|13.21|12.6|12.6|12.88|0.0||
AHCO|55|NASDAQ|2020|1|21|15|30|95600|12.87|11.61|12.7|11.61|0.0||
AHCO|56|NASDAQ|2020|1|17|15|30|218400|12.0|11.26|11.51|11.26|0.0||
AHCO|57|NASDAQ|2020|1|16|15|30|105900|11.635|11.17|11.4|11.17|0.0||
AHCO|58|NASDAQ|2020|1|15|15|30|30100|11.4|11.12|11.3|11.12|0.0||
AHCO|59|NASDAQ|2020|1|14|15|30|7700|11.3|11.15|11.23|11.15|1.0||
AHCO|60|NASDAQ|2020|1|13|15|30|28300|11.44|11.15|11.3|11.15|0.0||
AHCO|61|NASDAQ|2020|1|10|15|30|20400|11.465|11.13|11.27|11.21|0.0||
AHCO|62|NASDAQ|2020|1|9|15|30|20000|11.6|11.05|11.3|11.05|0.0||
AHCO|63|NASDAQ|2020|1|8|15|30|21100|11.46|11.11|11.11|11.11|0.0||
AHCO|64|NASDAQ|2020|1|7|15|30|55300|11.49|11.07|11.32|11.26|0.0||
AHCO|65|NASDAQ|2020|1|6|15|30|38900|11.07|10.43|11.05|10.63|0.0||
AHCO|66|NASDAQ|2020|1|3|15|30|39900|11.36|10.71|10.95|11.04|0.0||
AHCO|67|NASDAQ|2020|1|2|15|30|30200|11.45|10.84|10.99|10.84|0.0||
AHCO|68|NASDAQ|2019|12|31|15|30|39500|11.135|10.32|10.98|10.43|0.0||
AHCO|69|NASDAQ|2019|12|30|15|30|24200|10.81|10.5|10.5|10.57|0.0||
AHCO|70|NASDAQ|2019|12|27|15|30|13800|10.775|10.35|10.66|10.42|0.0||
AHCO|71|NASDAQ|2019|12|26|15|30|4600|10.83|10.29|10.75|10.45|0.0||
AHCO|72|NASDAQ|2019|12|24|15|30|6900|10.81|10.47|10.5|10.47|0.0||
AHCO|73|NASDAQ|2019|12|23|15|30|35200|11.0|10.4|10.4|10.75|0.0||
AHCO|74|NASDAQ|2019|12|20|15|30|80000|11.23|10.59|10.59|10.62|0.0||
AHCO|75|NASDAQ|2019|12|19|15|30|106800|11.5|10.2|10.52|10.2|0.0||
AHCO|76|NASDAQ|2019|12|18|15|30|124900|11.2|10.07|10.08|10.18|0.0||
AHCO|77|NASDAQ|2019|12|17|15|30|131100|11.28|10.0|10.1|10.6|0.0||
AHCO|78|NASDAQ|2019|12|16|15|30|203100|11.81|10.6|10.66|11.81|0.0||
AHCO|79|NASDAQ|2019|12|13|15|30|101900|12.77|10.774|11.73|11.57|0.0||
AHCO|80|NASDAQ|2019|12|12|15|30|78600|11.15|9.99|10.92|10.63|0.0||
AHCO|81|NASDAQ|2019|12|11|15|30|130400|11.91|9.93|10.3|10.2|0.0||
AHCO|82|NASDAQ|2019|12|10|15|30|101900|10.2|9.885|9.98|9.95|0.0||
AHCO|83|NASDAQ|2019|12|9|15|30|74300|10.28|9.75|9.81|10.28|1.0||
AHCO|84|NASDAQ|2019|12|6|15|30|20900|10.2|9.32|9.65|10.2|1.0||
AHCO|85|NASDAQ|2019|12|5|15|30|34200|10.17|9.3|9.87|10.17|0.0||
AHCO|86|NASDAQ|2019|12|4|15|30|16900|10.2|9.958|10.01|9.958|0.0||
AHCO|87|NASDAQ|2019|12|3|15|30|42900|10.4|9.605|10.15|9.8|0.0||
AHCO|88|NASDAQ|2019|12|2|15|30|34100|9.75|9.4|9.59|9.73|0.0||
AHCO|89|NASDAQ|2019|11|29|15|30|50900|9.66|9.05|9.05|9.45|0.0||
AHCO|90|NASDAQ|2019|11|27|15|30|190100|9.55|8.79|9.43|8.88|0.0||
AHCO|91|NASDAQ|2019|11|26|15|30|142500|9.01|8.73|9.01|8.78|0.0||
AHCO|92|NASDAQ|2019|11|25|15|30|65700|8.92|8.52|8.83|8.61|0.0||
AHCO|93|NASDAQ|2019|11|22|15|30|86300|9.0|8.26|8.6|8.45|0.0||
AHCO|94|NASDAQ|2019|11|21|15|30|62300|8.46|7.82|8.11|8.17|1.0||
AHCO|95|NASDAQ|2019|11|20|15|30|55400|8.85|8.0|8.11|8.75|0.0||
AHCO|96|NASDAQ|2019|11|19|15|30|12300|9.02|8.55|8.6|8.95|0.0||
AHCO|97|NASDAQ|2019|11|18|15|30|63300|9.137|8.5|8.5|8.58|0.0||
AHCO|98|NASDAQ|2019|11|15|15|30|25600|8.88|8.4|8.54|8.88|0.0||
AHCO|99|NASDAQ|2019|11|14|15|30|140800|9.66|8.75|8.89|9.66|0.0||
AHCO|100|NASDAQ|2019|11|13|15|30|93200|10.0|9.476|9.49|9.8|0.0||
AHCO|101|NASDAQ|2019|11|12|15|30|29600|10.027|9.53|9.75|9.681|0.0||
AHCO|102|NASDAQ|2019|11|11|15|30|14000|10.0|9.56|9.6|10.0|0.0||
AHCO|103|NASDAQ|2019|11|8|15|30|0|10.2|10.18|10.2|10.18|0.0||
AHCO|104|NASDAQ|2019|11|7|15|30|0|10.2|10.18|10.2|10.18|0.0||
AHCO|105|NASDAQ|2019|11|6|15|30|0|10.2|10.18|10.2|10.18|0.0||
AHCO|106|NASDAQ|2019|11|5|15|30|0|10.2|10.18|10.2|10.18|0.0||
AHCO|107|NASDAQ|2019|11|4|15|30|0|10.2|10.18|10.2|10.18|0.0||
AHCO|108|NASDAQ|2019|11|1|14|30|0|10.2|10.18|10.2|10.18|0.0||
AHCO|109|NASDAQ|2019|10|31|14|30|0|10.2|10.18|10.2|10.18|0.0||
AHCO|110|NASDAQ|2019|10|30|14|30|0|10.2|10.18|10.2|10.18|0.0||
AHCO|111|NASDAQ|2019|10|29|14|30|0|10.2|10.18|10.2|10.18|0.0||
AHCO|112|NASDAQ|2019|10|28|14|30|0|10.2|10.18|10.2|10.18|0.0||
AHCO|113|NASDAQ|2019|10|25|15|30|0|10.2|10.18|10.2|10.18|0.0||
AHCO|114|NASDAQ|2019|10|24|15|30|0|10.2|10.18|10.2|10.18|0.0||
AHCO|115|NASDAQ|2019|10|23|15|30|0|10.2|10.18|10.2|10.18|0.0||
AHCO|116|NASDAQ|2019|10|22|15|30|0|10.2|10.18|10.2|10.18|0.0||
AHCO|117|NASDAQ|2019|10|21|15|30|0|10.2|10.18|10.2|10.18|0.0||
AHCO|118|NASDAQ|2019|10|18|15|30|0|10.2|10.18|10.2|10.18|0.0||
AHCO|119|NASDAQ|2019|10|17|15|30|0|10.2|10.18|10.2|10.18|0.0||
AHCO|120|NASDAQ|2019|10|16|15|30|0|10.2|10.18|10.2|10.18|0.0||
AHCO|121|NASDAQ|2019|10|15|15|30|0|10.2|10.18|10.2|10.18|0.0||
AHCO|122|NASDAQ|2019|10|14|15|30|0|10.2|10.18|10.2|10.18|0.0||
AHCO|123|NASDAQ|2019|10|11|15|30|0|10.2|10.18|10.2|10.18|||
AHCO|124|NASDAQ|2019|10|10|15|30|0|10.2|10.18|10.2|10.18|||
AHCO|125|NASDAQ|2019|10|9|15|30|0|10.2|10.18|10.2|10.18|||
AHCO|126|NASDAQ|2019|10|8|15|30|351200|10.2|10.18|10.2|10.18|||
AINV|0|NASDAQ|2020|4|8|20|16|1059037|7.565|6.46|7.29|6.62|||
AINV|1|NASDAQ|2020|4|7|15|30|1520300|6.97|6.27|6.42|6.43|||
AINV|2|NASDAQ|2020|4|6|15|30|1316700|6.48|5.82|5.99|5.92|||
AINV|3|NASDAQ|2020|4|3|15|30|1055600|6.03|5.25|5.43|6.0|||
AINV|4|NASDAQ|2020|4|2|15|30|1076600|6.33|5.61|6.04|5.98|||
AINV|5|NASDAQ|2020|4|1|15|30|981300|6.58|6.0|6.01|6.57|0.0||
AINV|6|NASDAQ|2020|3|31|15|30|1333500|7.25|6.53|6.75|7.15|0.0||
AINV|7|NASDAQ|2020|3|30|15|30|941700|7.8|7.18|7.22|7.77|0.0||
AINV|8|NASDAQ|2020|3|27|14|30|1344100|8.39|7.76|7.77|8.34|0.0||
AINV|9|NASDAQ|2020|3|26|14|30|1609200|9.3|7.71|8.7|7.71|0.0||
AINV|10|NASDAQ|2020|3|25|14|30|1801700|8.87|6.65|7.64|6.66|0.0||
AINV|11|NASDAQ|2020|3|24|14|30|1325200|7.28|6.44|6.5|6.44|0.0||
AINV|12|NASDAQ|2020|3|23|14|30|1310800|7.68|6.02|6.22|7.66|1.0||
AINV|13|NASDAQ|2020|3|20|14|30|1177400|8.65|7.61|7.75|7.84|0.0||
AINV|14|NASDAQ|2020|3|19|14|30|2568600|8.62|5.2|7.78|8.46|0.0||
AINV|15|NASDAQ|2020|3|18|14|30|1862100|9.79|8.77|9.08|9.6|0.0||
AINV|16|NASDAQ|2020|3|17|14|30|2161300|10.6|9.77|10.11|10.11|0.0||
AINV|17|NASDAQ|2020|3|16|14|30|1569400|10.68|9.26|10.01|9.96|0.0||
AINV|18|NASDAQ|2020|3|13|14|30|1911300|11.85|10.58|11.19|11.57|0.0||
AINV|19|NASDAQ|2020|3|12|14|30|2338100|11.39|10.52|10.8|11.39|0.0||
AINV|20|NASDAQ|2020|3|11|14|30|1779600|13.23|12.36|12.59|13.12|0.0||
AINV|21|NASDAQ|2020|3|10|14|30|846700|13.79|13.0|13.52|13.52|0.0||
AINV|22|NASDAQ|2020|3|9|14|30|2332800|14.56|13.07|13.07|14.53|0.0||
AINV|23|NASDAQ|2020|3|6|15|30|1459900|15.48|15.03|15.34|15.45|0.0||
AINV|24|NASDAQ|2020|3|5|15|30|542100|15.91|15.59|15.67|15.7|0.0||
AINV|25|NASDAQ|2020|3|4|15|30|657600|16.139999|15.64|15.98|15.96|0.0||
AINV|26|NASDAQ|2020|3|3|15|30|1180900|16.120001000000002|15.51|15.69|15.95|0.0||
AINV|27|NASDAQ|2020|3|2|15|30|1207200|15.81|15.13|15.8|15.21|0.0||
AINV|28|NASDAQ|2020|2|28|15|30|1923400|15.49|15.03|15.24|15.35|0.0||
AINV|29|NASDAQ|2020|2|27|15|30|1232800|16.299999|15.65|15.65|15.98|0.0||
AINV|30|NASDAQ|2020|2|26|15|30|643800|16.67|16.15|16.4|16.26|0.0||
AINV|31|NASDAQ|2020|2|25|15|30|1080800|17.1|16.110001|16.290001|17.0|0.0||
AINV|32|NASDAQ|2020|2|24|15|30|710800|17.110001|16.84|16.959999|16.9|0.0||
AINV|33|NASDAQ|2020|2|21|15|30|349200|17.27|17.07|17.18|17.190001000000002|0.0||
AINV|34|NASDAQ|2020|2|20|15|30|533400|17.309998999999998|16.99|17.219998999999998|17.0|0.0||
AINV|35|NASDAQ|2020|2|19|15|30|999800|17.26|16.9|16.950001|17.25|0.0||
AINV|36|NASDAQ|2020|2|18|15|30|455200|17.290001|17.110001|17.26|17.110001|0.0||
AINV|37|NASDAQ|2020|2|14|15|30|428600|17.27|17.07|17.16|17.25|0.0||
AINV|38|NASDAQ|2020|2|13|15|30|477100|17.24|16.99|17.24|17.02|0.0||
AINV|39|NASDAQ|2020|2|12|15|30|396500|17.15|17.0|17.0|17.129998999999998|0.0||
AINV|40|NASDAQ|2020|2|11|15|30|418800|17.1|17.0|17.059998999999998|17.040001|0.0||
AINV|41|NASDAQ|2020|2|10|15|30|427200|17.049999|16.959999|17.040001|17.030001000000002|0.0||
AINV|42|NASDAQ|2020|2|7|15|30|782100|17.16|16.950001|17.040001|17.059998999999998|0.0||
AINV|43|NASDAQ|2020|2|6|15|30|889600|17.24|16.92|17.120001000000002|17.23|0.0||
AINV|44|NASDAQ|2020|2|5|15|30|744000|17.68|17.219998999999998|17.34|17.59|0.0||
AINV|45|NASDAQ|2020|2|4|15|30|431400|17.540001|17.309998999999998|17.41|17.49|0.0||
AINV|46|NASDAQ|2020|2|3|15|30|729000|17.43|16.75|17.389999|17.24|0.0||
AINV|47|NASDAQ|2020|1|31|15|30|493200|17.58|17.26|17.27|17.52|0.0||
AINV|48|NASDAQ|2020|1|30|15|30|554000|17.639999|17.5|17.549999|17.549999|0.0||
AINV|49|NASDAQ|2020|1|29|15|30|345000|17.629998999999994|17.549999|17.559998999999998|17.549999|0.0||
AINV|50|NASDAQ|2020|1|28|15|30|318500|17.620001000000006|17.379998999999998|17.549999|17.440001000000002|0.0||
AINV|51|NASDAQ|2020|1|27|15|30|433700|17.65|17.34|17.35|17.51|0.0||
AINV|52|NASDAQ|2020|1|24|15|30|267300|17.68|17.5|17.57|17.68|0.0||
AINV|53|NASDAQ|2020|1|23|15|30|252400|17.700001|17.549999|17.65|17.620001000000006|0.0||
AINV|54|NASDAQ|2020|1|22|15|30|457600|17.690001000000006|17.5|17.620001000000006|17.5|0.0||
AINV|55|NASDAQ|2020|1|21|15|30|581000|17.559998999999998|17.469998999999998|17.49|17.549999|0.0||
AINV|56|NASDAQ|2020|1|17|15|30|454500|17.639999|17.51|17.549999|17.6|0.0||
AINV|57|NASDAQ|2020|1|16|15|30|543300|17.66|17.530001000000002|17.58|17.639999|0.0||
AINV|58|NASDAQ|2020|1|15|15|30|490400|17.66|17.559998999999998|17.620001000000006|17.559998999999998|0.0||
AINV|59|NASDAQ|2020|1|14|15|30|641200|17.700001|17.57|17.610001|17.610001|0.0||
AINV|60|NASDAQ|2020|1|13|15|30|558200|17.639999|17.450001|17.559998999999998|17.450001|0.0||
AINV|61|NASDAQ|2020|1|10|15|30|323900|17.57|17.450001|17.450001|17.51|0.0||
AINV|62|NASDAQ|2020|1|9|15|30|529500|17.58|17.41|17.49|17.5|0.0||
AINV|63|NASDAQ|2020|1|8|15|30|514100|17.610001|17.459999|17.49|17.559998999999998|0.0||
AINV|64|NASDAQ|2020|1|7|15|30|477600|17.68|17.549999|17.549999|17.549999|0.0||
AINV|65|NASDAQ|2020|1|6|15|30|512700|17.620001000000006|17.51|17.549999|17.6|0.0||
AINV|66|NASDAQ|2020|1|3|15|30|511000|17.74|17.51|17.59|17.68|0.0||
AINV|67|NASDAQ|2020|1|2|15|30|441500|17.68|17.450001|17.629998999999994|17.48|0.0||
AINV|68|NASDAQ|2019|12|31|15|30|429400|17.540001|17.440001000000002|17.459999|17.469998999999998|0.0||
AINV|69|NASDAQ|2019|12|30|15|30|531100|17.57|17.4|17.5|17.52|0.0||
AINV|70|NASDAQ|2019|12|27|15|30|358200|17.6|17.49|17.52|17.57|0.0||
AINV|71|NASDAQ|2019|12|26|15|30|361000|17.629998999999994|17.469998999999998|17.59|17.620001000000006|0.0||
AINV|72|NASDAQ|2019|12|24|15|30|206300|17.629998999999994|17.549999|17.620001000000006|17.59|0.0||
AINV|73|NASDAQ|2019|12|23|15|30|414800|17.6|17.49|17.58|17.559998999999998|0.0||
AINV|74|NASDAQ|2019|12|20|15|30|1210700|17.690001000000006|17.5|17.559998999999998|17.639999|0.0||
AINV|75|NASDAQ|2019|12|19|15|30|832200|17.76|17.49|17.620001000000006|17.58|0.0||
AINV|76|NASDAQ|2019|12|18|15|30|861200|18.26|18.07|18.1|18.209999|0.0||
AINV|77|NASDAQ|2019|12|17|15|30|1284500|18.33|17.91|18.18|17.91|0.0||
AINV|78|NASDAQ|2019|12|16|15|30|1040100|18.0|17.6|17.91|17.620001000000006|0.0||
AINV|79|NASDAQ|2019|12|13|15|30|439000|17.559998999999998|17.35|17.540001|17.4|0.0||
AINV|80|NASDAQ|2019|12|12|15|30|443000|17.42|17.209999|17.33|17.24|0.0||
AINV|81|NASDAQ|2019|12|11|15|30|395700|17.209999|17.049999|17.16|17.200001|0.0||
AINV|82|NASDAQ|2019|12|10|15|30|762300|17.23|17.139999|17.17|17.16|0.0||
AINV|83|NASDAQ|2019|12|9|15|30|610000|17.219998999999998|17.16|17.18|17.190001000000002|0.0||
AINV|84|NASDAQ|2019|12|6|15|30|703600|17.15|16.99|17.120001000000002|17.030001000000002|0.0||
AINV|85|NASDAQ|2019|12|5|15|30|444800|17.040001|16.870001000000002|16.93|17.0|0.0||
AINV|86|NASDAQ|2019|12|4|15|30|424600|17.040001|16.82|16.99|16.82|0.0||
AINV|87|NASDAQ|2019|12|3|15|30|390600|16.84|16.629998999999998|16.82|16.75|0.0||
AINV|88|NASDAQ|2019|12|2|15|30|410000|16.950001|16.780001000000002|16.82|16.950001|0.0||
AINV|89|NASDAQ|2019|11|29|15|30|255600|16.9|16.790001|16.879998999999998|16.83|0.0||
AINV|90|NASDAQ|2019|11|27|15|30|467700|16.82|16.540001|16.82|16.6|0.0||
AINV|91|NASDAQ|2019|11|26|15|30|311000|16.610001|16.530001000000002|16.58|16.549999|0.0||
AINV|92|NASDAQ|2019|11|25|15|30|369800|16.58|16.389999|16.559998999999998|16.389999|0.0||
AINV|93|NASDAQ|2019|11|22|15|30|389200|16.5|16.26|16.360001|16.49|0.0||
AINV|94|NASDAQ|2019|11|21|15|30|505400|16.6|16.27|16.450001|16.57|0.0||
AINV|95|NASDAQ|2019|11|20|15|30|505500|16.6|16.459999|16.58|16.469998999999998|0.0||
AINV|96|NASDAQ|2019|11|19|15|30|371600|16.549999|16.450001|16.459999|16.5|0.0||
AINV|97|NASDAQ|2019|11|18|15|30|288100|16.52|16.389999|16.440001000000002|16.440001000000002|0.0||
AINV|98|NASDAQ|2019|11|15|15|30|408100|16.549999|16.4|16.41|16.5|0.0||
AINV|99|NASDAQ|2019|11|14|15|30|443800|16.49|16.34|16.42|16.4|0.0||
AINV|100|NASDAQ|2019|11|13|15|30|407000|16.52|16.26|16.33|16.389999|0.0||
AINV|101|NASDAQ|2019|11|12|15|30|413900|16.43|16.290001|16.42|16.34|0.0||
AINV|102|NASDAQ|2019|11|11|15|30|440800|16.51|16.280001000000002|16.34|16.360001|0.0||
AINV|103|NASDAQ|2019|11|8|15|30|354400|16.530001000000002|16.280001000000002|16.360001|16.280001000000002|0.0||
AINV|104|NASDAQ|2019|11|7|15|30|630800|16.690001000000002|16.290001|16.33|16.690001000000002|0.0||
AINV|105|NASDAQ|2019|11|6|15|30|1622100|16.719998999999998|16.030001000000002|16.66|16.219998999999998|0.0||
AINV|106|NASDAQ|2019|11|5|15|30|366600|16.35|15.9|15.94|16.08|0.0||
AINV|107|NASDAQ|2019|11|4|15|30|536000|16.059998999999998|15.92|15.96|15.98|0.0||
AINV|108|NASDAQ|2019|11|1|14|30|703100|15.93|15.86|15.9|15.88|0.0||
AINV|109|NASDAQ|2019|10|31|14|30|219500|15.92|15.8|15.85|15.88|0.0||
AINV|110|NASDAQ|2019|10|30|14|30|233200|15.93|15.84|15.88|15.93|0.0||
AINV|111|NASDAQ|2019|10|29|14|30|272700|15.99|15.85|15.92|15.97|0.0||
AINV|112|NASDAQ|2019|10|28|14|30|296500|16.18|15.94|15.99|15.99|0.0||
AINV|113|NASDAQ|2019|10|25|15|30|312000|16.049999|15.85|15.89|16.030001000000002|0.0||
AINV|114|NASDAQ|2019|10|24|15|30|307500|16.07|15.88|16.01|16.040001|0.0||
AINV|115|NASDAQ|2019|10|23|15|30|305400|16.110001|15.97|15.99|16.059998999999998|0.0||
AINV|116|NASDAQ|2019|10|22|15|30|251200|16.18|16.02|16.049999|16.09|0.0||
AINV|117|NASDAQ|2019|10|21|15|30|674000|16.25|15.87|16.059998999999998|15.87|0.0||
AINV|118|NASDAQ|2019|10|18|15|30|246600|15.89|15.73|15.83|15.73|0.0||
AINV|119|NASDAQ|2019|10|17|15|30|241600|15.77|15.59|15.73|15.65|0.0||
AINV|120|NASDAQ|2019|10|16|15|30|328800|15.66|15.57|15.58|15.59|0.0||
AINV|121|NASDAQ|2019|10|15|15|30|255600|15.69|15.48|15.57|15.48|0.0||
AINV|122|NASDAQ|2019|10|14|15|30|198300|15.62|15.47|15.47|15.55|0.0||
AINV|123|NASDAQ|2019|10|11|15|30|403800|15.77|15.57|15.58|15.7|||
AINV|124|NASDAQ|2019|10|10|15|30|283200|15.73|15.57|15.57|15.6|||
AINV|125|NASDAQ|2019|10|9|15|30|328000|15.65|15.47|15.57|15.47|||
AINV|126|NASDAQ|2019|10|8|15|30|345600|15.64|15.41|15.41|15.58|||
AIRG|0|NASDAQ|2020|4|8|20|13|41763|7.17|6.5|7.04|6.53|||
AIRG|1|NASDAQ|2020|4|7|15|30|64400|6.82|6.43|6.45|6.65|||
AIRG|2|NASDAQ|2020|4|6|15|30|25700|6.48|6.29|6.44|6.29|||
AIRG|3|NASDAQ|2020|4|3|15|30|51700|6.5|6.02|6.02|6.5|||
AIRG|4|NASDAQ|2020|4|2|15|30|30500|7.18|6.3279999999999985|6.48|6.59|||
AIRG|5|NASDAQ|2020|4|1|15|30|79000|7.08|6.55|6.61|7.08|0.0||
AIRG|6|NASDAQ|2020|3|31|15|30|74000|7.55|6.65|7.39|7.32|0.0||
AIRG|7|NASDAQ|2020|3|30|15|30|26900|7.44|6.75|6.93|6.91|0.0||
AIRG|8|NASDAQ|2020|3|27|14|30|32300|7.29|6.84|6.86|7.16|0.0||
AIRG|9|NASDAQ|2020|3|26|14|30|56600|7.52|7.02|7.38|7.03|0.0||
AIRG|10|NASDAQ|2020|3|25|14|30|87500|7.54|6.93|6.985|6.99|0.0||
AIRG|11|NASDAQ|2020|3|24|14|30|104600|7.18|6.2|7.17|6.2|0.0||
AIRG|12|NASDAQ|2020|3|23|14|30|126000|6.0|5.63|5.96|6.0|1.0||
AIRG|13|NASDAQ|2020|3|20|14|30|102500|7.12|6.15|6.15|6.99|1.0||
AIRG|14|NASDAQ|2020|3|19|14|30|53000|7.02|6.35|6.98|6.36|0.0||
AIRG|15|NASDAQ|2020|3|18|14|30|73900|8.15|6.25|6.61|7.3|0.0||
AIRG|16|NASDAQ|2020|3|17|14|30|111100|8.35|6.66|8.11|6.77|0.0||
AIRG|17|NASDAQ|2020|3|16|14|30|140400|7.85|6.59|6.66|7.1|0.0||
AIRG|18|NASDAQ|2020|3|13|14|30|69000|6.91|6.285|6.89|6.84|0.0||
AIRG|19|NASDAQ|2020|3|12|14|30|63000|6.95|6.52|6.53|6.95|0.0||
AIRG|20|NASDAQ|2020|3|11|14|30|56100|7.34|7.0|7.22|7.29|0.0||
AIRG|21|NASDAQ|2020|3|10|14|30|79400|7.31|6.879|7.26|7.14|0.0||
AIRG|22|NASDAQ|2020|3|9|14|30|49800|7.46|7.05|7.14|7.19|0.0||
AIRG|23|NASDAQ|2020|3|6|15|30|36600|8.1|7.61|7.83|7.61|0.0||
AIRG|24|NASDAQ|2020|3|5|15|30|36600|8.41|7.77|7.93|8.13|0.0||
AIRG|25|NASDAQ|2020|3|4|15|30|30300|8.42|7.96|8.36|8.15|0.0||
AIRG|26|NASDAQ|2020|3|3|15|30|36900|8.28|7.9|8.02|8.01|0.0||
AIRG|27|NASDAQ|2020|3|2|15|30|129600|8.168|7.7|7.98|7.85|0.0||
AIRG|28|NASDAQ|2020|2|28|15|30|80500|8.11|7.775|7.89|7.98|0.0||
AIRG|29|NASDAQ|2020|2|27|15|30|86400|8.5|8.13|8.22|8.46|0.0||
AIRG|30|NASDAQ|2020|2|26|15|30|44100|8.72|8.51|8.61|8.58|0.0||
AIRG|31|NASDAQ|2020|2|25|15|30|83900|9.06|8.51|8.56|9.06|0.0||
AIRG|32|NASDAQ|2020|2|24|15|30|57000|9.56|8.96|9.09|9.33|0.0||
AIRG|33|NASDAQ|2020|2|21|15|30|163100|10.3|9.38|9.62|10.3|0.0||
AIRG|34|NASDAQ|2020|2|20|15|30|50100|9.34|9.0|9.11|9.06|0.0||
AIRG|35|NASDAQ|2020|2|19|15|30|34400|9.19|8.86|9.03|9.13|0.0||
AIRG|36|NASDAQ|2020|2|18|15|30|33500|9.17|8.97|9.08|8.97|0.0||
AIRG|37|NASDAQ|2020|2|14|15|30|63700|9.07|8.74|8.96|8.79|0.0||
AIRG|38|NASDAQ|2020|2|13|15|30|75500|8.847000000000003|8.71|8.78|8.847000000000003|0.0||
AIRG|39|NASDAQ|2020|2|12|15|30|53700|8.97|8.76|8.82|8.97|0.0||
AIRG|40|NASDAQ|2020|2|11|15|30|38000|9.145|8.8|8.98|8.93|0.0||
AIRG|41|NASDAQ|2020|2|10|15|30|40800|8.87|8.65|8.85|8.8|0.0||
AIRG|42|NASDAQ|2020|2|7|15|30|41600|8.97|8.75|8.8|8.86|0.0||
AIRG|43|NASDAQ|2020|2|6|15|30|80600|9.11|8.73|8.89|9.11|0.0||
AIRG|44|NASDAQ|2020|2|5|15|30|65900|9.32|9.0|9.03|9.3|0.0||
AIRG|45|NASDAQ|2020|2|4|15|30|84300|9.41|9.21|9.27|9.4|0.0||
AIRG|46|NASDAQ|2020|2|3|15|30|28800|9.6|9.25|9.35|9.53|0.0||
AIRG|47|NASDAQ|2020|1|31|15|30|96700|9.75|9.39|9.45|9.48|0.0||
AIRG|48|NASDAQ|2020|1|30|15|30|33600|9.642|9.45|9.55|9.52|0.0||
AIRG|49|NASDAQ|2020|1|29|15|30|49800|9.84|9.35|9.67|9.76|0.0||
AIRG|50|NASDAQ|2020|1|28|15|30|73100|9.86|9.5|9.75|9.86|0.0||
AIRG|51|NASDAQ|2020|1|27|15|30|33200|10.09|9.61|9.66|10.03|0.0||
AIRG|52|NASDAQ|2020|1|24|15|30|27500|10.36|10.15|10.16|10.28|0.0||
AIRG|53|NASDAQ|2020|1|23|15|30|36600|10.28|9.96|10.25|9.98|0.0||
AIRG|54|NASDAQ|2020|1|22|15|30|28400|10.3|9.88|10.02|10.25|0.0||
AIRG|55|NASDAQ|2020|1|21|15|30|46400|10.36|10.14|10.19|10.36|0.0||
AIRG|56|NASDAQ|2020|1|17|15|30|53200|10.49|10.09|10.34|10.21|0.0||
AIRG|57|NASDAQ|2020|1|16|15|30|55500|10.33|10.03|10.3|10.03|0.0||
AIRG|58|NASDAQ|2020|1|15|15|30|66400|10.34|9.92|9.97|10.23|0.0||
AIRG|59|NASDAQ|2020|1|14|15|30|34900|10.31|10.13|10.21|10.15|0.0||
AIRG|60|NASDAQ|2020|1|13|15|30|43700|10.2|9.88|10.16|9.88|0.0||
AIRG|61|NASDAQ|2020|1|10|15|30|75000|10.37|9.85|9.88|10.31|0.0||
AIRG|62|NASDAQ|2020|1|9|15|30|17400|10.51|10.3|10.3|10.35|0.0||
AIRG|63|NASDAQ|2020|1|8|15|30|29900|10.38|10.25|10.28|10.3|0.0||
AIRG|64|NASDAQ|2020|1|7|15|30|28800|10.51|10.29|10.34|10.43|0.0||
AIRG|65|NASDAQ|2020|1|6|15|30|44700|10.58|10.26|10.435|10.26|0.0||
AIRG|66|NASDAQ|2020|1|3|15|30|35800|10.66|10.41|10.42|10.59|0.0||
AIRG|67|NASDAQ|2020|1|2|15|30|42300|10.79|10.65|10.69|10.75|0.0||
AIRG|68|NASDAQ|2019|12|31|15|30|52300|10.734000000000002|10.41|10.69|10.41|0.0||
AIRG|69|NASDAQ|2019|12|30|15|30|58900|10.59|10.22|10.49|10.48|0.0||
AIRG|70|NASDAQ|2019|12|27|15|30|64500|10.665|10.43|10.48|10.65|0.0||
AIRG|71|NASDAQ|2019|12|26|15|30|41500|10.72|10.52|10.64|10.72|0.0||
AIRG|72|NASDAQ|2019|12|24|15|30|27400|10.82|10.547|10.69|10.58|0.0||
AIRG|73|NASDAQ|2019|12|23|15|30|38200|10.52|10.13|10.48|10.13|0.0||
AIRG|74|NASDAQ|2019|12|20|15|30|42900|10.23|10.07|10.17|10.21|0.0||
AIRG|75|NASDAQ|2019|12|19|15|30|57500|10.35|10.01|10.2|10.32|0.0||
AIRG|76|NASDAQ|2019|12|18|15|30|57500|10.36|10.18|10.32|10.22|0.0||
AIRG|77|NASDAQ|2019|12|17|15|30|52000|10.33|9.92|10.29|10.0|0.0||
AIRG|78|NASDAQ|2019|12|16|15|30|111500|10.33|9.75|10.07|10.22|0.0||
AIRG|79|NASDAQ|2019|12|13|15|30|31200|10.412|9.93|10.16|10.3|0.0||
AIRG|80|NASDAQ|2019|12|12|15|30|90800|10.42|10.06|10.34|10.08|0.0||
AIRG|81|NASDAQ|2019|12|11|15|30|32900|10.17|9.88|10.09|9.92|0.0||
AIRG|82|NASDAQ|2019|12|10|15|30|32700|10.1|9.85|9.92|9.85|0.0||
AIRG|83|NASDAQ|2019|12|9|15|30|60700|10.33|9.85|9.85|10.25|0.0||
AIRG|84|NASDAQ|2019|12|6|15|30|70500|10.34|9.89|10.24|9.89|0.0||
AIRG|85|NASDAQ|2019|12|5|15|30|51000|10.05|9.75|9.86|9.84|0.0||
AIRG|86|NASDAQ|2019|12|4|15|30|75500|10.0|9.82|9.89|9.94|0.0||
AIRG|87|NASDAQ|2019|12|3|15|30|60900|9.93|9.56|9.89|9.63|0.0||
AIRG|88|NASDAQ|2019|12|2|15|30|97300|9.92|9.35|9.84|9.43|0.0||
AIRG|89|NASDAQ|2019|11|29|15|30|80800|9.57|8.91|9.44|9.13|0.0||
AIRG|90|NASDAQ|2019|11|27|15|30|98300|9.38|8.61|9.06|8.61|0.0||
AIRG|91|NASDAQ|2019|11|26|15|30|441200|9.18|8.28|8.66|8.95|1.0||
AIRG|92|NASDAQ|2019|11|25|15|30|51000|10.0|9.77|9.98|9.77|0.0||
AIRG|93|NASDAQ|2019|11|22|15|30|50900|10.17|9.78|9.81|9.9|0.0||
AIRG|94|NASDAQ|2019|11|21|15|30|61400|10.45|9.8|9.87|10.45|0.0||
AIRG|95|NASDAQ|2019|11|20|15|30|61100|10.69|10.2|10.42|10.36|0.0||
AIRG|96|NASDAQ|2019|11|19|15|30|52900|10.55|10.1|10.4|10.23|0.0||
AIRG|97|NASDAQ|2019|11|18|15|30|60400|10.57|10.09|10.19|10.36|0.0||
AIRG|98|NASDAQ|2019|11|15|15|30|74100|10.89|10.41|10.44|10.63|0.0||
AIRG|99|NASDAQ|2019|11|14|15|30|66100|10.59|10.35|10.56|10.36|0.0||
AIRG|100|NASDAQ|2019|11|13|15|30|26000|10.4|10.15|10.35|10.15|0.0||
AIRG|101|NASDAQ|2019|11|12|15|30|135100|10.34|9.995|10.26|10.01|0.0||
AIRG|102|NASDAQ|2019|11|11|15|30|119600|11.39|9.94|10.02|11.3|0.0||
AIRG|103|NASDAQ|2019|11|8|15|30|66500|11.57|10.65|11.4|10.93|0.0||
AIRG|104|NASDAQ|2019|11|7|15|30|60900|11.35|11.04|11.22|11.34|0.0||
AIRG|105|NASDAQ|2019|11|6|15|30|40400|11.33|10.88|11.18|11.0|0.0||
AIRG|106|NASDAQ|2019|11|5|15|30|19000|11.3|10.93|11.1|10.94|0.0||
AIRG|107|NASDAQ|2019|11|4|15|30|18800|11.26|10.91|10.94|11.1|0.0||
AIRG|108|NASDAQ|2019|11|1|14|30|33100|11.46|10.97|11.05|11.46|0.0||
AIRG|109|NASDAQ|2019|10|31|14|30|67100|11.7|11.165|11.37|11.3|0.0||
AIRG|110|NASDAQ|2019|10|30|14|30|43000|11.38|10.975|11.36|11.25|0.0||
AIRG|111|NASDAQ|2019|10|29|14|30|50200|11.24|10.64|11.23|10.64|0.0||
AIRG|112|NASDAQ|2019|10|28|14|30|25200|10.95|10.62|10.76|10.64|0.0||
AIRG|113|NASDAQ|2019|10|25|15|30|24200|10.715|10.55|10.6|10.55|0.0||
AIRG|114|NASDAQ|2019|10|24|15|30|25900|11.0|10.57|10.6|10.8|0.0||
AIRG|115|NASDAQ|2019|10|23|15|30|34100|11.06|10.69|10.83|10.88|0.0||
AIRG|116|NASDAQ|2019|10|22|15|30|20900|11.03|10.8|10.9|11.0|0.0||
AIRG|117|NASDAQ|2019|10|21|15|30|44800|11.17|10.79|11.04|10.92|0.0||
AIRG|118|NASDAQ|2019|10|18|15|30|25400|10.95|10.55|10.74|10.73|0.0||
AIRG|119|NASDAQ|2019|10|17|15|30|39300|10.94|10.59|10.83|10.6|0.0||
AIRG|120|NASDAQ|2019|10|16|15|30|46400|10.938|10.38|10.43|10.51|0.0||
AIRG|121|NASDAQ|2019|10|15|15|30|42600|10.94|10.36|10.49|10.63|0.0||
AIRG|122|NASDAQ|2019|10|14|15|30|22600|10.7|10.57|10.62|10.62|0.0||
AIRG|123|NASDAQ|2019|10|11|15|30|44400|11.21|10.7|10.75|10.87|||
AIRG|124|NASDAQ|2019|10|10|15|30|48700|10.96|10.59|10.72|10.6|||
AIRG|125|NASDAQ|2019|10|9|15|30|56400|10.99|10.57|10.67|10.91|||
AIRG|126|NASDAQ|2019|10|8|15|30|65400|11.25|10.82|10.82|11.11|||
AIRT|0|NASDAQ|2020|4|8|19|31|607|11.5062|11.18|11.5062|11.18|||
AIRT|1|NASDAQ|2020|4|7|15|30|3400|12.29|11.04|11.06|12.28|||
AIRT|2|NASDAQ|2020|4|6|15|30|1700|11.88|11.0|11.0|11.88|||
AIRT|3|NASDAQ|2020|4|3|15|30|0|12.44|12.44|12.44|12.44|||
AIRT|4|NASDAQ|2020|4|2|15|30|0|12.44|12.44|12.44|12.44|||
AIRT|5|NASDAQ|2020|4|1|15|30|300|12.5|12.44|12.44|12.5|0.0||
AIRT|6|NASDAQ|2020|3|31|15|30|1800|13.77|12.51|12.51|12.52|0.0||
AIRT|7|NASDAQ|2020|3|30|15|30|2300|13.5|12.0|12.45|12.18|0.0||
AIRT|8|NASDAQ|2020|3|27|14|30|900|10.95|10.82|10.95|10.82|1.0||
AIRT|9|NASDAQ|2020|3|26|14|30|1600|11.56|10.5|11.5|10.5|0.0||
AIRT|10|NASDAQ|2020|3|25|14|30|6100|11.85|9.41|11.85|10.45|0.0||
AIRT|11|NASDAQ|2020|3|24|14|30|12000|10.89|9.51|10.41|10.63|1.0||
AIRT|12|NASDAQ|2020|3|23|14|30|9000|12.01|10.55|10.55|11.95|0.0||
AIRT|13|NASDAQ|2020|3|20|14|30|9500|14.94|12.65|12.75|13.08|0.0||
AIRT|14|NASDAQ|2020|3|19|14|30|50700|12.93|10.45|12.93|10.5|0.0||
AIRT|15|NASDAQ|2020|3|18|14|30|23400|12.03|10.5|10.51|12.03|0.0||
AIRT|16|NASDAQ|2020|3|17|14|30|15100|13.48|11.75|12.25|11.75|0.0||
AIRT|17|NASDAQ|2020|3|16|14|30|38300|13.07|10.75|11.5|12.51|0.0||
AIRT|18|NASDAQ|2020|3|13|14|30|4600|15.69|15.44|15.5|15.69|0.0||
AIRT|19|NASDAQ|2020|3|12|14|30|28600|16.280001000000002|15.0|15.69|16.280001000000002|0.0||
AIRT|20|NASDAQ|2020|3|11|14|30|1700|17.68|16.75|16.75|17.5|0.0||
AIRT|21|NASDAQ|2020|3|10|14|30|0|18.389999|18.389999|18.389999|18.389999|0.0||
AIRT|22|NASDAQ|2020|3|9|14|30|200|18.389999|18.389999|18.389999|18.389999|0.0||
AIRT|23|NASDAQ|2020|3|6|15|30|600|18.5|17.09|18.5|17.09|0.0||
AIRT|24|NASDAQ|2020|3|5|15|30|2200|18.5|16.92|17.09|16.92|0.0||
AIRT|25|NASDAQ|2020|3|4|15|30|0|18.5|18.5|18.5|18.5|0.0||
AIRT|26|NASDAQ|2020|3|3|15|30|400|18.5|18.5|18.5|18.5|0.0||
AIRT|27|NASDAQ|2020|3|2|15|30|300|18.530001|18.5|18.5|18.5|0.0||
AIRT|28|NASDAQ|2020|2|28|15|30|1700|19.110001|18.5|18.5|18.52|0.0||
AIRT|29|NASDAQ|2020|2|27|15|30|1000|18.629999|18.5|18.5|18.629999|0.0||
AIRT|30|NASDAQ|2020|2|26|15|30|500|18.559999|18.5|18.5|18.559999|0.0||
AIRT|31|NASDAQ|2020|2|25|15|30|0|19.49|19.49|19.49|19.49|0.0||
AIRT|32|NASDAQ|2020|2|24|15|30|200|19.49|19.49|19.49|19.49|0.0||
AIRT|33|NASDAQ|2020|2|21|15|30|1000|19.950001|19.120001|19.85|19.950001|0.0||
AIRT|34|NASDAQ|2020|2|20|15|30|1100|19.799999|19.700001|19.799999|19.700001|0.0||
AIRT|35|NASDAQ|2020|2|19|15|30|1600|19.9|19.360001|19.65|19.9|0.0||
AIRT|36|NASDAQ|2020|2|18|15|30|1200|20.0|19.610001|19.610001|20.0|0.0||
AIRT|37|NASDAQ|2020|2|14|15|30|300|20.299999|19.379999|19.379999|20.299999|0.0||
AIRT|38|NASDAQ|2020|2|13|15|30|200|19.559999|19.370001|19.559999|19.370001|0.0||
AIRT|39|NASDAQ|2020|2|12|15|30|1500|20.59|20.299999|20.299999|20.35|0.0||
AIRT|40|NASDAQ|2020|2|11|15|30|2100|19.73|19.5|19.540001|19.73|0.0||
AIRT|41|NASDAQ|2020|2|10|15|30|2300|19.92|19.74|19.91|19.91|0.0||
AIRT|42|NASDAQ|2020|2|7|15|30|1900|19.92|19.9|19.92|19.9|0.0||
AIRT|43|NASDAQ|2020|2|6|15|30|1800|20.5|20.5|20.5|20.5|0.0||
AIRT|44|NASDAQ|2020|2|5|15|30|1000|21.16|20.82|21.16|20.82|0.0||
AIRT|45|NASDAQ|2020|2|4|15|30|3200|21.200001|21.110001|21.16|21.17|0.0||
AIRT|46|NASDAQ|2020|2|3|15|30|700|21.25|21.200001|21.25|21.25|0.0||
AIRT|47|NASDAQ|2020|1|31|15|30|0|21.25|21.25|21.25|21.25|0.0||
AIRT|48|NASDAQ|2020|1|30|15|30|0|21.25|21.25|21.25|21.25|0.0||
AIRT|49|NASDAQ|2020|1|29|15|30|0|21.25|21.25|21.25|21.25|0.0||
AIRT|50|NASDAQ|2020|1|28|15|30|400|21.25|21.200001|21.25|21.200001|0.0||
AIRT|51|NASDAQ|2020|1|27|15|30|600|20.42|20.15|20.15|20.200001|0.0||
AIRT|52|NASDAQ|2020|1|24|15|30|0|19.309999|19.309999|19.309999|19.309999|0.0||
AIRT|53|NASDAQ|2020|1|23|15|30|0|19.309999|19.309999|19.309999|19.309999|0.0||
AIRT|54|NASDAQ|2020|1|22|15|30|400|19.309999|19.309999|19.309999|19.309999|0.0||
AIRT|55|NASDAQ|2020|1|21|15|30|700|19.870001|19.76|19.76|19.870001|0.0||
AIRT|56|NASDAQ|2020|1|17|15|30|1600|21.110001|19.75|21.110001|20.24|0.0||
AIRT|57|NASDAQ|2020|1|16|15|30|0|21.09|21.09|21.09|21.09|0.0||
AIRT|58|NASDAQ|2020|1|15|15|30|0|21.09|21.09|21.09|21.09|0.0||
AIRT|59|NASDAQ|2020|1|14|15|30|0|21.09|21.09|21.09|21.09|0.0||
AIRT|60|NASDAQ|2020|1|13|15|30|400|21.09|21.09|21.09|21.09|0.0||
AIRT|61|NASDAQ|2020|1|10|15|30|12300|21.09|20.700001|21.09|21.0|0.0||
AIRT|62|NASDAQ|2020|1|9|15|30|0|21.219999|21.219999|21.219999|21.219999|0.0||
AIRT|63|NASDAQ|2020|1|8|15|30|2100|21.67|20.65|21.219999|21.67|0.0||
AIRT|64|NASDAQ|2020|1|7|15|30|0|20.42|20.42|20.42|20.42|0.0||
AIRT|65|NASDAQ|2020|1|6|15|30|400|20.42|20.42|20.42|20.42|0.0||
AIRT|66|NASDAQ|2020|1|3|15|30|0|20.15|20.15|20.15|20.15|0.0||
AIRT|67|NASDAQ|2020|1|2|15|30|0|20.15|20.15|20.15|20.15|0.0||
AIRT|68|NASDAQ|2019|12|31|15|30|1900|21.889999|20.15|20.15|21.25|0.0||
AIRT|69|NASDAQ|2019|12|30|15|30|200|20.75|20.75|20.75|20.75|0.0||
AIRT|70|NASDAQ|2019|12|27|15|30|1100|21.75|20.0|20.0|21.75|0.0||
AIRT|71|NASDAQ|2019|12|26|15|30|700|21.51|20.24|21.51|20.24|0.0||
AIRT|72|NASDAQ|2019|12|24|15|30|0|21.5|21.5|21.5|21.5|0.0||
AIRT|73|NASDAQ|2019|12|23|15|30|3700|21.5|20.75|21.5|20.75|0.0||
AIRT|74|NASDAQ|2019|12|20|15|30|1500|21.25|21.0|21.25|21.0|0.0||
AIRT|75|NASDAQ|2019|12|19|15|30|1300|21.110001|21.0|21.07|21.0|0.0||
AIRT|76|NASDAQ|2019|12|18|15|30|200|21.0|21.0|21.0|21.0|0.0||
AIRT|77|NASDAQ|2019|12|17|15|30|1500|21.379999|21.360001|21.360001|21.379999|0.0||
AIRT|78|NASDAQ|2019|12|16|15|30|2100|21.549999|21.360001|21.360001|21.549999|0.0||
AIRT|79|NASDAQ|2019|12|13|15|30|300|21.9|21.379999|21.9|21.379999|0.0||
AIRT|80|NASDAQ|2019|12|12|15|30|300|21.459999|21.459999|21.459999|21.459999|0.0||
AIRT|81|NASDAQ|2019|12|11|15|30|1600|22.0|21.84|22.0|21.84|0.0||
AIRT|82|NASDAQ|2019|12|10|15|30|600|21.799999|21.370001|21.799999|21.370001|0.0||
AIRT|83|NASDAQ|2019|12|9|15|30|1600|22.0|21.370001|21.370001|22.0|0.0||
AIRT|84|NASDAQ|2019|12|6|15|30|1000|22.5|22.0|22.0|22.5|0.0||
AIRT|85|NASDAQ|2019|12|5|15|30|1800|22.99|22.48|22.99|22.5|0.0||
AIRT|86|NASDAQ|2019|12|4|15|30|300|22.5|22.5|22.5|22.5|0.0||
AIRT|87|NASDAQ|2019|12|3|15|30|300|22.99|22.99|22.99|22.99|0.0||
AIRT|88|NASDAQ|2019|12|2|15|30|1600|22.24|22.0|22.0|22.24|0.0||
AIRT|89|NASDAQ|2019|11|29|15|30|0|22.07|22.07|22.07|22.07|0.0||
AIRT|90|NASDAQ|2019|11|27|15|30|500|22.07|22.0|22.07|22.0|0.0||
AIRT|91|NASDAQ|2019|11|26|15|30|200|22.07|22.01|22.07|22.01|0.0||
AIRT|92|NASDAQ|2019|11|25|15|30|400|22.860001|22.84|22.860001|22.84|0.0||
AIRT|93|NASDAQ|2019|11|22|15|30|6600|23.950001|22.01|22.08|22.01|0.0||
AIRT|94|NASDAQ|2019|11|21|15|30|1700|24.5|21.950001|24.5|21.950001|0.0||
AIRT|95|NASDAQ|2019|11|20|15|30|2400|22.0|21.5|21.5|22.0|0.0||
AIRT|96|NASDAQ|2019|11|19|15|30|110600|21.360001|18.719999|21.360001|18.719999|0.0||
AIRT|97|NASDAQ|2019|11|18|15|30|300|19.76|19.76|19.76|19.76|0.0||
AIRT|98|NASDAQ|2019|11|15|15|30|8100|20.0|18.99|19.950001|18.99|1.0||
AIRT|99|NASDAQ|2019|11|14|15|30|600|20.0|17.74|17.74|18.68|1.0||
AIRT|100|NASDAQ|2019|11|13|15|30|12200|20.0|16.959999|17.0|18.0|1.0||
AIRT|101|NASDAQ|2019|11|12|15|30|200|16.870001000000002|16.870001000000002|16.870001000000002|16.870001000000002|1.0||
AIRT|102|NASDAQ|2019|11|11|15|30|0|16.870001000000002|16.870001000000002|16.870001000000002|16.870001000000002|1.0||
AIRT|103|NASDAQ|2019|11|8|15|30|100|16.870001000000002|16.870001000000002|16.870001000000002|16.870001000000002|0.0||
AIRT|104|NASDAQ|2019|11|7|15|30|100|16.870001000000002|16.870001000000002|16.870001000000002|16.870001000000002|0.0||
AIRT|105|NASDAQ|2019|11|6|15|30|200|16.870001000000002|16.870001000000002|16.870001000000002|16.870001000000002|0.0||
AIRT|106|NASDAQ|2019|11|5|15|30|100|18.709999|18.709999|18.709999|18.709999|0.0||
AIRT|107|NASDAQ|2019|11|4|15|30|100|18.709999|18.709999|18.709999|18.709999|0.0||
AIRT|108|NASDAQ|2019|11|1|14|30|1000|18.709999|18.709999|18.709999|18.709999|0.0||
AIRT|109|NASDAQ|2019|10|31|14|30|100|18.709999|18.709999|18.709999|18.709999|0.0||
AIRT|110|NASDAQ|2019|10|30|14|30|200|17.26|17.26|17.26|17.26|0.0||
AIRT|111|NASDAQ|2019|10|29|14|30|100|19.68|19.68|19.68|19.68|0.0||
AIRT|112|NASDAQ|2019|10|28|14|30|100|19.68|19.68|19.68|19.68|0.0||
AIRT|113|NASDAQ|2019|10|25|15|30|100|19.68|19.68|19.68|19.68|0.0||
AIRT|114|NASDAQ|2019|10|24|15|30|100|19.68|19.68|19.68|19.68|0.0||
AIRT|115|NASDAQ|2019|10|23|15|30|100|19.68|19.68|19.68|19.68|0.0||
AIRT|116|NASDAQ|2019|10|22|15|30|100|19.68|19.68|19.68|19.68|0.0||
AIRT|117|NASDAQ|2019|10|21|15|30|100|19.68|19.68|19.68|19.68|0.0||
AIRT|118|NASDAQ|2019|10|18|15|30|100|19.68|19.68|19.68|19.68|0.0||
AIRT|119|NASDAQ|2019|10|17|15|30|300|19.68|19.24|19.68|19.24|0.0||
AIRT|120|NASDAQ|2019|10|16|15|30|400|19.219999|19.219999|19.219999|19.219999|0.0||
AIRT|121|NASDAQ|2019|10|15|15|30|400|19.219999|19.219999|19.219999|19.219999|0.0||
AIRT|122|NASDAQ|2019|10|14|15|30|200|19.68|19.68|19.68|19.68|0.0||
AIRT|123|NASDAQ|2019|10|11|15|30|100|19.68|19.68|19.68|19.68|||
AIRT|124|NASDAQ|2019|10|10|15|30|600|19.190001|19.18|19.18|19.190001|||
AIRT|125|NASDAQ|2019|10|9|15|30|3500|19.68|19.18|19.18|19.610001|||
AIRT|126|NASDAQ|2019|10|8|15|30|100|20.0|20.0|20.0|20.0|||
AKCA|0|NASDAQ|2020|4|8|20|9|99215|16.0|14.895|15.45|15.06|||
AKCA|1|NASDAQ|2020|4|7|15|30|269800|16.469998999999998|14.765|14.87|16.25|||
AKCA|2|NASDAQ|2020|4|6|15|30|286000|15.91|14.75|15.75|15.0|||
AKCA|3|NASDAQ|2020|4|3|15|30|186600|14.93|14.21|14.55|14.43|||
AKCA|4|NASDAQ|2020|4|2|15|30|229900|14.74|13.11|14.47|13.54|||
AKCA|5|NASDAQ|2020|4|1|15|30|228100|14.06|13.29|13.62|13.78|0.0||
AKCA|6|NASDAQ|2020|3|31|15|30|195800|14.97|14.06|14.3|14.67|0.0||
AKCA|7|NASDAQ|2020|3|30|15|30|245700|14.75|13.22|14.7|13.28|0.0||
AKCA|8|NASDAQ|2020|3|27|14|30|280800|14.4|13.31|13.31|14.1|0.0||
AKCA|9|NASDAQ|2020|3|26|14|30|320300|14.44|12.77|14.44|13.14|0.0||
AKCA|10|NASDAQ|2020|3|25|14|30|233400|14.17|12.61|13.05|13.38|0.0||
AKCA|11|NASDAQ|2020|3|24|14|30|246800|13.47|12.5|13.42|12.7|0.0||
AKCA|12|NASDAQ|2020|3|23|14|30|273000|12.48|11.38|12.05|11.73|0.0||
AKCA|13|NASDAQ|2020|3|20|14|30|400000|13.49|11.76|12.34|13.04|0.0||
AKCA|14|NASDAQ|2020|3|19|14|30|373400|13.25|11.53|12.76|11.53|0.0||
AKCA|15|NASDAQ|2020|3|18|14|30|396100|12.56|10.75|11.5|10.75|1.0||
AKCA|16|NASDAQ|2020|3|17|14|30|396400|12.38|10.705|11.38|11.56|0.0||
AKCA|17|NASDAQ|2020|3|16|14|30|488300|13.24|8.0|11.15|8.0|0.0||
AKCA|18|NASDAQ|2020|3|13|14|30|391800|12.72|10.73|12.67|12.45|0.0||
AKCA|19|NASDAQ|2020|3|12|14|30|387600|13.09|11.51|11.93|12.24|0.0||
AKCA|20|NASDAQ|2020|3|11|14|30|326500|14.64|13.115|13.44|14.0|0.0||
AKCA|21|NASDAQ|2020|3|10|14|30|318800|14.74|13.58|14.61|14.74|0.0||
AKCA|22|NASDAQ|2020|3|9|14|30|378500|15.91|13.935|14.13|15.91|0.0||
AKCA|23|NASDAQ|2020|3|6|15|30|195400|17.559998999999998|16.450001|16.719998999999998|16.93|0.0||
AKCA|24|NASDAQ|2020|3|5|15|30|175100|17.799999|16.844998999999998|17.35|16.940001000000002|0.0||
AKCA|25|NASDAQ|2020|3|4|15|30|326000|17.49|16.790001|17.43|16.950001|0.0||
AKCA|26|NASDAQ|2020|3|3|15|30|237300|17.48|16.32|16.5|16.959999|0.0||
AKCA|27|NASDAQ|2020|3|2|15|30|207500|17.129998999999998|16.440001000000002|16.940001000000002|16.855|0.0||
AKCA|28|NASDAQ|2020|2|28|15|30|285100|17.049999|16.02|16.98|16.549999|0.0||
AKCA|29|NASDAQ|2020|2|27|15|30|381900|17.639999|16.370001000000002|16.379998999999998|17.49|0.0||
AKCA|30|NASDAQ|2020|2|26|15|30|573600|18.49|17.004998999999998|17.92|17.59|0.0||
AKCA|31|NASDAQ|2020|2|25|15|30|218700|17.42|16.629998999999998|17.1|16.969998999999998|0.0||
AKCA|32|NASDAQ|2020|2|24|15|30|253200|17.809998999999994|16.33|16.795|17.620001000000006|0.0||
AKCA|33|NASDAQ|2020|2|21|15|30|149500|18.57|17.940001000000006|18.18|18.450001|0.0||
AKCA|34|NASDAQ|2020|2|20|15|30|143100|18.58|17.76|18.450001|18.41|0.0||
AKCA|35|NASDAQ|2020|2|19|15|30|195600|18.5|17.33|18.440001|17.48|0.0||
AKCA|36|NASDAQ|2020|2|18|15|30|153900|18.0|17.4|17.459999|17.870001000000006|0.0||
AKCA|37|NASDAQ|2020|2|14|15|30|151300|17.99|17.08|17.959999|17.530001000000002|0.0||
AKCA|38|NASDAQ|2020|2|13|15|30|119300|17.969998999999994|17.32|17.42|17.91|0.0||
AKCA|39|NASDAQ|2020|2|12|15|30|168800|17.99|17.450001|17.940001000000006|17.690001000000006|0.0||
AKCA|40|NASDAQ|2020|2|11|15|30|137200|17.99|17.52|17.530001000000002|17.780001000000006|0.0||
AKCA|41|NASDAQ|2020|2|10|15|30|111000|17.68|17.33|17.620001000000006|17.530001000000002|0.0||
AKCA|42|NASDAQ|2020|2|7|15|30|126200|17.82|17.370001000000002|17.57|17.82|0.0||
AKCA|43|NASDAQ|2020|2|6|15|30|187900|17.91|17.360001|17.83|17.639999|0.0||
AKCA|44|NASDAQ|2020|2|5|15|30|134700|17.83|17.379998999999998|17.48|17.549999|0.0||
AKCA|45|NASDAQ|2020|2|4|15|30|165800|18.120001|17.27|17.34|17.85|0.0||
AKCA|46|NASDAQ|2020|2|3|15|30|171900|17.790001|17.250999|17.59|17.57|0.0||
AKCA|47|NASDAQ|2020|1|31|15|30|238700|18.84|17.24|17.27|18.58|0.0||
AKCA|48|NASDAQ|2020|1|30|15|30|176500|19.16|18.540001|18.68|18.57|0.0||
AKCA|49|NASDAQ|2020|1|29|15|30|432900|18.93|18.43|18.76|18.68|0.0||
AKCA|50|NASDAQ|2020|1|28|15|30|178000|18.92|18.309999|18.85|18.5|0.0||
AKCA|51|NASDAQ|2020|1|27|15|30|150500|18.610001|17.51|18.299999|17.549999|0.0||
AKCA|52|NASDAQ|2020|1|24|15|30|396800|19.540001|17.805|18.1|19.129999|0.0||
AKCA|53|NASDAQ|2020|1|23|15|30|409500|20.1|18.65|19.15|19.25|0.0||
AKCA|54|NASDAQ|2020|1|22|15|30|864800|19.77|18.23|19.27|19.24|0.0||
AKCA|55|NASDAQ|2020|1|21|15|30|145400|17.629998999999994|16.889999|17.34|17.040001|0.0||
AKCA|56|NASDAQ|2020|1|17|15|30|218800|17.780001000000006|17.0|17.049999|17.780001000000006|0.0||
AKCA|57|NASDAQ|2020|1|16|15|30|262800|18.75|17.559998999999998|17.780001000000006|18.540001|0.0||
AKCA|58|NASDAQ|2020|1|15|15|30|353300|19.16|18.07|18.290001|18.889999|0.0||
AKCA|59|NASDAQ|2020|1|14|15|30|360600|19.219999|17.84|18.83|17.84|0.0||
AKCA|60|NASDAQ|2020|1|13|15|30|504100|18.5|17.705|18.07|18.5|0.0||
AKCA|61|NASDAQ|2020|1|10|15|30|375600|19.49|18.16|18.58|18.16|0.0||
AKCA|62|NASDAQ|2020|1|9|15|30|222600|18.280001|17.68|18.049999|17.799999|0.0||
AKCA|63|NASDAQ|2020|1|8|15|30|218300|17.85|17.09|17.610001|17.09|0.0||
AKCA|64|NASDAQ|2020|1|7|15|30|219400|17.280001000000002|16.355|17.059998999999998|16.58|0.0||
AKCA|65|NASDAQ|2020|1|6|15|30|264500|17.139999|16.15|16.700001|16.5|0.0||
AKCA|66|NASDAQ|2020|1|3|15|30|219000|17.049999|16.159000000000002|16.82|16.77|0.0||
AKCA|67|NASDAQ|2020|1|2|15|30|338700|17.358|16.469998999999998|16.99|17.299999|0.0||
AKCA|68|NASDAQ|2019|12|31|15|30|295800|17.934998999999994|16.799999|16.940001000000002|17.559998999999998|0.0||
AKCA|69|NASDAQ|2019|12|30|15|30|195100|18.1|17.290001|17.51|18.030001|0.0||
AKCA|70|NASDAQ|2019|12|27|15|30|281000|18.74|17.799999|17.92|18.549999|0.0||
AKCA|71|NASDAQ|2019|12|26|15|30|173900|19.870001|18.540001|18.559999|19.780001|0.0||
AKCA|72|NASDAQ|2019|12|24|15|30|187100|19.59|18.309999|19.58|18.41|0.0||
AKCA|73|NASDAQ|2019|12|23|15|30|268900|18.879999|17.639999|18.450001|18.719999|0.0||
AKCA|74|NASDAQ|2019|12|20|15|30|693000|19.51|18.219999|18.58|19.51|0.0||
AKCA|75|NASDAQ|2019|12|19|15|30|375000|19.82|18.959999|19.57|19.59|0.0||
AKCA|76|NASDAQ|2019|12|18|15|30|324800|19.790001|19.299999|19.48|19.57|0.0||
AKCA|77|NASDAQ|2019|12|17|15|30|500300|20.940001|19.280001|19.615|20.82|0.0||
AKCA|78|NASDAQ|2019|12|16|15|30|891200|21.705|19.559999|20.610001|19.559999|0.0||
AKCA|79|NASDAQ|2019|12|13|15|30|231800|19.85|18.85|19.299999|19.450001|0.0||
AKCA|80|NASDAQ|2019|12|12|15|30|228800|19.59|18.5|19.49|18.58|0.0||
AKCA|81|NASDAQ|2019|12|11|15|30|304900|19.17|17.91|18.77|18.030001|0.0||
AKCA|82|NASDAQ|2019|12|10|15|30|236600|18.040001|17.290001|18.02|17.68|1.0||
AKCA|83|NASDAQ|2019|12|9|15|30|146700|18.26|17.59|17.690001000000006|17.85|0.0||
AKCA|84|NASDAQ|2019|12|6|15|30|182300|18.055|17.51|17.639999|18.049999|0.0||
AKCA|85|NASDAQ|2019|12|5|15|30|183000|18.52|17.59|17.610001|18.52|0.0||
AKCA|86|NASDAQ|2019|12|4|15|30|527200|18.530001|16.93|18.43|17.35|0.0||
AKCA|87|NASDAQ|2019|12|3|15|30|179000|18.01|17.24|17.280001000000002|17.700001|0.0||
AKCA|88|NASDAQ|2019|12|2|15|30|318700|19.639999|17.92|17.940001000000006|19.549999|0.0||
AKCA|89|NASDAQ|2019|11|29|15|30|320100|19.921|18.42|19.469999|18.440001|0.0||
AKCA|90|NASDAQ|2019|11|27|15|30|289900|18.940001|18.370001|18.49|18.790001|0.0||
AKCA|91|NASDAQ|2019|11|26|15|30|259200|19.07|18.68|18.73|19.059999|0.0||
AKCA|92|NASDAQ|2019|11|25|15|30|312100|19.52|18.889999|19.02|19.25|0.0||
AKCA|93|NASDAQ|2019|11|22|15|30|295700|19.459999|18.65|18.825001|19.459999|0.0||
AKCA|94|NASDAQ|2019|11|21|15|30|252500|20.65|19.32|19.33|20.6|0.0||
AKCA|95|NASDAQ|2019|11|20|15|30|560900|21.0|19.25|20.639999|19.33|0.0||
AKCA|96|NASDAQ|2019|11|19|15|30|149300|19.344999|18.66|19.08|18.700001|0.0||
AKCA|97|NASDAQ|2019|11|18|15|30|196300|19.49|18.610001|18.76|19.209999|0.0||
AKCA|98|NASDAQ|2019|11|15|15|30|169700|19.52|19.0|19.309999|19.23|0.0||
AKCA|99|NASDAQ|2019|11|14|15|30|133600|19.370001|18.950001|19.110001|19.209999|0.0||
AKCA|100|NASDAQ|2019|11|13|15|30|163900|19.620001|18.629999|19.26|19.049999|0.0||
AKCA|101|NASDAQ|2019|11|12|15|30|83300|19.540001|19.049999|19.23|19.290001|0.0||
AKCA|102|NASDAQ|2019|11|11|15|30|113900|19.57|19.045|19.370001|19.190001|0.0||
AKCA|103|NASDAQ|2019|11|8|15|30|165000|19.615|19.08|19.309999|19.15|0.0||
AKCA|104|NASDAQ|2019|11|7|15|30|285300|20.559999|19.0|19.17|19.84|0.0||
AKCA|105|NASDAQ|2019|11|6|15|30|371700|20.5|17.700001|19.809999|18.48|0.0||
AKCA|106|NASDAQ|2019|11|5|15|30|130200|18.874001|18.209999|18.23|18.290001|0.0||
AKCA|107|NASDAQ|2019|11|4|15|30|108500|18.629999|18.17|18.290001|18.549999|0.0||
AKCA|108|NASDAQ|2019|11|1|14|30|150800|18.92|18.200001|18.34|18.459999|0.0||
AKCA|109|NASDAQ|2019|10|31|14|30|137800|18.75|18.17|18.33|18.709999|0.0||
AKCA|110|NASDAQ|2019|10|30|14|30|128800|18.969999|18.33|18.799999|18.68|0.0||
AKCA|111|NASDAQ|2019|10|29|14|30|126200|18.870001|18.254999|18.6|18.49|0.0||
AKCA|112|NASDAQ|2019|10|28|14|30|136100|18.93|18.26|18.49|18.700001|0.0||
AKCA|113|NASDAQ|2019|10|25|15|30|112800|18.91|18.01|18.620001|18.01|0.0||
AKCA|114|NASDAQ|2019|10|24|15|30|115100|18.389999|17.809998999999994|18.07|18.17|0.0||
AKCA|115|NASDAQ|2019|10|23|15|30|147800|18.200001|17.559998999999998|18.110001|18.02|0.0||
AKCA|116|NASDAQ|2019|10|22|15|30|129200|19.33|18.07|18.129999|19.059999|0.0||
AKCA|117|NASDAQ|2019|10|21|15|30|300700|19.07|18.07|18.940001|18.34|0.0||
AKCA|118|NASDAQ|2019|10|18|15|30|343800|19.17|17.860001|18.08|18.77|0.0||
AKCA|119|NASDAQ|2019|10|17|15|30|529900|19.9|17.92|18.93|19.690001|0.0||
AKCA|120|NASDAQ|2019|10|16|15|30|367400|20.35|19.549999|19.57|19.959999|0.0||
AKCA|121|NASDAQ|2019|10|15|15|30|171700|20.23|19.360001|20.139999|19.620001|0.0||
AKCA|122|NASDAQ|2019|10|14|15|30|116400|20.190001|19.459999|19.549999|19.709999|0.0||
AKCA|123|NASDAQ|2019|10|11|15|30|199300|20.190001|19.16|19.75|19.84|||
AKCA|124|NASDAQ|2019|10|10|15|30|288900|20.059999|19.35|19.66|19.77|||
AKCA|125|NASDAQ|2019|10|9|15|30|294300|19.85|18.799999|19.74|18.799999|||
AKCA|126|NASDAQ|2019|10|8|15|30|552600|19.68|18.34|18.860001|19.309999|||
AKER|0|NASDAQ|2020|4|8|20|15|6995375|6.96|5.51|5.9|6.29|||
AKER|1|NASDAQ|2020|4|7|15|30|35089400|8.85|5.35|5.7|6.25|||
AKER|2|NASDAQ|2020|4|6|15|30|57178000|5.86|2.7|4.69|3.16|||
AKER|3|NASDAQ|2020|4|3|15|30|72900|1.944|1.85|1.895|1.92|||
AKER|4|NASDAQ|2020|4|2|15|30|34200|2.05|1.92|1.95|2.02|||
AKER|5|NASDAQ|2020|4|1|15|30|60400|2.145|2.0|2.04|2.14|0.0||
AKER|6|NASDAQ|2020|3|31|15|30|70000|2.35|2.02|2.135|2.09|0.0||
AKER|7|NASDAQ|2020|3|30|15|30|81800|2.27|2.1|2.13|2.27|0.0||
AKER|8|NASDAQ|2020|3|27|14|30|319600|2.49|1.83|2.291|2.14|0.0||
AKER|9|NASDAQ|2020|3|26|14|30|161500|2.35|2.05|2.14|2.33|0.0||
AKER|10|NASDAQ|2020|3|25|14|30|638700|2.59|2.0|2.38|2.45|0.0||
AKER|11|NASDAQ|2020|3|24|14|30|5978700|3.39|2.2|2.37|2.86|0.0||
AKER|12|NASDAQ|2020|3|23|14|30|8700|2.107|1.911|1.98|2.1|0.0||
AKER|13|NASDAQ|2020|3|20|14|30|18700|2.05|1.83|2.05|1.97|0.0||
AKER|14|NASDAQ|2020|3|19|14|30|59500|2.3|1.71|1.98|1.71|1.0||
AKER|15|NASDAQ|2020|3|18|14|30|33100|1.81|1.67|1.8|1.72|1.0||
AKER|16|NASDAQ|2020|3|17|14|30|17700|1.927|1.73|1.9|1.76|0.0||
AKER|17|NASDAQ|2020|3|16|14|30|31400|1.85|1.55|1.84|1.55|0.0||
AKER|18|NASDAQ|2020|3|13|14|30|96800|1.98|1.82|1.94|1.98|0.0||
AKER|19|NASDAQ|2020|3|12|14|30|164200|2.2|1.835|1.925|2.19|0.0||
AKER|20|NASDAQ|2020|3|11|14|30|89800|2.45|2.17|2.26|2.45|0.0||
AKER|21|NASDAQ|2020|3|10|14|30|87900|2.5|2.26|2.485|2.27|0.0||
AKER|22|NASDAQ|2020|3|9|14|30|192500|2.43|2.15|2.32|2.22|0.0||
AKER|23|NASDAQ|2020|3|6|15|30|103400|2.79|2.54|2.66|2.69|0.0||
AKER|24|NASDAQ|2020|3|5|15|30|391200|3.05|2.6210000000000004|2.78|2.75|0.0||
AKER|25|NASDAQ|2020|3|4|15|30|67200|2.905|2.71|2.8|2.86|0.0||
AKER|26|NASDAQ|2020|3|3|15|30|84100|3.06|2.761|2.8|3.02|0.0||
AKER|27|NASDAQ|2020|3|2|15|30|173400|3.0|2.6|2.97|2.8|0.0||
AKER|28|NASDAQ|2020|2|28|15|30|440700|3.184|2.47|2.78|2.7|0.0||
AKER|29|NASDAQ|2020|2|27|15|30|189600|3.05|2.435|2.72|3.05|0.0||
AKER|30|NASDAQ|2020|2|26|15|30|72100|3.13|2.9|3.03|3.13|0.0||
AKER|31|NASDAQ|2020|2|25|15|30|134300|3.427|2.85|2.9|3.26|0.0||
AKER|32|NASDAQ|2020|2|24|15|30|120500|3.5|3.16|3.16|3.38|0.0||
AKER|33|NASDAQ|2020|2|21|15|30|139300|3.5|3.31|3.425|3.44|0.0||
AKER|34|NASDAQ|2020|2|20|15|30|147600|3.45|3.34|3.44|3.39|0.0||
AKER|35|NASDAQ|2020|2|19|15|30|206000|3.5|3.17|3.32|3.17|0.0||
AKER|36|NASDAQ|2020|2|18|15|30|116900|3.24|3.11|3.2|3.15|0.0||
AKER|37|NASDAQ|2020|2|14|15|30|112600|3.2510000000000003|3.08|3.112|3.18|0.0||
AKER|38|NASDAQ|2020|2|13|15|30|27500|3.23|3.14|3.18|3.14|0.0||
AKER|39|NASDAQ|2020|2|12|15|30|71600|3.25|3.11|3.14|3.18|0.0||
AKER|40|NASDAQ|2020|2|11|15|30|66700|3.247|3.1|3.18|3.11|0.0||
AKER|41|NASDAQ|2020|2|10|15|30|186500|3.41|3.07|3.16|3.41|0.0||
AKER|42|NASDAQ|2020|2|7|15|30|946200|4.1|3.47|3.54|3.78|0.0||
AKER|43|NASDAQ|2020|2|6|15|30|471800|3.65|3.16|3.61|3.25|0.0||
AKER|44|NASDAQ|2020|2|5|15|30|128000|3.36|3.05|3.24|3.05|0.0||
AKER|45|NASDAQ|2020|2|4|15|30|218300|3.15|2.86|3.03|3.05|0.0||
AKER|46|NASDAQ|2020|2|3|15|30|52000|3.09|2.97|3.06|2.99|0.0||
AKER|47|NASDAQ|2020|1|31|15|30|134000|3.06|2.85|2.99|2.85|1.0||
AKER|48|NASDAQ|2020|1|30|15|30|71000|2.96|2.8|2.9|2.94|0.0||
AKER|49|NASDAQ|2020|1|29|15|30|63700|3.0|2.85|2.97|2.96|0.0||
AKER|50|NASDAQ|2020|1|28|15|30|75400|3.03|2.904|2.96|2.96|0.0||
AKER|51|NASDAQ|2020|1|27|15|30|127900|3.26|2.844|2.93|3.15|0.0||
AKER|52|NASDAQ|2020|1|24|15|30|194500|3.48|3.13|3.2|3.44|0.0||
AKER|53|NASDAQ|2020|1|23|15|30|173300|3.54|3.38|3.46|3.49|0.0||
AKER|54|NASDAQ|2020|1|22|15|30|291000|3.62|3.35|3.47|3.48|0.0||
AKER|55|NASDAQ|2020|1|21|15|30|342600|3.72|3.45|3.495|3.49|0.0||
AKER|56|NASDAQ|2020|1|17|15|30|97700|3.58|3.448|3.45|3.48|0.0||
AKER|57|NASDAQ|2020|1|16|15|30|104600|3.55|3.377|3.5|3.42|0.0||
AKER|58|NASDAQ|2020|1|15|15|30|186200|3.62|3.31|3.39|3.51|0.0||
AKER|59|NASDAQ|2020|1|14|15|30|213400|3.74|3.46|3.53|3.62|0.0||
AKER|60|NASDAQ|2020|1|13|15|30|543000|3.7|3.38|3.65|3.41|0.0||
AKER|61|NASDAQ|2020|1|10|15|30|187300|3.55|3.34|3.43|3.46|0.0||
AKER|62|NASDAQ|2020|1|9|15|30|296200|3.59|3.33|3.52|3.5|0.0||
AKER|63|NASDAQ|2020|1|8|15|30|499300|3.85|3.35|3.51|3.35|0.0||
AKER|64|NASDAQ|2020|1|7|15|30|111500|3.34|3.21|3.29|3.3|0.0||
AKER|65|NASDAQ|2020|1|6|15|30|152600|3.62|3.22|3.3|3.48|0.0||
AKER|66|NASDAQ|2020|1|3|15|30|822100|3.78|3.3|3.47|3.31|0.0||
AKER|67|NASDAQ|2020|1|2|15|30|160900|3.42|3.2|3.361|3.2|0.0||
AKER|68|NASDAQ|2019|12|31|15|30|50200|3.25|3.11|3.2|3.11|0.0||
AKER|69|NASDAQ|2019|12|30|15|30|49400|3.3|3.12|3.155|3.2|0.0||
AKER|70|NASDAQ|2019|12|27|15|30|112700|3.24|3.05|3.21|3.2|0.0||
AKER|71|NASDAQ|2019|12|26|15|30|274300|3.47|3.16|3.21|3.2|0.0||
AKER|72|NASDAQ|2019|12|24|15|30|67800|3.22|3.02|3.194|3.13|0.0||
AKER|73|NASDAQ|2019|12|23|15|30|82200|3.151|3.02|3.151|3.05|0.0||
AKER|74|NASDAQ|2019|12|20|15|30|63400|3.09|2.967|3.04|3.09|0.0||
AKER|75|NASDAQ|2019|12|19|15|30|31000|3.11|3.04|3.06|3.04|0.0||
AKER|76|NASDAQ|2019|12|18|15|30|150200|3.22|2.986|3.06|3.08|0.0||
AKER|77|NASDAQ|2019|12|17|15|30|28000|3.1|2.96|2.99|3.02|0.0||
AKER|78|NASDAQ|2019|12|16|15|30|34400|3.1|2.9610000000000003|3.03|2.99|0.0||
AKER|79|NASDAQ|2019|12|13|15|30|61900|3.09|2.89|2.99|3.08|0.0||
AKER|80|NASDAQ|2019|12|12|15|30|271100|3.22|2.6660000000000004|3.11|3.2|0.0||
AKER|81|NASDAQ|2019|12|11|15|30|374500|3.3|2.89|3.22|2.91|0.0||
AKER|82|NASDAQ|2019|12|10|15|30|132200|3.027|2.87|2.97|2.87|0.0||
AKER|83|NASDAQ|2019|12|9|15|30|175900|3.18|2.81|2.94|3.02|0.0||
AKER|84|NASDAQ|2019|12|6|15|30|222700|3.08|2.75|3.01|3.0|0.0||
AKER|85|NASDAQ|2019|12|5|15|30|1371200|3.52|3.03|3.16|3.49|0.0||
AKER|86|NASDAQ|2019|12|4|15|30|106000|6.48|5.48|5.55|5.94|0.0||
AKER|87|NASDAQ|2019|12|3|15|30|46100|6.45|5.78|6.13|6.45|0.0||
AKER|88|NASDAQ|2019|12|2|15|30|124500|8.0|5.94|6.3889999999999985|8.0|0.0||
AKER|89|NASDAQ|2019|11|29|15|30|29500|7.7|6.49|7.7|6.49|0.0||
AKER|90|NASDAQ|2019|11|27|15|30|38100|6.99|5.815|6.51|6.07|0.0||
AKER|91|NASDAQ|2019|11|26|15|30|37300|7.0|5.872000000000001|6.05|6.81|0.0||
AKER|92|NASDAQ|2019|11|25|15|30|37300|7.401|6.52|7.1|6.71|0.0||
AKER|93|NASDAQ|2019|11|22|15|30|46800|7.68|6.408|6.984|6.792000000000002|0.0||
AKER|94|NASDAQ|2019|11|21|15|30|4900|6.816|6.36|6.6960000000000015|6.48|0.0||
AKER|95|NASDAQ|2019|11|20|15|30|8700|6.96|6.432|6.5520000000000005|6.72|0.0||
AKER|96|NASDAQ|2019|11|19|15|30|10500|6.96|6.24|6.432|6.36|0.0||
AKER|97|NASDAQ|2019|11|18|15|30|12700|6.96|6.48|6.6|6.84|0.0||
AKER|98|NASDAQ|2019|11|15|15|30|10500|7.56|6.6720000000000015|7.032|7.56|0.0||
AKER|99|NASDAQ|2019|11|14|15|30|4900|7.92|7.2|7.56|7.92|0.0||
AKER|100|NASDAQ|2019|11|13|15|30|10600|8.4|7.224|7.56|7.92|0.0||
AKER|101|NASDAQ|2019|11|12|15|30|4800|8.16|7.44|7.6320000000000014|8.16|0.0||
AKER|102|NASDAQ|2019|11|11|15|30|10000|8.448|7.296|7.896|8.4|0.0||
AKER|103|NASDAQ|2019|11|8|15|30|2400|8.64|8.184|8.208|8.64|0.0||
AKER|104|NASDAQ|2019|11|7|15|30|9700|8.76|8.232000000000001|8.568|8.64|0.0||
AKER|105|NASDAQ|2019|11|6|15|30|7600|8.88|8.184|8.304|8.832|0.0||
AKER|106|NASDAQ|2019|11|5|15|30|10000|9.24|8.16|8.4|9.216|0.0||
AKER|107|NASDAQ|2019|11|4|15|30|10900|9.288|8.568|9.0|9.12|0.0||
AKER|108|NASDAQ|2019|11|1|14|30|9700|9.6|9.12|9.36|9.336|0.0||
AKER|109|NASDAQ|2019|10|31|14|30|2500|9.6|9.12|9.312|9.576|0.0||
AKER|110|NASDAQ|2019|10|30|14|30|1900|9.84|9.168|9.36|9.84|0.0||
AKER|111|NASDAQ|2019|10|29|14|30|8600|9.84|9.12|9.36|9.84|0.0||
AKER|112|NASDAQ|2019|10|28|14|30|5400|9.864|9.6|9.84|9.6|0.0||
AKER|113|NASDAQ|2019|10|25|15|30|4300|10.128|9.6|9.672|9.984|0.0||
AKER|114|NASDAQ|2019|10|24|15|30|8400|10.44|9.6|9.84|10.416|0.0||
AKER|115|NASDAQ|2019|10|23|15|30|5700|10.44|9.864|9.984|10.44|0.0||
AKER|116|NASDAQ|2019|10|22|15|30|3200|10.44|9.84|10.056|10.08|0.0||
AKER|117|NASDAQ|2019|10|21|15|30|19200|10.56|9.744|9.864|10.2|0.0||
AKER|118|NASDAQ|2019|10|18|15|30|2700|10.2|9.6|9.6|9.648|0.0||
AKER|119|NASDAQ|2019|10|17|15|30|8900|10.56|9.648|9.84|10.056|0.0||
AKER|120|NASDAQ|2019|10|16|15|30|3000|10.08|9.48|9.504|10.056|0.0||
AKER|121|NASDAQ|2019|10|15|15|30|12500|10.2|9.36|9.72|10.08|0.0||
AKER|122|NASDAQ|2019|10|14|15|30|14900|10.32|9.36|9.6|9.84|0.0||
AKER|123|NASDAQ|2019|10|11|15|30|1100|10.32|9.984|10.152|10.2|||
AKER|124|NASDAQ|2019|10|10|15|30|2600|10.56|10.08|10.128|10.296|||
AKER|125|NASDAQ|2019|10|9|15|30|3300|10.44|9.888|10.152|10.008|||
AKER|126|NASDAQ|2019|10|8|15|30|74300|10.559992|9.839993|9.959992|10.127992|||
AKTS|0|NASDAQ|2020|4|8|20|14|482237|5.65|5.185|5.48|5.44|||
AKTS|1|NASDAQ|2020|4|7|15|30|434800|5.109|4.78|5.1|5.09|||
AKTS|2|NASDAQ|2020|4|6|15|30|389600|4.89|4.55|4.86|4.55|||
AKTS|3|NASDAQ|2020|4|3|15|30|395300|4.87|4.21|4.37|4.57|||
AKTS|4|NASDAQ|2020|4|2|15|30|404800|4.86|4.441|4.56|4.66|||
AKTS|5|NASDAQ|2020|4|1|15|30|850600|5.25|4.5|4.55|5.25|0.0||
AKTS|6|NASDAQ|2020|3|31|15|30|404700|5.63|5.17|5.37|5.36|0.0||
AKTS|7|NASDAQ|2020|3|30|15|30|479400|5.78|5.2|5.31|5.35|0.0||
AKTS|8|NASDAQ|2020|3|27|14|30|626700|5.65|4.79|5.34|4.94|0.0||
AKTS|9|NASDAQ|2020|3|26|14|30|489400|5.08|4.46|5.06|4.5|0.0||
AKTS|10|NASDAQ|2020|3|25|14|30|562600|4.84|4.395|4.57|4.53|0.0||
AKTS|11|NASDAQ|2020|3|24|14|30|687000|4.71|4.195|4.53|4.41|1.0||
AKTS|12|NASDAQ|2020|3|23|14|30|603900|4.54|4.01|4.15|4.43|1.0||
AKTS|13|NASDAQ|2020|3|20|14|30|1088200|5.16|4.232|4.54|4.87|0.0||
AKTS|14|NASDAQ|2020|3|19|14|30|542400|5.0|4.27|4.71|4.31|0.0||
AKTS|15|NASDAQ|2020|3|18|14|30|779900|4.9|4.27|4.37|4.9|0.0||
AKTS|16|NASDAQ|2020|3|17|14|30|1345800|5.0|4.445|4.78|4.46|0.0||
AKTS|17|NASDAQ|2020|3|16|14|30|776900|4.38|3.76|4.32|3.91|0.0||
AKTS|18|NASDAQ|2020|3|13|14|30|1075100|4.8210000000000015|3.92|4.56|4.65|0.0||
AKTS|19|NASDAQ|2020|3|12|14|30|832500|5.07|4.39|4.43|4.95|0.0||
AKTS|20|NASDAQ|2020|3|11|14|30|394300|5.71|5.1|5.31|5.51|0.0||
AKTS|21|NASDAQ|2020|3|10|14|30|656200|5.9|5.162000000000001|5.62|5.68|0.0||
AKTS|22|NASDAQ|2020|3|9|14|30|685100|6.0|5.52|5.55|5.91|0.0||
AKTS|23|NASDAQ|2020|3|6|15|30|509200|6.52|6.04|6.13|6.48|0.0||
AKTS|24|NASDAQ|2020|3|5|15|30|442600|6.674|6.32|6.6|6.51|0.0||
AKTS|25|NASDAQ|2020|3|4|15|30|959000|6.977|6.43|6.7|6.97|0.0||
AKTS|26|NASDAQ|2020|3|3|15|30|502000|7.3|6.82|6.83|7.14|0.0||
AKTS|27|NASDAQ|2020|3|2|15|30|534500|7.59|6.87|7.05|7.34|0.0||
AKTS|28|NASDAQ|2020|2|28|15|30|745000|7.28|6.46|7.24|6.62|0.0||
AKTS|29|NASDAQ|2020|2|27|15|30|780000|7.266|6.8|6.9|7.02|0.0||
AKTS|30|NASDAQ|2020|2|26|15|30|413400|7.24|7.03|7.2|7.23|0.0||
AKTS|31|NASDAQ|2020|2|25|15|30|775200|7.62|7.0|7.17|7.62|0.0||
AKTS|32|NASDAQ|2020|2|24|15|30|387500|7.8|7.5|7.57|7.67|0.0||
AKTS|33|NASDAQ|2020|2|21|15|30|321400|8.2|7.86|7.995|8.18|0.0||
AKTS|34|NASDAQ|2020|2|20|15|30|260100|8.36|8.14|8.21|8.16|0.0||
AKTS|35|NASDAQ|2020|2|19|15|30|438800|8.26|7.83|8.15|7.88|0.0||
AKTS|36|NASDAQ|2020|2|18|15|30|233300|7.94|7.72|7.81|7.74|0.0||
AKTS|37|NASDAQ|2020|2|14|15|30|251600|7.84|7.58|7.82|7.64|0.0||
AKTS|38|NASDAQ|2020|2|13|15|30|176200|7.67|7.435|7.62|7.53|0.0||
AKTS|39|NASDAQ|2020|2|12|15|30|219400|7.8|7.52|7.59|7.6|0.0||
AKTS|40|NASDAQ|2020|2|11|15|30|285400|7.65|7.4|7.55|7.5|0.0||
AKTS|41|NASDAQ|2020|2|10|15|30|354200|7.4|7.16|7.355|7.25|0.0||
AKTS|42|NASDAQ|2020|2|7|15|30|301200|7.54|7.23|7.25|7.37|0.0||
AKTS|43|NASDAQ|2020|2|6|15|30|240500|7.621|7.3|7.45|7.57|0.0||
AKTS|44|NASDAQ|2020|2|5|15|30|371800|7.7|7.23|7.59|7.55|0.0||
AKTS|45|NASDAQ|2020|2|4|15|30|501700|7.742000000000001|7.07|7.48|7.22|0.0||
AKTS|46|NASDAQ|2020|2|3|15|30|837900|7.569|7.035|7.11|7.5|0.0||
AKTS|47|NASDAQ|2020|1|31|15|30|517200|7.657999999999999|7.127999999999999|7.35|7.65|0.0||
AKTS|48|NASDAQ|2020|1|30|15|30|608300|7.905|7.39|7.6|7.85|0.0||
AKTS|49|NASDAQ|2020|1|29|15|30|739000|8.32|7.53|7.9|8.32|0.0||
AKTS|50|NASDAQ|2020|1|28|15|30|348200|8.35|8.12|8.28|8.26|0.0||
AKTS|51|NASDAQ|2020|1|27|15|30|481700|8.5|8.16|8.185|8.49|0.0||
AKTS|52|NASDAQ|2020|1|24|15|30|692600|8.78|8.34|8.6|8.74|0.0||
AKTS|53|NASDAQ|2020|1|23|15|30|1028700|8.78|8.36|8.61|8.72|0.0||
AKTS|54|NASDAQ|2020|1|22|15|30|333700|8.42|8.0|8.12|8.32|0.0||
AKTS|55|NASDAQ|2020|1|21|15|30|413000|8.97|8.2|8.32|8.85|0.0||
AKTS|56|NASDAQ|2020|1|17|15|30|240400|8.93|8.667|8.87|8.89|0.0||
AKTS|57|NASDAQ|2020|1|16|15|30|243900|8.942|8.75|8.83|8.94|0.0||
AKTS|58|NASDAQ|2020|1|15|15|30|590400|9.25|8.8|8.865|9.07|0.0||
AKTS|59|NASDAQ|2020|1|14|15|30|508500|9.023|8.6|8.96|8.87|0.0||
AKTS|60|NASDAQ|2020|1|13|15|30|272400|8.88|8.65|8.73|8.75|0.0||
AKTS|61|NASDAQ|2020|1|10|15|30|508900|8.886000000000003|8.65|8.7|8.82|0.0||
AKTS|62|NASDAQ|2020|1|9|15|30|333000|8.73|8.57|8.71|8.59|0.0||
AKTS|63|NASDAQ|2020|1|8|15|30|328300|8.75|8.43|8.54|8.71|0.0||
AKTS|64|NASDAQ|2020|1|7|15|30|552300|8.74|8.12|8.69|8.15|0.0||
AKTS|65|NASDAQ|2020|1|6|15|30|150700|8.25|8.048|8.13|8.11|0.0||
AKTS|66|NASDAQ|2020|1|3|15|30|142700|8.48|8.02|8.245|8.02|0.0||
AKTS|67|NASDAQ|2020|1|2|15|30|170100|8.175|7.9|8.15|8.08|0.0||
AKTS|68|NASDAQ|2019|12|31|15|30|175000|8.1|7.9|8.0|7.93|0.0||
AKTS|69|NASDAQ|2019|12|30|15|30|170600|7.96|7.631|7.91|7.88|0.0||
AKTS|70|NASDAQ|2019|12|27|15|30|331000|8.01|7.65|7.87|7.86|0.0||
AKTS|71|NASDAQ|2019|12|26|15|30|171600|7.89|7.65|7.855|7.88|0.0||
AKTS|72|NASDAQ|2019|12|24|15|30|117700|7.91|7.65|7.88|7.88|0.0||
AKTS|73|NASDAQ|2019|12|23|15|30|212500|8.15|7.81|7.89|8.04|0.0||
AKTS|74|NASDAQ|2019|12|20|15|30|261500|8.2|7.89|7.98|8.2|0.0||
AKTS|75|NASDAQ|2019|12|19|15|30|179400|8.21|7.9|8.19|8.06|0.0||
AKTS|76|NASDAQ|2019|12|18|15|30|172300|8.25|8.01|8.09|8.23|0.0||
AKTS|77|NASDAQ|2019|12|17|15|30|329700|8.26|8.03|8.21|8.15|0.0||
AKTS|78|NASDAQ|2019|12|16|15|30|314000|8.15|7.89|7.99|8.1|0.0||
AKTS|79|NASDAQ|2019|12|13|15|30|263000|8.09|7.7|8.01|8.07|0.0||
AKTS|80|NASDAQ|2019|12|12|15|30|1822200|8.02|6.65|7.98|6.69|0.0||
AKTS|81|NASDAQ|2019|12|11|15|30|200800|7.62|7.33|7.595|7.5|0.0||
AKTS|82|NASDAQ|2019|12|10|15|30|152100|7.675|7.447|7.5|7.55|0.0||
AKTS|83|NASDAQ|2019|12|9|15|30|328600|8.06|7.55|7.57|8.04|0.0||
AKTS|84|NASDAQ|2019|12|6|15|30|282500|8.12|7.86|8.04|7.87|0.0||
AKTS|85|NASDAQ|2019|12|5|15|30|117900|7.95|7.76|7.9|7.87|0.0||
AKTS|86|NASDAQ|2019|12|4|15|30|251300|8.015|7.79|7.86|8.0|0.0||
AKTS|87|NASDAQ|2019|12|3|15|30|240500|7.76|7.52|7.71|7.67|0.0||
AKTS|88|NASDAQ|2019|12|2|15|30|192000|7.81|7.44|7.64|7.74|0.0||
AKTS|89|NASDAQ|2019|11|29|15|30|193300|8.0|7.6|7.63|7.63|0.0||
AKTS|90|NASDAQ|2019|11|27|15|30|212500|7.72|7.51|7.67|7.58|0.0||
AKTS|91|NASDAQ|2019|11|26|15|30|258000|7.59|7.4|7.52|7.59|0.0||
AKTS|92|NASDAQ|2019|11|25|15|30|335400|7.62|7.33|7.51|7.33|0.0||
AKTS|93|NASDAQ|2019|11|22|15|30|141300|7.52|7.3|7.37|7.38|0.0||
AKTS|94|NASDAQ|2019|11|21|15|30|185100|7.49|7.22|7.34|7.43|0.0||
AKTS|95|NASDAQ|2019|11|20|15|30|260300|7.72|7.3|7.49|7.32|0.0||
AKTS|96|NASDAQ|2019|11|19|15|30|176200|7.5|7.22|7.33|7.35|0.0||
AKTS|97|NASDAQ|2019|11|18|15|30|122000|7.609|7.21|7.31|7.52|0.0||
AKTS|98|NASDAQ|2019|11|15|15|30|227900|7.64|7.303|7.6|7.42|0.0||
AKTS|99|NASDAQ|2019|11|14|15|30|214600|7.72|7.3|7.37|7.65|0.0||
AKTS|100|NASDAQ|2019|11|13|15|30|317800|7.7|7.13|7.65|7.2|0.0||
AKTS|101|NASDAQ|2019|11|12|15|30|258600|7.319|7.06|7.19|7.11|0.0||
AKTS|102|NASDAQ|2019|11|11|15|30|237100|7.49|7.0|7.13|7.48|0.0||
AKTS|103|NASDAQ|2019|11|8|15|30|708100|7.43|5.96|7.34|7.0|0.0||
AKTS|104|NASDAQ|2019|11|7|15|30|411900|7.42|6.96|6.97|7.41|0.0||
AKTS|105|NASDAQ|2019|11|6|15|30|396200|7.85|7.3|7.44|7.8|0.0||
AKTS|106|NASDAQ|2019|11|5|15|30|417700|8.23|7.7|7.78|8.19|0.0||
AKTS|107|NASDAQ|2019|11|4|15|30|246800|8.35|8.07|8.15|8.21|0.0||
AKTS|108|NASDAQ|2019|11|1|14|30|348300|8.4|8.16|8.23|8.17|0.0||
AKTS|109|NASDAQ|2019|10|31|14|30|416600|8.42|7.78|8.17|8.36|0.0||
AKTS|110|NASDAQ|2019|10|30|14|30|199300|8.46|8.169|8.32|8.25|0.0||
AKTS|111|NASDAQ|2019|10|29|14|30|153300|8.43|8.15|8.26|8.34|0.0||
AKTS|112|NASDAQ|2019|10|28|14|30|249500|8.48|8.2|8.36|8.4|0.0||
AKTS|113|NASDAQ|2019|10|25|15|30|149800|8.66|8.36|8.38|8.48|0.0||
AKTS|114|NASDAQ|2019|10|24|15|30|403600|8.56|8.22|8.48|8.34|0.0||
AKTS|115|NASDAQ|2019|10|23|15|30|293700|8.35|8.0|8.34|8.1|0.0||
AKTS|116|NASDAQ|2019|10|22|15|30|321600|8.23|8.01|8.1|8.12|0.0||
AKTS|117|NASDAQ|2019|10|21|15|30|202100|8.297|8.04|8.08|8.22|0.0||
AKTS|118|NASDAQ|2019|10|18|15|30|157000|8.35|7.9|8.17|8.15|0.0||
AKTS|119|NASDAQ|2019|10|17|15|30|383800|8.27|7.71|8.22|7.71|0.0||
AKTS|120|NASDAQ|2019|10|16|15|30|234100|7.88|7.57|7.7|7.72|0.0||
AKTS|121|NASDAQ|2019|10|15|15|30|521500|7.89|7.66|7.74|7.72|0.0||
AKTS|122|NASDAQ|2019|10|14|15|30|455900|8.04|7.62|7.72|8.03|0.0||
AKTS|123|NASDAQ|2019|10|11|15|30|171900|8.29|7.91|8.0|8.14|||
AKTS|124|NASDAQ|2019|10|10|15|30|499300|8.23|8.01|8.03|8.11|||
AKTS|125|NASDAQ|2019|10|9|15|30|356500|8.2|7.89|8.09|7.99|||
AKTS|126|NASDAQ|2019|10|8|15|30|361300|8.05|7.54|7.95|7.55|||
ALAC|0|NASDAQ|2020|4|8|20|15|390203|10.55|10.5|10.54|10.5|||
ALAC|1|NASDAQ|2020|4|7|15|30|550000|10.5|10.5|10.5|10.5|||
ALAC|2|NASDAQ|2020|4|6|15|30|22400|10.49|10.48|10.49|10.49|||
ALAC|3|NASDAQ|2020|4|3|15|30|623600|10.49|10.48|10.48|10.49|||
ALAC|4|NASDAQ|2020|4|2|15|30|0|10.5|10.5|10.5|10.5|||
ALAC|5|NASDAQ|2020|4|1|15|30|0|10.5|10.5|10.5|10.5|0.0||
ALAC|6|NASDAQ|2020|3|31|15|30|10400|10.5|10.5|10.5|10.5|0.0||
ALAC|7|NASDAQ|2020|3|30|15|30|300|10.46|10.39|10.46|10.39|0.0||
ALAC|8|NASDAQ|2020|3|27|14|30|200|10.4|10.4|10.4|10.4|0.0||
ALAC|9|NASDAQ|2020|3|26|14|30|200|10.44|10.4|10.44|10.4|0.0||
ALAC|10|NASDAQ|2020|3|25|14|30|900|10.45|10.43|10.45|10.43|0.0||
ALAC|11|NASDAQ|2020|3|24|14|30|560200|10.4|10.33|10.38|10.33|0.0||
ALAC|12|NASDAQ|2020|3|23|14|30|1800|10.35|10.34|10.35|10.35|0.0||
ALAC|13|NASDAQ|2020|3|20|14|30|4300|10.31|10.31|10.31|10.31|0.0||
ALAC|14|NASDAQ|2020|3|19|14|30|31300|10.3|10.26|10.28|10.26|0.0||
ALAC|15|NASDAQ|2020|3|18|14|30|325900|10.31|10.25|10.28|10.31|0.0||
ALAC|16|NASDAQ|2020|3|17|14|30|300000|10.36|10.31|10.31|10.36|0.0||
ALAC|17|NASDAQ|2020|3|16|14|30|6000|10.38|10.38|10.38|10.38|0.0||
ALAC|18|NASDAQ|2020|3|13|14|30|102100|10.41|10.4|10.4|10.41|0.0||
ALAC|19|NASDAQ|2020|3|12|14|30|200|10.44|10.44|10.44|10.44|0.0||
ALAC|20|NASDAQ|2020|3|11|14|30|0|10.45|10.45|10.45|10.45|0.0||
ALAC|21|NASDAQ|2020|3|10|14|30|0|10.45|10.45|10.45|10.45|0.0||
ALAC|22|NASDAQ|2020|3|9|14|30|0|10.45|10.45|10.45|10.45|0.0||
ALAC|23|NASDAQ|2020|3|6|15|30|50400|10.46|10.45|10.45|10.46|0.0||
ALAC|24|NASDAQ|2020|3|5|15|30|105700|10.46|10.46|10.46|10.46|0.0||
ALAC|25|NASDAQ|2020|3|4|15|30|0|10.46|10.46|10.46|10.46|0.0||
ALAC|26|NASDAQ|2020|3|3|15|30|1600|10.46|10.46|10.46|10.46|0.0||
ALAC|27|NASDAQ|2020|3|2|15|30|0|10.46|10.46|10.46|10.46|0.0||
ALAC|28|NASDAQ|2020|2|28|15|30|0|10.46|10.46|10.46|10.46|0.0||
ALAC|29|NASDAQ|2020|2|27|15|30|300|10.46|10.46|10.46|10.46|0.0||
ALAC|30|NASDAQ|2020|2|26|15|30|0|10.46|10.46|10.46|10.46|0.0||
ALAC|31|NASDAQ|2020|2|25|15|30|0|10.46|10.46|10.46|10.46|0.0||
ALAC|32|NASDAQ|2020|2|24|15|30|0|10.46|10.46|10.46|10.46|0.0||
ALAC|33|NASDAQ|2020|2|21|15|30|0|10.46|10.46|10.46|10.46|0.0||
ALAC|34|NASDAQ|2020|2|20|15|30|100|10.46|10.46|10.46|10.46|0.0||
ALAC|35|NASDAQ|2020|2|19|15|30|0|10.46|10.46|10.46|10.46|0.0||
ALAC|36|NASDAQ|2020|2|18|15|30|0|10.46|10.46|10.46|10.46|0.0||
ALAC|37|NASDAQ|2020|2|14|15|30|0|10.46|10.46|10.46|10.46|0.0||
ALAC|38|NASDAQ|2020|2|13|15|30|304000|10.48|10.41|10.46|10.48|0.0||
ALAC|39|NASDAQ|2020|2|12|15|30|6500|10.5|10.5|10.5|10.5|0.0||
ALAC|40|NASDAQ|2020|2|11|15|30|105300|10.5|10.49|10.5|10.5|0.0||
ALAC|41|NASDAQ|2020|2|10|15|30|109500|10.5|10.48|10.49|10.49|0.0||
ALAC|42|NASDAQ|2020|2|7|15|30|55800|10.5|10.48|10.5|10.48|0.0||
ALAC|43|NASDAQ|2020|2|6|15|30|300|10.5|10.5|10.5|10.5|0.0||
ALAC|44|NASDAQ|2020|2|5|15|30|31100|10.5|10.47|10.5|10.5|0.0||
ALAC|45|NASDAQ|2020|2|4|15|30|47100|10.52|10.41|10.5|10.41|0.0||
ALAC|46|NASDAQ|2020|2|3|15|30|600|10.41|10.41|10.41|10.41|0.0||
ALAC|47|NASDAQ|2020|1|31|15|30|700|10.42|10.42|10.42|10.42|0.0||
ALAC|48|NASDAQ|2020|1|30|15|30|0|10.39|10.39|10.39|10.39|0.0||
ALAC|49|NASDAQ|2020|1|29|15|30|0|10.39|10.39|10.39|10.39|0.0||
ALAC|50|NASDAQ|2020|1|28|15|30|0|10.39|10.39|10.39|10.39|0.0||
ALAC|51|NASDAQ|2020|1|27|15|30|0|10.39|10.39|10.39|10.39|0.0||
ALAC|52|NASDAQ|2020|1|24|15|30|3000|10.39|10.39|10.39|10.39|0.0||
ALAC|53|NASDAQ|2020|1|23|15|30|0|10.4|10.4|10.4|10.4|0.0||
ALAC|54|NASDAQ|2020|1|22|15|30|100|10.4|10.4|10.4|10.4|0.0||
ALAC|55|NASDAQ|2020|1|21|15|30|0|10.36|10.36|10.36|10.36|0.0||
ALAC|56|NASDAQ|2020|1|17|15|30|0|10.36|10.36|10.36|10.36|0.0||
ALAC|57|NASDAQ|2020|1|16|15|30|20100|10.36|10.36|10.36|10.36|0.0||
ALAC|58|NASDAQ|2020|1|15|15|30|0|10.37|10.37|10.37|10.37|0.0||
ALAC|59|NASDAQ|2020|1|14|15|30|0|10.37|10.37|10.37|10.37|0.0||
ALAC|60|NASDAQ|2020|1|13|15|30|0|10.37|10.37|10.37|10.37|0.0||
ALAC|61|NASDAQ|2020|1|10|15|30|0|10.37|10.37|10.37|10.37|0.0||
ALAC|62|NASDAQ|2020|1|9|15|30|0|10.37|10.37|10.37|10.37|0.0||
ALAC|63|NASDAQ|2020|1|8|15|30|3000|10.37|10.37|10.37|10.37|0.0||
ALAC|64|NASDAQ|2020|1|7|15|30|57000|10.38|10.36|10.36|10.36|0.0||
ALAC|65|NASDAQ|2020|1|6|15|30|1000|10.36|10.36|10.36|10.36|0.0||
ALAC|66|NASDAQ|2020|1|3|15|30|2500|10.35|10.35|10.35|10.35|0.0||
ALAC|67|NASDAQ|2020|1|2|15|30|7500|10.35|10.33|10.35|10.34|0.0||
ALAC|68|NASDAQ|2019|12|31|15|30|1000|10.35|10.35|10.35|10.35|0.0||
ALAC|69|NASDAQ|2019|12|30|15|30|2600|10.34|10.34|10.34|10.34|0.0||
ALAC|70|NASDAQ|2019|12|27|15|30|5700|10.34|10.33|10.33|10.33|0.0||
ALAC|71|NASDAQ|2019|12|26|15|30|0|10.33|10.33|10.33|10.33|0.0||
ALAC|72|NASDAQ|2019|12|24|15|30|9600|10.33|10.32|10.33|10.33|0.0||
ALAC|73|NASDAQ|2019|12|23|15|30|0|10.33|10.33|10.33|10.33|0.0||
ALAC|74|NASDAQ|2019|12|20|15|30|100|10.33|10.33|10.33|10.33|0.0||
ALAC|75|NASDAQ|2019|12|19|15|30|0|10.33|10.33|10.33|10.33|0.0||
ALAC|76|NASDAQ|2019|12|18|15|30|9100|10.34|10.33|10.33|10.33|0.0||
ALAC|77|NASDAQ|2019|12|17|15|30|0|10.36|10.36|10.36|10.36|0.0||
ALAC|78|NASDAQ|2019|12|16|15|30|27900|10.36|10.36|10.36|10.36|0.0||
ALAC|79|NASDAQ|2019|12|13|15|30|1300|10.36|10.36|10.36|10.36|0.0||
ALAC|80|NASDAQ|2019|12|12|15|30|16200|10.35|10.35|10.35|10.35|0.0||
ALAC|81|NASDAQ|2019|12|11|15|30|200|10.34|10.34|10.34|10.34|0.0||
ALAC|82|NASDAQ|2019|12|10|15|30|0|10.33|10.33|10.33|10.33|0.0||
ALAC|83|NASDAQ|2019|12|9|15|30|2000|10.33|10.33|10.33|10.33|0.0||
ALAC|84|NASDAQ|2019|12|6|15|30|3100|10.35|10.35|10.35|10.35|0.0||
ALAC|85|NASDAQ|2019|12|5|15|30|88800|10.34|10.33|10.34|10.33|0.0||
ALAC|86|NASDAQ|2019|12|4|15|30|0|10.32|10.32|10.32|10.32|0.0||
ALAC|87|NASDAQ|2019|12|3|15|30|200|10.32|10.32|10.32|10.32|0.0||
ALAC|88|NASDAQ|2019|12|2|15|30|0|10.32|10.32|10.32|10.32|0.0||
ALAC|89|NASDAQ|2019|11|29|15|30|1300|10.33|10.31|10.32|10.32|0.0||
ALAC|90|NASDAQ|2019|11|27|15|30|0|10.31|10.31|10.31|10.31|0.0||
ALAC|91|NASDAQ|2019|11|26|15|30|0|10.31|10.31|10.31|10.31|0.0||
ALAC|92|NASDAQ|2019|11|25|15|30|100|10.31|10.31|10.31|10.31|0.0||
ALAC|93|NASDAQ|2019|11|22|15|30|33000|10.31|10.3|10.31|10.3|0.0||
ALAC|94|NASDAQ|2019|11|21|15|30|2300|10.3|10.29|10.29|10.29|0.0||
ALAC|95|NASDAQ|2019|11|20|15|30|2100|10.3|10.3|10.3|10.3|0.0||
ALAC|96|NASDAQ|2019|11|19|15|30|81100|10.29|10.28|10.29|10.28|0.0||
ALAC|97|NASDAQ|2019|11|18|15|30|300|10.28|10.25|10.28|10.25|0.0||
ALAC|98|NASDAQ|2019|11|15|15|30|5500|10.28|10.23|10.28|10.26|0.0||
ALAC|99|NASDAQ|2019|11|14|15|30|188200|10.27|10.25|10.27|10.26|0.0||
ALAC|100|NASDAQ|2019|11|13|15|30|400|10.3|10.25|10.25|10.25|0.0||
ALAC|101|NASDAQ|2019|11|12|15|30|0|10.3|10.3|10.3|10.3|0.0||
ALAC|102|NASDAQ|2019|11|11|15|30|0|10.3|10.3|10.3|10.3|0.0||
ALAC|103|NASDAQ|2019|11|8|15|30|1300|10.3|10.27|10.3|10.3|0.0||
ALAC|104|NASDAQ|2019|11|7|15|30|0|10.28|10.28|10.28|10.28|0.0||
ALAC|105|NASDAQ|2019|11|6|15|30|0|10.28|10.28|10.28|10.28|0.0||
ALAC|106|NASDAQ|2019|11|5|15|30|163500|10.28|10.28|10.28|10.28|0.0||
ALAC|107|NASDAQ|2019|11|4|15|30|5500|10.29|10.29|10.29|10.29|0.0||
ALAC|108|NASDAQ|2019|11|1|14|30|0|10.28|10.28|10.28|10.28|0.0||
ALAC|109|NASDAQ|2019|10|31|14|30|39600|10.3|10.25|10.28|10.28|0.0||
ALAC|110|NASDAQ|2019|10|30|14|30|100|10.29|10.29|10.29|10.29|0.0||
ALAC|111|NASDAQ|2019|10|29|14|30|400|10.29|10.29|10.29|10.29|0.0||
ALAC|112|NASDAQ|2019|10|28|14|30|8600|10.3|10.25|10.27|10.25|0.0||
ALAC|113|NASDAQ|2019|10|25|15|30|13800|10.28|10.21|10.26|10.21|0.0||
ALAC|114|NASDAQ|2019|10|24|15|30|300|10.27|10.27|10.27|10.27|0.0||
ALAC|115|NASDAQ|2019|10|23|15|30|50400|10.28|10.25|10.28|10.25|0.0||
ALAC|116|NASDAQ|2019|10|22|15|30|442700|10.27|10.2|10.27|10.22|0.0||
ALAC|117|NASDAQ|2019|10|21|15|30|0|10.23|10.23|10.23|10.23|0.0||
ALAC|118|NASDAQ|2019|10|18|15|30|0|10.23|10.23|10.23|10.23|0.0||
ALAC|119|NASDAQ|2019|10|17|15|30|0|10.23|10.23|10.23|10.23|0.0||
ALAC|120|NASDAQ|2019|10|16|15|30|0|10.23|10.23|10.23|10.23|0.0||
ALAC|121|NASDAQ|2019|10|15|15|30|0|10.23|10.23|10.23|10.23|0.0||
ALAC|122|NASDAQ|2019|10|14|15|30|0|10.23|10.23|10.23|10.23|0.0||
ALAC|123|NASDAQ|2019|10|11|15|30|5300|10.23|10.23|10.23|10.23|||
ALAC|124|NASDAQ|2019|10|10|15|30|300|10.25|10.21|10.25|10.21|||
ALAC|125|NASDAQ|2019|10|9|15|30|0|10.24|10.24|10.24|10.24|||
ALAC|126|NASDAQ|2019|10|8|15|30|0|10.24|10.24|10.24|10.24|||
ALCO|0|NASDAQ|2020|4|8|19|53|5184|29.0|28.25|28.712601|28.25|||
ALCO|1|NASDAQ|2020|4|7|15|30|24100|30.559999|27.66|28.1|30.370001|||
ALCO|2|NASDAQ|2020|4|6|15|30|47200|31.030001|29.25|30.309999|30.040001|||
ALCO|3|NASDAQ|2020|4|3|15|30|20800|29.67|26.879999|29.51|27.870001|||
ALCO|4|NASDAQ|2020|4|2|15|30|20900|28.91|26.49|28.799999|26.889999|||
ALCO|5|NASDAQ|2020|4|1|15|30|26500|30.620001|26.82|27.200001|29.98|0.0||
ALCO|6|NASDAQ|2020|3|31|15|30|44600|31.700001|26.85|31.040001|29.59|0.0||
ALCO|7|NASDAQ|2020|3|30|15|30|21300|30.84|26.83|29.709999|27.09|0.0||
ALCO|8|NASDAQ|2020|3|27|14|30|19600|31.879999|26.68|27.129999|28.9|0.0||
ALCO|9|NASDAQ|2020|3|26|14|30|32300|32.389999|29.83|31.42|31.42|0.0||
ALCO|10|NASDAQ|2020|3|25|14|30|53800|32.450001|29.5|31.309999|30.26|0.0||
ALCO|11|NASDAQ|2020|3|24|14|30|33100|30.629999|27.469999|30.629999|27.49|0.0||
ALCO|12|NASDAQ|2020|3|23|14|30|25100|30.67|25.309999|26.98|29.709999|0.0||
ALCO|13|NASDAQ|2020|3|20|14|30|99800|33.709999|25.74|28.940001|27.15|0.0||
ALCO|14|NASDAQ|2020|3|19|14|30|29100|27.75|22.860001|27.200001|23.9|1.0||
ALCO|15|NASDAQ|2020|3|18|14|30|15800|24.74|23.09|24.0|23.65|1.0||
ALCO|16|NASDAQ|2020|3|17|14|30|33000|24.629999|22.549999|24.530001|22.549999|0.0||
ALCO|17|NASDAQ|2020|3|16|14|30|25200|28.549999|22.73|23.01|28.469999|1.0||
ALCO|18|NASDAQ|2020|3|13|14|30|34900|30.389999|28.77|30.23|29.5|0.0||
ALCO|19|NASDAQ|2020|3|12|14|30|25600|30.85|27.110001|29.5|29.110001|0.0||
ALCO|20|NASDAQ|2020|3|11|14|30|28900|31.5|29.52|30.15|29.52|0.0||
ALCO|21|NASDAQ|2020|3|10|14|30|23000|31.940001|29.4|29.940001|31.940001|0.0||
ALCO|22|NASDAQ|2020|3|9|14|30|23800|31.18|29.99|30.799999|30.51|0.0||
ALCO|23|NASDAQ|2020|3|6|15|30|13100|33.049999|31.620001|32.080002|32.009998|0.0||
ALCO|24|NASDAQ|2020|3|5|15|30|20500|33.880001|32.16|32.490002000000004|32.540001000000004|0.0||
ALCO|25|NASDAQ|2020|3|4|15|30|18900|33.970001|32.099998|32.919998|33.060001|0.0||
ALCO|26|NASDAQ|2020|3|3|15|30|11900|33.720001|32.669998|32.720001|33.419998|0.0||
ALCO|27|NASDAQ|2020|3|2|15|30|23100|34.080002|32.540001000000004|33.419998|32.540001000000004|0.0||
ALCO|28|NASDAQ|2020|2|28|15|30|25600|33.189999|30.75|32.57|32.599998|0.0||
ALCO|29|NASDAQ|2020|2|27|15|30|23000|33.400002|32.240002000000004|33.130001|33.139999|0.0||
ALCO|30|NASDAQ|2020|2|26|15|30|13800|34.27|32.98|33.5|34.009998|0.0||
ALCO|31|NASDAQ|2020|2|25|15|30|14400|35.119999|34.060001|34.060001|35.119999|0.0||
ALCO|32|NASDAQ|2020|2|24|15|30|10500|35.720001|34.669998|35.279999|35.36000100000001|0.0||
ALCO|33|NASDAQ|2020|2|21|15|30|13400|36.330002|35.41|35.709999|35.720001|0.0||
ALCO|34|NASDAQ|2020|2|20|15|30|20900|36.779999|35.32|35.849998|36.380001|0.0||
ALCO|35|NASDAQ|2020|2|19|15|30|6300|36.810001|36.400002|36.419998|36.610001|0.0||
ALCO|36|NASDAQ|2020|2|18|15|30|10500|37.59|36.27|36.599998|37.59|0.0||
ALCO|37|NASDAQ|2020|2|14|15|30|22100|37.59|36.959999|37.400002|37.580002|0.0||
ALCO|38|NASDAQ|2020|2|13|15|30|26200|37.52|36.459999|37.400002|36.459999|0.0||
ALCO|39|NASDAQ|2020|2|12|15|30|13300|36.279999|35.720001|36.279999|35.79000100000001|0.0||
ALCO|40|NASDAQ|2020|2|11|15|30|17900|35.950001|35.419998|35.700001|35.939999|0.0||
ALCO|41|NASDAQ|2020|2|10|15|30|25100|37.080002|35.439999|35.709999|36.439999|0.0||
ALCO|42|NASDAQ|2020|2|7|15|30|33600|36.599998|35.009998|36.490002|35.009998|0.0||
ALCO|43|NASDAQ|2020|2|6|15|30|11500|36.689999|36.18|36.52|36.18|0.0||
ALCO|44|NASDAQ|2020|2|5|15|30|20400|36.290001|35.830002|36.07|36.040001|0.0||
ALCO|45|NASDAQ|2020|2|4|15|30|15800|36.330002|35.799999|35.799999|36.330002|0.0||
ALCO|46|NASDAQ|2020|2|3|15|30|8600|36.639999|35.99000200000001|36.029999|35.99000200000001|0.0||
ALCO|47|NASDAQ|2020|1|31|15|30|10600|37.259998|35.98|35.99000200000001|37.02|0.0||
ALCO|48|NASDAQ|2020|1|30|15|30|12900|37.400002|36.830002|37.02|37.18|0.0||
ALCO|49|NASDAQ|2020|1|29|15|30|12600|37.43|37.02|37.259998|37.43|0.0||
ALCO|50|NASDAQ|2020|1|28|15|30|10700|37.400002|36.98|37.330002|37.400002|0.0||
ALCO|51|NASDAQ|2020|1|27|15|30|16100|37.759998|36.02|37.07|36.77|0.0||
ALCO|52|NASDAQ|2020|1|24|15|30|12100|37.279999|36.880001|36.889999|37.060001|0.0||
ALCO|53|NASDAQ|2020|1|23|15|30|17300|37.09|36.490002|36.970001|36.900002|0.0||
ALCO|54|NASDAQ|2020|1|22|15|30|6700|37.740002|36.759998|36.759998|37.700001|0.0||
ALCO|55|NASDAQ|2020|1|21|15|30|12300|37.689999|37.09|37.689999|37.299999|0.0||
ALCO|56|NASDAQ|2020|1|17|15|30|20500|38.25|37.09|37.290001|38.0|0.0||
ALCO|57|NASDAQ|2020|1|16|15|30|17400|37.990002|37.099998|37.990002|37.290001|0.0||
ALCO|58|NASDAQ|2020|1|15|15|30|20600|37.459999|36.220001|37.380001|36.52|0.0||
ALCO|59|NASDAQ|2020|1|14|15|30|12200|36.75|36.240002|36.5|36.240002|0.0||
ALCO|60|NASDAQ|2020|1|13|15|30|15000|36.290001|35.189999|36.290001|35.919998|0.0||
ALCO|61|NASDAQ|2020|1|10|15|30|12200|35.99000200000001|35.450001|35.93|35.52|0.0||
ALCO|62|NASDAQ|2020|1|9|15|30|17000|36.130001|35.349998|35.5|36.110001|0.0||
ALCO|63|NASDAQ|2020|1|8|15|30|9800|36.189999|35.549999|36.18|35.93|0.0||
ALCO|64|NASDAQ|2020|1|7|15|30|12100|36.169998|35.59|35.970001|35.799999|0.0||
ALCO|65|NASDAQ|2020|1|6|15|30|17100|36.080002|34.310001|35.869999|35.759998|0.0||
ALCO|66|NASDAQ|2020|1|3|15|30|11700|36.389999|35.709999|35.830002|35.880001|0.0||
ALCO|67|NASDAQ|2020|1|2|15|30|17100|36.130001|35.75|36.009998|35.91|0.0||
ALCO|68|NASDAQ|2019|12|31|15|30|12500|35.970001|35.560001|35.830002|35.810001|0.0||
ALCO|69|NASDAQ|2019|12|30|15|30|13100|36.0|35.200001|35.849998|35.709999|0.0||
ALCO|70|NASDAQ|2019|12|27|15|30|11500|35.950001|35.119999|35.950001|35.189999|0.0||
ALCO|71|NASDAQ|2019|12|26|15|30|24600|35.25|34.700001|35.16|34.700001|0.0||
ALCO|72|NASDAQ|2019|12|24|15|30|5900|35.0|34.75|34.889999|34.950001|0.0||
ALCO|73|NASDAQ|2019|12|23|15|30|21300|35.0|34.740002000000004|34.959999|34.93|0.0||
ALCO|74|NASDAQ|2019|12|20|15|30|35200|35.0|34.860001000000004|34.93|34.860001000000004|0.0||
ALCO|75|NASDAQ|2019|12|19|15|30|38400|35.0|34.73|34.919998|35.0|0.0||
ALCO|76|NASDAQ|2019|12|18|15|30|16100|35.419998|34.959999|35.299999|35.419998|0.0||
ALCO|77|NASDAQ|2019|12|17|15|30|27100|35.450001|34.209999|35.009998|35.25|0.0||
ALCO|78|NASDAQ|2019|12|16|15|30|25400|35.73|35.080002|35.18|35.73|0.0||
ALCO|79|NASDAQ|2019|12|13|15|30|14300|35.75|35.16|35.75|35.73|0.0||
ALCO|80|NASDAQ|2019|12|12|15|30|20900|36.48|35.32|35.73|36.0|0.0||
ALCO|81|NASDAQ|2019|12|11|15|30|23700|36.23|35.29000100000001|36.119999|35.450001|0.0||
ALCO|82|NASDAQ|2019|12|10|15|30|25200|35.68|34.41|35.68|34.990002000000004|0.0||
ALCO|83|NASDAQ|2019|12|9|15|30|29300|35.0|32.91|34.779999|33.0|0.0||
ALCO|84|NASDAQ|2019|12|6|15|30|46800|33.0|32.07|32.950001|32.900002|0.0||
ALCO|85|NASDAQ|2019|12|5|15|30|18300|32.990002000000004|32.34|32.900002|32.759998|0.0||
ALCO|86|NASDAQ|2019|12|4|15|30|27100|33.0|32.75|32.759998|32.75|0.0||
ALCO|87|NASDAQ|2019|12|3|15|30|12900|33.849998|32.52|32.990002000000004|33.389999|0.0||
ALCO|88|NASDAQ|2019|12|2|15|30|8700|33.740002000000004|33.470001|33.689999|33.580002|0.0||
ALCO|89|NASDAQ|2019|11|29|15|30|1500|33.91|33.220001|33.860001000000004|33.91|0.0||
ALCO|90|NASDAQ|2019|11|27|15|30|10400|34.200001|33.25|33.700001|33.860001000000004|0.0||
ALCO|91|NASDAQ|2019|11|26|15|30|8600|33.959999|33.25|33.919998|33.25|0.0||
ALCO|92|NASDAQ|2019|11|25|15|30|35700|33.599998|31.68|33.189999|33.599998|0.0||
ALCO|93|NASDAQ|2019|11|22|15|30|21700|33.73|32.720001|33.5|33.52|0.0||
ALCO|94|NASDAQ|2019|11|21|15|30|12300|33.939999|33.400002|33.700001|33.400002|0.0||
ALCO|95|NASDAQ|2019|11|20|15|30|16800|33.459999|31.42|32.799999|31.42|0.0||
ALCO|96|NASDAQ|2019|11|19|15|30|16500|32.610001000000004|30.85|32.610001000000004|30.85|0.0||
ALCO|97|NASDAQ|2019|11|18|15|30|5100|31.809999|31.34|31.549999|31.4|0.0||
ALCO|98|NASDAQ|2019|11|15|15|30|6200|31.77|31.4|31.559999|31.610001|0.0||
ALCO|99|NASDAQ|2019|11|14|15|30|6700|31.68|31.26|31.42|31.67|0.0||
ALCO|100|NASDAQ|2019|11|13|15|30|9400|32.16|31.32|31.4|32.150002|0.0||
ALCO|101|NASDAQ|2019|11|12|15|30|2500|32.689999|32.0|32.130001|32.689999|0.0||
ALCO|102|NASDAQ|2019|11|11|15|30|8900|32.970001|31.92|31.92|32.919998|0.0||
ALCO|103|NASDAQ|2019|11|8|15|30|9300|33.470001|32.450001|32.919998|32.450001|0.0||
ALCO|104|NASDAQ|2019|11|7|15|30|7200|33.27|32.82|33.139999|32.959999|0.0||
ALCO|105|NASDAQ|2019|11|6|15|30|6000|33.419998|32.540001000000004|32.950001|32.720001|0.0||
ALCO|106|NASDAQ|2019|11|5|15|30|16400|33.419998|32.59|33.0|33.080002|0.0||
ALCO|107|NASDAQ|2019|11|4|15|30|5900|33.299999|32.669998|33.189999|32.91|0.0||
ALCO|108|NASDAQ|2019|11|1|14|30|6300|32.919998|32.459999|32.830002|32.919998|0.0||
ALCO|109|NASDAQ|2019|10|31|14|30|6900|33.529999|31.790001|32.849998|33.529999|0.0||
ALCO|110|NASDAQ|2019|10|30|14|30|8700|32.57|31.620001|32.57|32.450001|0.0||
ALCO|111|NASDAQ|2019|10|29|14|30|12000|32.52|31.790001|32.049999|31.84|0.0||
ALCO|112|NASDAQ|2019|10|28|14|30|10700|32.540001000000004|31.610001|31.82|31.98|0.0||
ALCO|113|NASDAQ|2019|10|25|15|30|3800|31.9|31.440001|31.700001|31.440001|0.0||
ALCO|114|NASDAQ|2019|10|24|15|30|4700|32.369999|31.620001|31.9|32.369999|0.0||
ALCO|115|NASDAQ|2019|10|23|15|30|9400|33.509998|32.0|32.0|33.48|0.0||
ALCO|116|NASDAQ|2019|10|22|15|30|7300|33.57|33.310001|33.5|33.470001|0.0||
ALCO|117|NASDAQ|2019|10|21|15|30|10200|33.43|33.130001|33.360001000000004|33.290001000000004|0.0||
ALCO|118|NASDAQ|2019|10|18|15|30|7200|33.990002000000004|33.02|33.02|33.959999|0.0||
ALCO|119|NASDAQ|2019|10|17|15|30|8500|34.25|33.950001|34.150002|34.25|0.0||
ALCO|120|NASDAQ|2019|10|16|15|30|3100|34.27|33.66|33.919998|34.27|0.0||
ALCO|121|NASDAQ|2019|10|15|15|30|3100|34.200001|33.970001|34.189999|34.200001|0.0||
ALCO|122|NASDAQ|2019|10|14|15|30|3700|34.27|33.990002000000004|34.099998|33.990002000000004|0.0||
ALCO|123|NASDAQ|2019|10|11|15|30|10000|34.360001000000004|33.959999|33.959999|34.299999|||
ALCO|124|NASDAQ|2019|10|10|15|30|8500|34.389999|33.990002000000004|34.23|34.080002|||
ALCO|125|NASDAQ|2019|10|9|15|30|6200|34.18|33.919998|33.98|34.060001|||
ALCO|126|NASDAQ|2019|10|8|15|30|7700|34.299999|33.849998|33.950001|34.0|||
ALLO|0|NASDAQ|2020|4|8|20|16|192091|20.745001|20.15|20.43|20.57|||
ALLO|1|NASDAQ|2020|4|7|15|30|691500|22.290001|20.209999|20.33|21.700001|||
ALLO|2|NASDAQ|2020|4|6|15|30|670700|21.23|19.110001|21.110001|19.549999|||
ALLO|3|NASDAQ|2020|4|3|15|30|482900|19.9|18.709999|18.889999|19.01|||
ALLO|4|NASDAQ|2020|4|2|15|30|573900|19.440001|17.790001|19.1|18.48|||
ALLO|5|NASDAQ|2020|4|1|15|30|777900|19.52|17.84|18.389999|18.98|0.0||
ALLO|6|NASDAQ|2020|3|31|15|30|877300|20.1|18.77|19.440001|19.959999|0.0||
ALLO|7|NASDAQ|2020|3|30|15|30|455400|20.700001|19.66|20.08|20.129999|0.0||
ALLO|8|NASDAQ|2020|3|27|14|30|561400|20.959999|19.01|19.92|19.860001|0.0||
ALLO|9|NASDAQ|2020|3|26|14|30|572600|21.01|19.85|20.25|19.92|0.0||
ALLO|10|NASDAQ|2020|3|25|14|30|661300|20.690001|19.219999|19.809999|20.08|0.0||
ALLO|11|NASDAQ|2020|3|24|14|30|785200|20.32|18.59|19.940001|19.98|0.0||
ALLO|12|NASDAQ|2020|3|23|14|30|534200|20.129999|18.65|19.01|19.059999|0.0||
ALLO|13|NASDAQ|2020|3|20|14|30|945800|21.99|18.709999|19.25|20.58|0.0||
ALLO|14|NASDAQ|2020|3|19|14|30|1002400|20.959999|17.549999|20.290001|17.65|0.0||
ALLO|15|NASDAQ|2020|3|18|14|30|687200|19.43|17.43|18.219999|18.26|0.0||
ALLO|16|NASDAQ|2020|3|17|14|30|838600|20.200001|17.790001|19.209999|18.74|0.0||
ALLO|17|NASDAQ|2020|3|16|14|30|973700|20.719999|18.379999|18.379999|20.719999|0.0||
ALLO|18|NASDAQ|2020|3|13|14|30|957500|23.4|20.4|22.049999|21.59|0.0||
ALLO|19|NASDAQ|2020|3|12|14|30|2028900|24.48|21.059999|21.07|23.67|0.0||
ALLO|20|NASDAQ|2020|3|11|14|30|1125000|26.129999|24.5|25.049999|25.559999|0.0||
ALLO|21|NASDAQ|2020|3|10|14|30|721500|26.309999|25.129999|25.98|25.73|0.0||
ALLO|22|NASDAQ|2020|3|9|14|30|730800|26.719999|24.75|25.32|25.4|0.0||
ALLO|23|NASDAQ|2020|3|6|15|30|714200|27.99|26.85|27.01|27.200001|0.0||
ALLO|24|NASDAQ|2020|3|5|15|30|756500|27.799999|26.67|27.77|27.4|0.0||
ALLO|25|NASDAQ|2020|3|4|15|30|483400|28.299999|27.360001|28.25|27.93|0.0||
ALLO|26|NASDAQ|2020|3|3|15|30|621200|28.040001|27.049999|27.51|27.51|0.0||
ALLO|27|NASDAQ|2020|3|2|15|30|785400|27.879999|26.43|27.620001|26.870001|0.0||
ALLO|28|NASDAQ|2020|2|28|15|30|1213500|27.0|24.719999|27.0|25.0|0.0||
ALLO|29|NASDAQ|2020|2|27|15|30|1203600|27.27|24.6|25.92|25.51|0.0||
ALLO|30|NASDAQ|2020|2|26|15|30|611600|25.84|24.9|25.450001|24.950001|0.0||
ALLO|31|NASDAQ|2020|2|25|15|30|1060100|25.629999|24.51|24.92|25.120001|0.0||
ALLO|32|NASDAQ|2020|2|24|15|30|966100|25.52|24.41|24.950001|24.9|0.0||
ALLO|33|NASDAQ|2020|2|21|15|30|596300|26.190001|25.34|26.01|25.719999|0.0||
ALLO|34|NASDAQ|2020|2|20|15|30|579800|26.0|24.799999|25.719999|25.26|0.0||
ALLO|35|NASDAQ|2020|2|19|15|30|685600|25.67|24.42|25.299999|24.43|0.0||
ALLO|36|NASDAQ|2020|2|18|15|30|322300|24.299999|23.200001|24.25|23.51|0.0||
ALLO|37|NASDAQ|2020|2|14|15|30|411800|23.73|22.889999|23.610001|23.49|0.0||
ALLO|38|NASDAQ|2020|2|13|15|30|481300|23.799999|22.85|23.379999|23.379999|0.0||
ALLO|39|NASDAQ|2020|2|12|15|30|303300|23.68|22.959999|23.549999|23.59|0.0||
ALLO|40|NASDAQ|2020|2|11|15|30|261500|24.25|23.360001|23.42|24.059999|0.0||
ALLO|41|NASDAQ|2020|2|10|15|30|356600|24.17|23.42|23.9|23.790001|0.0||
ALLO|42|NASDAQ|2020|2|7|15|30|380600|23.959999|23.32|23.709999|23.690001|0.0||
ALLO|43|NASDAQ|2020|2|6|15|30|755400|23.969999|22.25|23.77|22.450001|0.0||
ALLO|44|NASDAQ|2020|2|5|15|30|418700|23.209999|22.190001|22.25|22.48|0.0||
ALLO|45|NASDAQ|2020|2|4|15|30|565500|22.5|21.99|22.200001|22.1|0.0||
ALLO|46|NASDAQ|2020|2|3|15|30|482600|22.0|21.25|21.860001|21.68|0.0||
ALLO|47|NASDAQ|2020|1|31|15|30|637300|22.25|21.280001|21.719999|21.98|0.0||
ALLO|48|NASDAQ|2020|1|30|15|30|454700|22.4|21.540001|22.120001|21.91|0.0||
ALLO|49|NASDAQ|2020|1|29|15|30|592300|22.77|22.01|22.02|22.6|0.0||
ALLO|50|NASDAQ|2020|1|28|15|30|564600|23.049999|22.5|22.57|22.76|0.0||
ALLO|51|NASDAQ|2020|1|27|15|30|715300|23.32|21.799999|22.639999|23.030001|0.0||
ALLO|52|NASDAQ|2020|1|24|15|30|769800|24.950001|23.299999|23.41|24.709999|0.0||
ALLO|53|NASDAQ|2020|1|23|15|30|725100|25.629999|24.709999|24.719999|25.35|0.0||
ALLO|54|NASDAQ|2020|1|22|15|30|257300|25.719999|25.26|25.43|25.629999|0.0||
ALLO|55|NASDAQ|2020|1|21|15|30|673900|25.780001|25.049999|25.52|25.200001|0.0||
ALLO|56|NASDAQ|2020|1|17|15|30|708100|27.559999|25.18|25.32|27.18|0.0||
ALLO|57|NASDAQ|2020|1|16|15|30|782500|27.02|26.26|26.959999|26.799999|0.0||
ALLO|58|NASDAQ|2020|1|15|15|30|444600|26.950001|26.15|26.620001|26.15|0.0||
ALLO|59|NASDAQ|2020|1|14|15|30|701300|26.57|25.32|26.15|25.52|0.0||
ALLO|60|NASDAQ|2020|1|13|15|30|623300|26.23|25.5|25.530001|26.200001|0.0||
ALLO|61|NASDAQ|2020|1|10|15|30|665000|26.610001|25.93|26.139999|26.129999|0.0||
ALLO|62|NASDAQ|2020|1|9|15|30|233900|26.9|26.07|26.26|26.709999|0.0||
ALLO|63|NASDAQ|2020|1|8|15|30|346600|26.620001|25.889999|26.530001|26.08|0.0||
ALLO|64|NASDAQ|2020|1|7|15|30|394200|26.49|25.83|26.02|26.299999|0.0||
ALLO|65|NASDAQ|2020|1|6|15|30|578500|26.42|25.09|26.360001|25.83|0.0||
ALLO|66|NASDAQ|2020|1|3|15|30|398200|26.450001|25.76|25.950001|26.030001|0.0||
ALLO|67|NASDAQ|2020|1|2|15|30|464000|26.57|25.65|26.219999|25.940001|0.0||
ALLO|68|NASDAQ|2019|12|31|15|30|376100|26.299999|25.74|25.98|25.809999|0.0||
ALLO|69|NASDAQ|2019|12|30|15|30|780400|26.440001|25.299999|25.959999|26.290001|0.0||
ALLO|70|NASDAQ|2019|12|27|15|30|629200|26.700001|25.709999|26.32|26.34|0.0||
ALLO|71|NASDAQ|2019|12|26|15|30|562900|27.0|26.1|26.129999|27.0|0.0||
ALLO|72|NASDAQ|2019|12|24|15|30|291900|27.200001|26.52|26.99|26.85|0.0||
ALLO|73|NASDAQ|2019|12|23|15|30|954700|27.18|26.209999|26.77|26.719999|0.0||
ALLO|74|NASDAQ|2019|12|20|15|30|2802800|27.280001|26.51|26.58|27.0|0.0||
ALLO|75|NASDAQ|2019|12|19|15|30|562900|27.84|26.65|27.0|27.75|0.0||
ALLO|76|NASDAQ|2019|12|18|15|30|1430700|27.84|26.799999|27.459999|27.74|0.0||
ALLO|77|NASDAQ|2019|12|17|15|30|650100|27.49|26.620001|27.190001|27.209999|0.0||
ALLO|78|NASDAQ|2019|12|16|15|30|641700|27.559999|26.559999|27.040001|27.18|0.0||
ALLO|79|NASDAQ|2019|12|13|15|30|636600|27.75|26.709999|27.09|27.709999|0.0||
ALLO|80|NASDAQ|2019|12|12|15|30|564300|28.4|26.92|27.74|27.889999|0.0||
ALLO|81|NASDAQ|2019|12|11|15|30|555100|29.74|27.860001|27.969999|29.59|0.0||
ALLO|82|NASDAQ|2019|12|10|15|30|621600|31.15|29.41|29.629999|31.0|0.0||
ALLO|83|NASDAQ|2019|12|9|15|30|1079200|33.389999|31.120001|31.15|31.58|0.0||
ALLO|84|NASDAQ|2019|12|6|15|30|1192500|31.459999|29.370001|31.4|29.5|0.0||
ALLO|85|NASDAQ|2019|12|5|15|30|750700|29.950001|28.98|29.540001|29.629999|0.0||
ALLO|86|NASDAQ|2019|12|4|15|30|1142200|29.809999|28.43|29.48|28.66|0.0||
ALLO|87|NASDAQ|2019|12|3|15|30|1294500|28.639999|28.01|28.41|28.209999|0.0||
ALLO|88|NASDAQ|2019|12|2|15|30|641400|28.68|27.940001|28.290001|28.049999|0.0||
ALLO|89|NASDAQ|2019|11|29|15|30|212800|28.549999|28.02|28.18|28.139999|0.0||
ALLO|90|NASDAQ|2019|11|27|15|30|439200|28.620001|27.68|28.07|27.92|0.0||
ALLO|91|NASDAQ|2019|11|26|15|30|540200|27.67|26.25|27.6|26.459999|0.0||
ALLO|92|NASDAQ|2019|11|25|15|30|478100|27.73|26.33|26.440001|27.25|0.0||
ALLO|93|NASDAQ|2019|11|22|15|30|442400|28.41|26.620001|27.01|28.33|0.0||
ALLO|94|NASDAQ|2019|11|21|15|30|453200|28.620001|27.35|28.049999|27.35|0.0||
ALLO|95|NASDAQ|2019|11|20|15|30|640300|29.4|27.370001|27.450001|28.65|0.0||
ALLO|96|NASDAQ|2019|11|19|15|30|985800|29.15|27.610001|28.860001|28.049999|0.0||
ALLO|97|NASDAQ|2019|11|18|15|30|402000|28.18|27.17|27.879999|27.6|0.0||
ALLO|98|NASDAQ|2019|11|15|15|30|191300|28.120001|27.379999|27.809999|27.41|0.0||
ALLO|99|NASDAQ|2019|11|14|15|30|350800|27.280001|26.02|27.15|26.49|0.0||
ALLO|100|NASDAQ|2019|11|13|15|30|135300|26.84|26.15|26.549999|26.4|0.0||
ALLO|101|NASDAQ|2019|11|12|15|30|294800|27.559999|26.25|26.67|26.309999|0.0||
ALLO|102|NASDAQ|2019|11|11|15|30|237800|28.09|26.99|27.16|27.67|0.0||
ALLO|103|NASDAQ|2019|11|8|15|30|577300|27.6|26.43|27.32|26.58|0.0||
ALLO|104|NASDAQ|2019|11|7|15|30|527900|26.969999|25.549999|26.440001|25.73|0.0||
ALLO|105|NASDAQ|2019|11|6|15|30|682100|27.799999|25.530001|25.889999|27.15|0.0||
ALLO|106|NASDAQ|2019|11|5|15|30|401400|29.0|26.68|27.66|29.0|0.0||
ALLO|107|NASDAQ|2019|11|4|15|30|262000|29.719999|28.690001|28.92|29.719999|0.0||
ALLO|108|NASDAQ|2019|11|1|14|30|320700|29.379999|28.440001|28.940001|28.52|0.0||
ALLO|109|NASDAQ|2019|10|31|14|30|445500|30.129999|28.389999|28.799999|29.76|0.0||
ALLO|110|NASDAQ|2019|10|30|14|30|274100|29.92|28.57|29.83|28.959999|0.0||
ALLO|111|NASDAQ|2019|10|29|14|30|225600|29.280001|28.280001|28.92|28.530001|0.0||
ALLO|112|NASDAQ|2019|10|28|14|30|260200|29.49|28.27|28.59|29.299999|0.0||
ALLO|113|NASDAQ|2019|10|25|15|30|317500|29.48|27.82|29.129999|27.940001|0.0||
ALLO|114|NASDAQ|2019|10|24|15|30|208800|28.209999|27.700001|27.99|27.940001|0.0||
ALLO|115|NASDAQ|2019|10|23|15|30|227400|28.450001|27.68|27.889999|28.25|0.0||
ALLO|116|NASDAQ|2019|10|22|15|30|294800|28.74|27.68|27.959999|28.24|0.0||
ALLO|117|NASDAQ|2019|10|21|15|30|336200|28.23|27.469999|27.93|27.610001|0.0||
ALLO|118|NASDAQ|2019|10|18|15|30|212800|27.75|26.85|27.370001|27.620001|0.0||
ALLO|119|NASDAQ|2019|10|17|15|30|238000|27.84|26.6|27.780001|26.66|0.0||
ALLO|120|NASDAQ|2019|10|16|15|30|278000|26.629999|25.959999|26.370001|26.049999|0.0||
ALLO|121|NASDAQ|2019|10|15|15|30|281700|26.33|25.15|26.01|25.43|0.0||
ALLO|122|NASDAQ|2019|10|14|15|30|228400|25.860001|24.799999|25.309999|24.799999|0.0||
ALLO|123|NASDAQ|2019|10|11|15|30|475700|26.23|24.76|24.82|26.030001|||
ALLO|124|NASDAQ|2019|10|10|15|30|282500|25.91|24.75|25.83|25.35|||
ALLO|125|NASDAQ|2019|10|9|15|30|505700|26.58|24.85|25.24|26.52|||
ALLO|126|NASDAQ|2019|10|8|15|30|261500|27.190001|26.209999|26.26|26.709999|||
ALOT|0|NASDAQ|2020|4|8|20|17|36134|6.25|5.51|5.91|5.99||1.0|0.91
ALOT|1|NASDAQ|2020|4|7|15|30|76300|6.97|5.73|5.89|6.81|||
ALOT|2|NASDAQ|2020|4|6|15|30|26100|6.8|6.05|6.74|6.5|||
ALOT|3|NASDAQ|2020|4|3|15|30|26900|6.92|6.01|6.1|6.84|||
ALOT|4|NASDAQ|2020|4|2|15|30|21900|7.77|6.73|6.96|7.26|||
ALOT|5|NASDAQ|2020|4|1|15|30|45600|7.96|6.94|7.3|7.36|0.0||
ALOT|6|NASDAQ|2020|3|31|15|30|29600|8.37|7.54|7.76|8.05|0.0||
ALOT|7|NASDAQ|2020|3|30|15|30|31000|8.22|7.41|8.19|7.9|0.0||
ALOT|8|NASDAQ|2020|3|27|14|30|69200|8.82|7.94|7.95|8.64|0.0||
ALOT|9|NASDAQ|2020|3|26|14|30|58800|9.11|8.25|9.07|8.25|0.0||
ALOT|10|NASDAQ|2020|3|25|14|30|72200|8.47|7.41|8.36|7.51|0.0||
ALOT|11|NASDAQ|2020|3|24|14|30|61700|7.77|6.9|7.68|6.9|0.0||
ALOT|12|NASDAQ|2020|3|23|14|30|41700|6.99|5.81|6.89|6.95|1.0||
ALOT|13|NASDAQ|2020|3|20|14|30|244600|8.4|5.29|6.73|8.08|1.0||
ALOT|14|NASDAQ|2020|3|19|14|30|48200|8.47|7.13|8.4|7.3|0.0||
ALOT|15|NASDAQ|2020|3|18|14|30|60200|9.05|7.52|7.52|8.72|0.0||
ALOT|16|NASDAQ|2020|3|17|14|30|38400|9.25|8.19|9.25|8.19|0.0||
ALOT|17|NASDAQ|2020|3|16|14|30|111600|9.8|8.08|8.08|8.8|0.0||
ALOT|18|NASDAQ|2020|3|13|14|30|68500|9.77|8.8|9.7|9.45|0.0||
ALOT|19|NASDAQ|2020|3|12|14|30|130100|9.34|8.02|8.76|9.14|0.0||
ALOT|20|NASDAQ|2020|3|11|14|30|34700|11.36|9.55|10.15|9.66|0.0||
ALOT|21|NASDAQ|2020|3|10|14|30|31600|10.23|9.51|10.18|9.87|0.0||
ALOT|22|NASDAQ|2020|3|9|14|30|17700|10.5|9.6|9.68|10.23|0.0||
ALOT|23|NASDAQ|2020|3|6|15|30|36100|11.15|10.76|10.84|10.98|0.0||
ALOT|24|NASDAQ|2020|3|5|15|30|33700|11.53|11.11|11.19|11.18|0.0||
ALOT|25|NASDAQ|2020|3|4|15|30|30000|11.52|11.13|11.52|11.28|0.0||
ALOT|26|NASDAQ|2020|3|3|15|30|25700|11.78|10.95|11.21|11.3|0.0||
ALOT|27|NASDAQ|2020|3|2|15|30|14200|11.3|10.66|11.3|10.86|0.0||
ALOT|28|NASDAQ|2020|2|28|15|30|36100|11.0|10.38|10.86|10.53|0.0||
ALOT|29|NASDAQ|2020|2|27|15|30|41900|11.59|11.0|11.05|11.48|0.0||
ALOT|30|NASDAQ|2020|2|26|15|30|18400|11.98|11.26|11.54|11.78|0.0||
ALOT|31|NASDAQ|2020|2|25|15|30|43300|12.31|11.59|11.8|12.26|0.0||
ALOT|32|NASDAQ|2020|2|24|15|30|14200|12.56|12.25|12.25|12.4|0.0||
ALOT|33|NASDAQ|2020|2|21|15|30|19700|12.69|12.43|12.43|12.69|0.0||
ALOT|34|NASDAQ|2020|2|20|15|30|25300|12.86|12.43|12.65|12.8|0.0||
ALOT|35|NASDAQ|2020|2|19|15|30|16200|13.07|12.75|12.8|13.05|0.0||
ALOT|36|NASDAQ|2020|2|18|15|30|26000|13.03|12.72|12.93|13.0|0.0||
ALOT|37|NASDAQ|2020|2|14|15|30|20800|13.15|12.84|12.99|13.15|0.0||
ALOT|38|NASDAQ|2020|2|13|15|30|28000|13.11|12.91|13.11|13.0|0.0||
ALOT|39|NASDAQ|2020|2|12|15|30|32000|13.15|12.85|13.08|13.04|0.0||
ALOT|40|NASDAQ|2020|2|11|15|30|31600|13.06|12.89|12.89|12.97|0.0||
ALOT|41|NASDAQ|2020|2|10|15|30|15400|13.05|12.76|12.89|13.01|0.0||
ALOT|42|NASDAQ|2020|2|7|15|30|14100|13.08|12.9|13.0|12.93|0.0||
ALOT|43|NASDAQ|2020|2|6|15|30|23300|13.3|12.84|13.0|13.3|0.0||
ALOT|44|NASDAQ|2020|2|5|15|30|15000|13.14|12.81|13.06|12.84|0.0||
ALOT|45|NASDAQ|2020|2|4|15|30|12100|13.07|12.82|12.99|12.82|0.0||
ALOT|46|NASDAQ|2020|2|3|15|30|13500|12.78|12.6|12.7|12.6|0.0||
ALOT|47|NASDAQ|2020|1|31|15|30|57800|12.87|12.4|12.44|12.87|0.0||
ALOT|48|NASDAQ|2020|1|30|15|30|25700|13.01|12.75|12.75|12.93|0.0||
ALOT|49|NASDAQ|2020|1|29|15|30|52700|13.32|12.7|13.0|13.32|0.0||
ALOT|50|NASDAQ|2020|1|28|15|30|32400|13.97|13.11|13.22|13.95|0.0||
ALOT|51|NASDAQ|2020|1|27|15|30|48800|14.0|12.5|13.96|12.51|0.0||
ALOT|52|NASDAQ|2020|1|24|15|30|20200|12.81|12.5|12.51|12.67|0.0||
ALOT|53|NASDAQ|2020|1|23|15|30|15100|12.73|12.55|12.67|12.66|0.0||
ALOT|54|NASDAQ|2020|1|22|15|30|97700|12.8|12.51|12.71|12.51|0.0||
ALOT|55|NASDAQ|2020|1|21|15|30|31200|13.18|12.8|12.87|13.13|0.0||
ALOT|56|NASDAQ|2020|1|17|15|30|17700|13.5|13.21|13.26|13.43|0.0||
ALOT|57|NASDAQ|2020|1|16|15|30|20300|13.56|13.15|13.31|13.46|0.0||
ALOT|58|NASDAQ|2020|1|15|15|30|49800|13.42|13.04|13.32|13.12|0.0||
ALOT|59|NASDAQ|2020|1|14|15|30|16000|13.38|13.19|13.24|13.3|0.0||
ALOT|60|NASDAQ|2020|1|13|15|30|16500|13.31|13.14|13.27|13.31|0.0||
ALOT|61|NASDAQ|2020|1|10|15|30|25400|13.38|13.0|13.33|13.22|0.0||
ALOT|62|NASDAQ|2020|1|9|15|30|34800|13.47|13.05|13.16|13.47|0.0||
ALOT|63|NASDAQ|2020|1|8|15|30|18700|13.54|13.35|13.36|13.54|0.0||
ALOT|64|NASDAQ|2020|1|7|15|30|11900|13.73|13.5|13.57|13.61|0.0||
ALOT|65|NASDAQ|2020|1|6|15|30|26000|13.89|13.6|13.71|13.75|0.0||
ALOT|66|NASDAQ|2020|1|3|15|30|31700|13.91|13.45|13.72|13.74|0.0||
ALOT|67|NASDAQ|2020|1|2|15|30|29900|13.91|13.25|13.7|13.73|0.0||
ALOT|68|NASDAQ|2019|12|31|15|30|44500|13.94|13.6|13.72|13.85|0.0||
ALOT|69|NASDAQ|2019|12|30|15|30|28000|14.15|13.76|13.79|13.76|0.0||
ALOT|70|NASDAQ|2019|12|27|15|30|29000|13.81|13.57|13.75|13.64|0.0||
ALOT|71|NASDAQ|2019|12|26|15|30|18200|13.86|13.5|13.69|13.75|0.0||
ALOT|72|NASDAQ|2019|12|24|15|30|16100|13.88|13.61|13.75|13.61|0.0||
ALOT|73|NASDAQ|2019|12|23|15|30|43300|13.78|13.47|13.7|13.49|0.0||
ALOT|74|NASDAQ|2019|12|20|15|30|95400|13.99|13.45|13.47|13.77|0.0||
ALOT|75|NASDAQ|2019|12|19|15|30|77400|14.13|13.6|13.75|13.75|0.0||
ALOT|76|NASDAQ|2019|12|18|15|30|53800|13.8|13.55|13.75|13.65|0.0||
ALOT|77|NASDAQ|2019|12|17|15|30|100700|13.88|13.4|13.59|13.73|0.0||
ALOT|78|NASDAQ|2019|12|16|15|30|99600|14.1|13.52|13.6|14.1|0.0||
ALOT|79|NASDAQ|2019|12|13|15|30|76100|14.15|13.99|14.05|14.1|0.0||
ALOT|80|NASDAQ|2019|12|12|15|30|20200|14.15|13.96|14.05|14.04|0.0||
ALOT|81|NASDAQ|2019|12|11|15|30|39100|14.24|14.01|14.08|14.24|0.0||
ALOT|82|NASDAQ|2019|12|10|15|30|57100|14.16|14.0|14.15|14.1|0.0||
ALOT|83|NASDAQ|2019|12|9|15|30|40900|14.2|14.06|14.06|14.11|0.0||
ALOT|84|NASDAQ|2019|12|6|15|30|64700|14.33|14.05|14.14|14.1|0.0||
ALOT|85|NASDAQ|2019|12|5|15|30|46800|14.3|13.89|14.0|14.3|0.0||
ALOT|86|NASDAQ|2019|12|4|15|30|112300|14.55|13.75|14.17|14.11|0.0||
ALOT|87|NASDAQ|2019|12|3|15|30|29100|15.25|14.5|14.61|15.25|0.0||
ALOT|88|NASDAQ|2019|12|2|15|30|9900|15.46|15.03|15.16|15.46|0.0||
ALOT|89|NASDAQ|2019|11|29|15|30|4000|15.55|15.24|15.45|15.26|0.0||
ALOT|90|NASDAQ|2019|11|27|15|30|30400|15.51|15.04|15.39|15.29|0.0||
ALOT|91|NASDAQ|2019|11|26|15|30|21900|15.85|15.2|15.47|15.23|0.0||
ALOT|92|NASDAQ|2019|11|25|15|30|26700|15.23|15.02|15.17|15.07|0.0||
ALOT|93|NASDAQ|2019|11|22|15|30|57400|15.15|14.9|15.05|14.97|0.0||
ALOT|94|NASDAQ|2019|11|21|15|30|84500|16.07|14.76|14.99|15.5|0.0||
ALOT|95|NASDAQ|2019|11|20|15|30|17400|16.200001|15.59|15.64|16.1|0.0||
ALOT|96|NASDAQ|2019|11|19|15|30|16100|16.299999|15.94|16.16|16.25|0.0||
ALOT|97|NASDAQ|2019|11|18|15|30|8500|16.17|16.0|16.110001|16.01|0.0||
ALOT|98|NASDAQ|2019|11|15|15|30|8400|16.32|16.040001|16.040001|16.219998999999998|0.0||
ALOT|99|NASDAQ|2019|11|14|15|30|5100|16.219998999999998|16.01|16.15|16.200001|0.0||
ALOT|100|NASDAQ|2019|11|13|15|30|22400|16.469998999999998|16.040001|16.1|16.389999|0.0||
ALOT|101|NASDAQ|2019|11|12|15|30|12100|16.870001000000002|16.370001000000002|16.42|16.65|0.0||
ALOT|102|NASDAQ|2019|11|11|15|30|22400|16.98|16.32|16.790001|16.639999|0.0||
ALOT|103|NASDAQ|2019|11|8|15|30|17200|16.780001000000002|16.299999|16.690001000000002|16.41|0.0||
ALOT|104|NASDAQ|2019|11|7|15|30|23100|16.629998999999998|16.200001|16.49|16.51|0.0||
ALOT|105|NASDAQ|2019|11|6|15|30|12500|16.66|16.33|16.450001|16.35|0.0||
ALOT|106|NASDAQ|2019|11|5|15|30|12400|16.59|16.25|16.459999|16.459999|0.0||
ALOT|107|NASDAQ|2019|11|4|15|30|27900|16.74|15.99|16.35|16.25|0.0||
ALOT|108|NASDAQ|2019|11|1|14|30|23400|16.24|15.73|16.24|15.94|0.0||
ALOT|109|NASDAQ|2019|10|31|14|30|18500|15.89|15.5|15.86|15.71|0.0||
ALOT|110|NASDAQ|2019|10|30|14|30|12700|16.040001|15.44|15.7|15.71|0.0||
ALOT|111|NASDAQ|2019|10|29|14|30|25100|16.08|15.47|15.68|15.85|0.0||
ALOT|112|NASDAQ|2019|10|28|14|30|13500|16.110001|15.59|15.86|15.74|0.0||
ALOT|113|NASDAQ|2019|10|25|15|30|12600|15.78|15.48|15.6|15.55|0.0||
ALOT|114|NASDAQ|2019|10|24|15|30|19200|16.030001000000002|15.5|15.56|16.030001000000002|0.0||
ALOT|115|NASDAQ|2019|10|23|15|30|30000|16.35|15.84|15.92|16.309998999999998|0.0||
ALOT|116|NASDAQ|2019|10|22|15|30|29300|16.309998999999998|15.89|16.209999|16.110001|0.0||
ALOT|117|NASDAQ|2019|10|21|15|30|29900|16.16|15.66|16.1|15.81|0.0||
ALOT|118|NASDAQ|2019|10|18|15|30|38500|16.360001|15.65|15.75|16.08|0.0||
ALOT|119|NASDAQ|2019|10|17|15|30|37800|16.26|15.85|16.16|15.85|0.0||
ALOT|120|NASDAQ|2019|10|16|15|30|22800|16.219998999999998|15.6|15.94|15.91|0.0||
ALOT|121|NASDAQ|2019|10|15|15|30|31100|16.09|15.4|15.92|15.61|0.0||
ALOT|122|NASDAQ|2019|10|14|15|30|61900|16.309998999999998|15.24|15.7|15.76|0.0||
ALOT|123|NASDAQ|2019|10|11|15|30|35400|16.370001000000002|15.7|16.200001|15.76|||
ALOT|124|NASDAQ|2019|10|10|15|30|45000|15.88|15.23|15.75|15.23|||
ALOT|125|NASDAQ|2019|10|9|15|30|29300|15.61|15.25|15.31|15.5|||
ALOT|126|NASDAQ|2019|10|8|15|30|34200|15.74|15.17|15.4|15.46|||
ALPN|0|NASDAQ|2020|4|8|20|9|5242|2.881|2.65|2.82|2.65|||
ALPN|1|NASDAQ|2020|4|7|15|30|7000|2.96|2.75|2.78|2.96|||
ALPN|2|NASDAQ|2020|4|6|15|30|11300|2.99|2.515|2.77|2.99|||
ALPN|3|NASDAQ|2020|4|3|15|30|6900|2.95|2.69|2.88|2.85|||
ALPN|4|NASDAQ|2020|4|2|15|30|5400|2.925|2.76|2.8|2.89|||
ALPN|5|NASDAQ|2020|4|1|15|30|10000|3.0|2.6180000000000003|2.88|2.927|0.0||
ALPN|6|NASDAQ|2020|3|31|15|30|27000|3.0|2.6|2.88|3.0|0.0||
ALPN|7|NASDAQ|2020|3|30|15|30|10600|2.87|2.5|2.5|2.57|1.0||
ALPN|8|NASDAQ|2020|3|27|14|30|12700|2.6|2.41|2.48|2.41|0.0||
ALPN|9|NASDAQ|2020|3|26|14|30|5000|2.5|2.33|2.4|2.33|1.0||
ALPN|10|NASDAQ|2020|3|25|14|30|2500|2.4|2.29|2.4|2.29|1.0||
ALPN|11|NASDAQ|2020|3|24|14|30|8900|2.39|2.162|2.21|2.2|1.0||
ALPN|12|NASDAQ|2020|3|23|14|30|6900|2.38|2.1|2.199|2.37|0.0||
ALPN|13|NASDAQ|2020|3|20|14|30|5900|2.38|2.156|2.37|2.215|0.0||
ALPN|14|NASDAQ|2020|3|19|14|30|37300|2.41|2.05|2.24|2.4|0.0||
ALPN|15|NASDAQ|2020|3|18|14|30|39200|2.7|2.335|2.4|2.6|0.0||
ALPN|16|NASDAQ|2020|3|17|14|30|116800|2.6|2.13|2.151|2.6|0.0||
ALPN|17|NASDAQ|2020|3|16|14|30|13000|2.81|2.28|2.78|2.28|0.0||
ALPN|18|NASDAQ|2020|3|13|14|30|33500|2.9|2.69|2.8|2.9|0.0||
ALPN|19|NASDAQ|2020|3|12|14|30|26100|2.98|2.64|2.98|2.9|0.0||
ALPN|20|NASDAQ|2020|3|11|14|30|23700|3.05|2.807|2.91|2.99|0.0||
ALPN|21|NASDAQ|2020|3|10|14|30|15800|3.13|3.0|3.0|3.12|0.0||
ALPN|22|NASDAQ|2020|3|9|14|30|16700|3.21|3.003|3.15|3.01|0.0||
ALPN|23|NASDAQ|2020|3|6|15|30|11000|3.4|3.11|3.25|3.2510000000000003|0.0||
ALPN|24|NASDAQ|2020|3|5|15|30|8600|3.29|3.02|3.27|3.28|0.0||
ALPN|25|NASDAQ|2020|3|4|15|30|9000|3.25|3.01|3.25|3.25|0.0||
ALPN|26|NASDAQ|2020|3|3|15|30|12600|3.24|3.015|3.24|3.2|0.0||
ALPN|27|NASDAQ|2020|3|2|15|30|12900|3.17|3.0|3.17|3.08|0.0||
ALPN|28|NASDAQ|2020|2|28|15|30|3600|3.19|2.96|3.12|3.063|0.0||
ALPN|29|NASDAQ|2020|2|27|15|30|36800|3.2|3.0|3.19|3.16|0.0||
ALPN|30|NASDAQ|2020|2|26|15|30|8400|3.21|3.0|3.2|3.105|0.0||
ALPN|31|NASDAQ|2020|2|25|15|30|16600|3.5|3.06|3.06|3.41|0.0||
ALPN|32|NASDAQ|2020|2|24|15|30|16000|3.47|3.1660000000000004|3.395|3.26|0.0||
ALPN|33|NASDAQ|2020|2|21|15|30|7400|3.25|3.188|3.24|3.22|0.0||
ALPN|34|NASDAQ|2020|2|20|15|30|46700|3.33|3.05|3.11|3.33|0.0||
ALPN|35|NASDAQ|2020|2|19|15|30|53100|3.4|3.128|3.33|3.128|0.0||
ALPN|36|NASDAQ|2020|2|18|15|30|19500|3.19|3.0|3.14|3.04|0.0||
ALPN|37|NASDAQ|2020|2|14|15|30|33900|3.04|2.97|3.0|2.97|0.0||
ALPN|38|NASDAQ|2020|2|13|15|30|17700|3.09|2.96|2.96|3.05|0.0||
ALPN|39|NASDAQ|2020|2|12|15|30|31800|3.1|2.894|3.1|3.0|0.0||
ALPN|40|NASDAQ|2020|2|11|15|30|7400|3.0|2.9|3.0|2.91|0.0||
ALPN|41|NASDAQ|2020|2|10|15|30|2300|3.09|2.91|2.91|2.93|0.0||
ALPN|42|NASDAQ|2020|2|7|15|30|24100|3.1|2.97|3.0|3.05|0.0||
ALPN|43|NASDAQ|2020|2|6|15|30|44600|3.25|2.87|3.05|2.99|0.0||
ALPN|44|NASDAQ|2020|2|5|15|30|14200|3.05|2.9|2.9|3.0|0.0||
ALPN|45|NASDAQ|2020|2|4|15|30|14100|3.07|2.99|3.07|3.07|0.0||
ALPN|46|NASDAQ|2020|2|3|15|30|20000|3.08|2.87|2.94|3.0|0.0||
ALPN|47|NASDAQ|2020|1|31|15|30|13800|3.04|2.73|3.0|3.0|0.0||
ALPN|48|NASDAQ|2020|1|30|15|30|16900|3.06|2.85|2.99|3.0|0.0||
ALPN|49|NASDAQ|2020|1|29|15|30|6500|3.016|2.909|2.98|3.0|0.0||
ALPN|50|NASDAQ|2020|1|28|15|30|23400|3.01|2.8|2.9|2.98|0.0||
ALPN|51|NASDAQ|2020|1|27|15|30|22300|3.26|2.9|2.9|3.26|0.0||
ALPN|52|NASDAQ|2020|1|24|15|30|28500|3.5|3.25|3.28|3.5|0.0||
ALPN|53|NASDAQ|2020|1|23|15|30|42300|3.483|3.17|3.23|3.21|0.0||
ALPN|54|NASDAQ|2020|1|22|15|30|38400|3.63|3.1|3.1|3.63|0.0||
ALPN|55|NASDAQ|2020|1|21|15|30|7400|3.65|3.43|3.63|3.565|0.0||
ALPN|56|NASDAQ|2020|1|17|15|30|22700|3.855|3.37|3.37|3.833|0.0||
ALPN|57|NASDAQ|2020|1|16|15|30|23100|4.157|3.73|3.8|4.157|0.0||
ALPN|58|NASDAQ|2020|1|15|15|30|7600|4.26|4.112|4.15|4.26|0.0||
ALPN|59|NASDAQ|2020|1|14|15|30|34400|4.3|4.05|4.25|4.1|0.0||
ALPN|60|NASDAQ|2020|1|13|15|30|54700|4.48|3.72|4.41|3.74|0.0||
ALPN|61|NASDAQ|2020|1|10|15|30|600|3.8|3.78|3.8|3.78|0.0||
ALPN|62|NASDAQ|2020|1|9|15|30|2200|3.88|3.731|3.88|3.85|0.0||
ALPN|63|NASDAQ|2020|1|8|15|30|5600|3.87|3.7|3.76|3.7|1.0||
ALPN|64|NASDAQ|2020|1|7|15|30|7400|3.8|3.59|3.8|3.7|1.0||
ALPN|65|NASDAQ|2020|1|6|15|30|9000|3.88|3.475|3.53|3.88|0.0||
ALPN|66|NASDAQ|2020|1|3|15|30|4000|3.89|3.775|3.89|3.8|0.0||
ALPN|67|NASDAQ|2020|1|2|15|30|4000|3.98|3.52|3.623|3.98|0.0||
ALPN|68|NASDAQ|2019|12|31|15|30|19100|3.905|3.8|3.84|3.8|0.0||
ALPN|69|NASDAQ|2019|12|30|15|30|9200|3.97|3.81|3.82|3.93|0.0||
ALPN|70|NASDAQ|2019|12|27|15|30|18100|3.87|3.534|3.87|3.6|0.0||
ALPN|71|NASDAQ|2019|12|26|15|30|22800|3.81|3.444|3.6|3.56|0.0||
ALPN|72|NASDAQ|2019|12|24|15|30|3200|3.82|3.48|3.68|3.634|0.0||
ALPN|73|NASDAQ|2019|12|23|15|30|26500|3.81|3.42|3.64|3.55|0.0||
ALPN|74|NASDAQ|2019|12|20|15|30|5000|3.75|3.632|3.67|3.64|0.0||
ALPN|75|NASDAQ|2019|12|19|15|30|7300|3.58|3.526|3.55|3.526|0.0||
ALPN|76|NASDAQ|2019|12|18|15|30|13600|3.64|3.38|3.63|3.381|0.0||
ALPN|77|NASDAQ|2019|12|17|15|30|19500|3.655|3.2|3.44|3.5|0.0||
ALPN|78|NASDAQ|2019|12|16|15|30|24800|3.7|3.38|3.63|3.59|0.0||
ALPN|79|NASDAQ|2019|12|13|15|30|1300|3.723|3.503|3.675|3.503|0.0||
ALPN|80|NASDAQ|2019|12|12|15|30|24500|3.84|3.55|3.68|3.553|0.0||
ALPN|81|NASDAQ|2019|12|11|15|30|20500|3.95|3.57|3.61|3.9|0.0||
ALPN|82|NASDAQ|2019|12|10|15|30|22600|3.82|3.156|3.82|3.35|0.0||
ALPN|83|NASDAQ|2019|12|9|15|30|36600|3.6|3.19|3.25|3.213|1.0||
ALPN|84|NASDAQ|2019|12|6|15|30|24600|3.12|2.88|3.07|2.88|1.0||
ALPN|85|NASDAQ|2019|12|5|15|30|12100|2.97|2.83|2.97|2.93|1.0||
ALPN|86|NASDAQ|2019|12|4|15|30|9400|3.085|2.9|2.99|2.99|1.0||
ALPN|87|NASDAQ|2019|12|3|15|30|2900|3.0|2.88|3.0|2.88|0.0||
ALPN|88|NASDAQ|2019|12|2|15|30|11400|3.1|2.8710000000000004|3.005|3.1|0.0||
ALPN|89|NASDAQ|2019|11|29|15|30|10500|3.24|2.949|3.03|3.07|0.0||
ALPN|90|NASDAQ|2019|11|27|15|30|22800|3.0|2.9|3.0|2.91|0.0||
ALPN|91|NASDAQ|2019|11|26|15|30|35900|3.0|2.85|2.9|2.94|0.0||
ALPN|92|NASDAQ|2019|11|25|15|30|59200|3.0|2.8|2.9|3.0|0.0||
ALPN|93|NASDAQ|2019|11|22|15|30|28700|3.0|2.8|2.8|3.0|0.0||
ALPN|94|NASDAQ|2019|11|21|15|30|22300|3.1|2.79|3.05|2.87|0.0||
ALPN|95|NASDAQ|2019|11|20|15|30|9100|2.83|2.575|2.75|2.575|0.0||
ALPN|96|NASDAQ|2019|11|19|15|30|2700|2.74|2.6|2.6|2.62|0.0||
ALPN|97|NASDAQ|2019|11|18|15|30|3700|2.67|2.435|2.66|2.55|0.0||
ALPN|98|NASDAQ|2019|11|15|15|30|1300|2.668|2.33|2.6|2.341|0.0||
ALPN|99|NASDAQ|2019|11|14|15|30|26700|2.74|2.5|2.72|2.55|0.0||
ALPN|100|NASDAQ|2019|11|13|15|30|34000|2.78|2.25|2.5|2.53|0.0||
ALPN|101|NASDAQ|2019|11|12|15|30|51500|2.834|2.449|2.449|2.75|0.0||
ALPN|102|NASDAQ|2019|11|11|15|30|8500|2.928|2.764|2.87|2.8|0.0||
ALPN|103|NASDAQ|2019|11|8|15|30|3800|2.9|2.69|2.85|2.8|0.0||
ALPN|104|NASDAQ|2019|11|7|15|30|3400|2.93|2.81|2.81|2.87|0.0||
ALPN|105|NASDAQ|2019|11|6|15|30|110400|3.28|2.72|2.83|3.2|0.0||
ALPN|106|NASDAQ|2019|11|5|15|30|79500|3.3|3.13|3.24|3.284|0.0||
ALPN|107|NASDAQ|2019|11|4|15|30|49100|3.384|3.24|3.26|3.25|0.0||
ALPN|108|NASDAQ|2019|11|1|14|30|14100|3.57|3.12|3.17|3.37|0.0||
ALPN|109|NASDAQ|2019|10|31|14|30|10900|3.38|3.15|3.34|3.15|0.0||
ALPN|110|NASDAQ|2019|10|30|14|30|28700|3.38|3.25|3.28|3.25|0.0||
ALPN|111|NASDAQ|2019|10|29|14|30|15600|3.42|3.05|3.24|3.05|0.0||
ALPN|112|NASDAQ|2019|10|28|14|30|36500|3.418|2.91|3.0|2.929|0.0||
ALPN|113|NASDAQ|2019|10|25|15|30|24800|3.05|2.7|2.82|2.8|1.0||
ALPN|114|NASDAQ|2019|10|24|15|30|1200|2.96|2.767|2.865|2.96|1.0||
ALPN|115|NASDAQ|2019|10|23|15|30|10400|2.99|2.8|2.97|2.8|0.0||
ALPN|116|NASDAQ|2019|10|22|15|30|4900|2.92|2.82|2.82|2.866|0.0||
ALPN|117|NASDAQ|2019|10|21|15|30|44000|2.87|2.58|2.7|2.7|0.0||
ALPN|118|NASDAQ|2019|10|18|15|30|120600|2.85|2.59|2.69|2.74|0.0||
ALPN|119|NASDAQ|2019|10|17|15|30|154400|2.805|2.51|2.7|2.75|0.0||
ALPN|120|NASDAQ|2019|10|16|15|30|4200|2.99|2.733|2.79|2.8360000000000003|0.0||
ALPN|121|NASDAQ|2019|10|15|15|30|15900|3.07|2.77|2.91|2.79|0.0||
ALPN|122|NASDAQ|2019|10|14|15|30|2100|3.0|2.9|3.0|2.95|0.0||
ALPN|123|NASDAQ|2019|10|11|15|30|25600|2.91|2.73|2.91|2.74|||
ALPN|124|NASDAQ|2019|10|10|15|30|1700|2.906|2.71|2.71|2.859|||
ALPN|125|NASDAQ|2019|10|9|15|30|17000|2.98|2.73|2.94|2.9|||
ALPN|126|NASDAQ|2019|10|8|15|30|23400|2.9760000000000004|2.68|2.85|2.9|||
ALSK|0|NASDAQ|2020|4|8|20|15|108775|1.89|1.78|1.885|1.79|||
ALSK|1|NASDAQ|2020|4|7|15|30|88600|1.79|1.75|1.78|1.77|||
ALSK|2|NASDAQ|2020|4|6|15|30|118100|1.78|1.72|1.76|1.74|||
ALSK|3|NASDAQ|2020|4|3|15|30|68400|1.77|1.65|1.71|1.65|||
ALSK|4|NASDAQ|2020|4|2|15|30|263200|1.77|1.67|1.69|1.71|||
ALSK|5|NASDAQ|2020|4|1|15|30|81200|1.77|1.69|1.74|1.73|0.0||
ALSK|6|NASDAQ|2020|3|31|15|30|77700|1.79|1.67|1.74|1.74|0.0||
ALSK|7|NASDAQ|2020|3|30|15|30|90000|1.79|1.7|1.73|1.71|0.0||
ALSK|8|NASDAQ|2020|3|27|14|30|142500|1.74|1.65|1.73|1.65|0.0||
ALSK|9|NASDAQ|2020|3|26|14|30|191400|1.68|1.59|1.66|1.64|0.0||
ALSK|10|NASDAQ|2020|3|25|14|30|122500|1.72|1.47|1.6|1.61|0.0||
ALSK|11|NASDAQ|2020|3|24|14|30|401300|1.6|1.45|1.58|1.47|0.0||
ALSK|12|NASDAQ|2020|3|23|14|30|490100|1.55|1.44|1.45|1.54|1.0||
ALSK|13|NASDAQ|2020|3|20|14|30|108000|1.63|1.55|1.55|1.6|0.0||
ALSK|14|NASDAQ|2020|3|19|14|30|76300|1.63|1.51|1.6|1.54|0.0||
ALSK|15|NASDAQ|2020|3|18|14|30|129600|1.64|1.5|1.55|1.64|0.0||
ALSK|16|NASDAQ|2020|3|17|14|30|253500|1.69|1.49|1.65|1.62|0.0||
ALSK|17|NASDAQ|2020|3|16|14|30|270400|1.82|1.67|1.67|1.76|0.0||
ALSK|18|NASDAQ|2020|3|13|14|30|138900|1.84|1.67|1.78|1.72|0.0||
ALSK|19|NASDAQ|2020|3|12|14|30|183000|1.8|1.7|1.7|1.79|0.0||
ALSK|20|NASDAQ|2020|3|11|14|30|165600|1.91|1.79|1.83|1.91|0.0||
ALSK|21|NASDAQ|2020|3|10|14|30|314400|1.87|1.75|1.82|1.75|0.0||
ALSK|22|NASDAQ|2020|3|9|14|30|316000|1.94|1.74|1.75|1.94|0.0||
ALSK|23|NASDAQ|2020|3|6|15|30|80700|2.03|2.0|2.0|2.0|0.0||
ALSK|24|NASDAQ|2020|3|5|15|30|28800|2.09|2.01|2.06|2.09|0.0||
ALSK|25|NASDAQ|2020|3|4|15|30|68600|2.15|2.03|2.09|2.15|0.0||
ALSK|26|NASDAQ|2020|3|3|15|30|84900|2.19|2.08|2.15|2.19|0.0||
ALSK|27|NASDAQ|2020|3|2|15|30|164300|2.25|2.03|2.19|2.08|0.0||
ALSK|28|NASDAQ|2020|2|28|15|30|268300|2.12|1.83|2.1|1.84|0.0||
ALSK|29|NASDAQ|2020|2|27|15|30|140400|1.95|1.83|1.89|1.85|0.0||
ALSK|30|NASDAQ|2020|2|26|15|30|114700|1.99|1.89|1.89|1.9|1.0||
ALSK|31|NASDAQ|2020|2|25|15|30|110300|1.99|1.91|1.91|1.99|1.0||
ALSK|32|NASDAQ|2020|2|24|15|30|78300|2.0|1.94|2.0|2.0|0.0||
ALSK|33|NASDAQ|2020|2|21|15|30|57000|2.06|2.02|2.03|2.03|0.0||
ALSK|34|NASDAQ|2020|2|20|15|30|73900|2.07|2.01|2.05|2.06|0.0||
ALSK|35|NASDAQ|2020|2|19|15|30|55100|2.09|1.99|2.08|2.05|0.0||
ALSK|36|NASDAQ|2020|2|18|15|30|103200|2.08|2.0|2.04|2.01|0.0||
ALSK|37|NASDAQ|2020|2|14|15|30|61900|2.14|2.0|2.03|2.1|0.0||
ALSK|38|NASDAQ|2020|2|13|15|30|198900|2.14|2.01|2.1|2.13|0.0||
ALSK|39|NASDAQ|2020|2|12|15|30|68500|2.17|2.1|2.11|2.11|0.0||
ALSK|40|NASDAQ|2020|2|11|15|30|96100|2.22|2.08|2.12|2.15|0.0||
ALSK|41|NASDAQ|2020|2|10|15|30|257300|2.23|2.14|2.16|2.22|0.0||
ALSK|42|NASDAQ|2020|2|7|15|30|98700|2.28|2.12|2.19|2.26|0.0||
ALSK|43|NASDAQ|2020|2|6|15|30|186400|2.27|2.17|2.25|2.2|0.0||
ALSK|44|NASDAQ|2020|2|5|15|30|131100|2.2|2.1|2.17|2.1|0.0||
ALSK|45|NASDAQ|2020|2|4|15|30|65100|2.1|2.06|2.09|2.06|0.0||
ALSK|46|NASDAQ|2020|2|3|15|30|253500|2.21|2.03|2.05|2.05|0.0||
ALSK|47|NASDAQ|2020|1|31|15|30|105500|2.06|1.99|2.04|2.0|0.0||
ALSK|48|NASDAQ|2020|1|30|15|30|638300|2.05|2.01|2.02|2.04|0.0||
ALSK|49|NASDAQ|2020|1|29|15|30|155800|2.06|1.96|2.03|2.0|0.0||
ALSK|50|NASDAQ|2020|1|28|15|30|343600|2.02|1.92|2.0|1.92|0.0||
ALSK|51|NASDAQ|2020|1|27|15|30|59800|1.98|1.93|1.95|1.95|0.0||
ALSK|52|NASDAQ|2020|1|24|15|30|50200|2.0|1.95|1.98|1.97|0.0||
ALSK|53|NASDAQ|2020|1|23|15|30|41100|1.99|1.97|1.97|1.98|0.0||
ALSK|54|NASDAQ|2020|1|22|15|30|81300|1.99|1.94|1.97|1.96|0.0||
ALSK|55|NASDAQ|2020|1|21|15|30|101600|1.99|1.93|1.98|1.99|0.0||
ALSK|56|NASDAQ|2020|1|17|15|30|139400|1.98|1.93|1.97|1.97|0.0||
ALSK|57|NASDAQ|2020|1|16|15|30|129400|1.98|1.94|1.95|1.94|0.0||
ALSK|58|NASDAQ|2020|1|15|15|30|129600|1.97|1.93|1.93|1.93|0.0||
ALSK|59|NASDAQ|2020|1|14|15|30|242000|1.98|1.92|1.92|1.94|0.0||
ALSK|60|NASDAQ|2020|1|13|15|30|163600|1.98|1.92|1.94|1.93|0.0||
ALSK|61|NASDAQ|2020|1|10|15|30|244400|1.94|1.86|1.92|1.86|0.0||
ALSK|62|NASDAQ|2020|1|9|15|30|1171200|1.87|1.81|1.86|1.83|0.0||
ALSK|63|NASDAQ|2020|1|8|15|30|84700|1.84|1.79|1.81|1.79|0.0||
ALSK|64|NASDAQ|2020|1|7|15|30|57700|1.85|1.8|1.84|1.8|0.0||
ALSK|65|NASDAQ|2020|1|6|15|30|95800|1.89|1.79|1.8|1.82|0.0||
ALSK|66|NASDAQ|2020|1|3|15|30|130200|1.88|1.78|1.85|1.81|0.0||
ALSK|67|NASDAQ|2020|1|2|15|30|163500|1.82|1.77|1.8|1.77|0.0||
ALSK|68|NASDAQ|2019|12|31|15|30|108600|1.78|1.76|1.77|1.76|0.0||
ALSK|69|NASDAQ|2019|12|30|15|30|43300|1.79|1.75|1.76|1.76|0.0||
ALSK|70|NASDAQ|2019|12|27|15|30|58200|1.8|1.75|1.77|1.78|0.0||
ALSK|71|NASDAQ|2019|12|26|15|30|61800|1.79|1.75|1.79|1.78|0.0||
ALSK|72|NASDAQ|2019|12|24|15|30|9800|1.77|1.75|1.77|1.75|0.0||
ALSK|73|NASDAQ|2019|12|23|15|30|236100|1.8|1.74|1.77|1.8|0.0||
ALSK|74|NASDAQ|2019|12|20|15|30|72700|1.82|1.75|1.8|1.8|0.0||
ALSK|75|NASDAQ|2019|12|19|15|30|58000|1.81|1.75|1.79|1.77|0.0||
ALSK|76|NASDAQ|2019|12|18|15|30|114700|1.81|1.74|1.79|1.8|0.0||
ALSK|77|NASDAQ|2019|12|17|15|30|99000|1.8|1.78|1.79|1.8|0.0||
ALSK|78|NASDAQ|2019|12|16|15|30|210300|1.79|1.72|1.79|1.76|0.0||
ALSK|79|NASDAQ|2019|12|13|15|30|113100|1.73|1.71|1.72|1.72|0.0||
ALSK|80|NASDAQ|2019|12|12|15|30|168800|1.75|1.69|1.73|1.69|0.0||
ALSK|81|NASDAQ|2019|12|11|15|30|117900|1.71|1.69|1.71|1.7|0.0||
ALSK|82|NASDAQ|2019|12|10|15|30|157800|1.71|1.69|1.69|1.69|0.0||
ALSK|83|NASDAQ|2019|12|9|15|30|30200|1.7|1.68|1.69|1.69|0.0||
ALSK|84|NASDAQ|2019|12|6|15|30|43000|1.72|1.68|1.7|1.69|0.0||
ALSK|85|NASDAQ|2019|12|5|15|30|159000|1.73|1.67|1.69|1.71|0.0||
ALSK|86|NASDAQ|2019|12|4|15|30|23200|1.73|1.7|1.72|1.7|0.0||
ALSK|87|NASDAQ|2019|12|3|15|30|30100|1.73|1.67|1.7|1.73|0.0||
ALSK|88|NASDAQ|2019|12|2|15|30|96800|1.79|1.67|1.7|1.77|0.0||
ALSK|89|NASDAQ|2019|11|29|15|30|30500|1.78|1.75|1.78|1.77|0.0||
ALSK|90|NASDAQ|2019|11|27|15|30|115800|1.8|1.76|1.78|1.76|0.0||
ALSK|91|NASDAQ|2019|11|26|15|30|162500|1.78|1.75|1.77|1.77|0.0||
ALSK|92|NASDAQ|2019|11|25|15|30|38900|1.79|1.77|1.78|1.78|0.0||
ALSK|93|NASDAQ|2019|11|22|15|30|49400|1.81|1.75|1.79|1.81|0.0||
ALSK|94|NASDAQ|2019|11|21|15|30|27300|1.84|1.78|1.8|1.81|0.0||
ALSK|95|NASDAQ|2019|11|20|15|30|71800|1.9|1.82|1.83|1.86|0.0||
ALSK|96|NASDAQ|2019|11|19|15|30|62100|1.88|1.81|1.87|1.81|0.0||
ALSK|97|NASDAQ|2019|11|18|15|30|145900|1.81|1.74|1.81|1.75|0.0||
ALSK|98|NASDAQ|2019|11|15|15|30|99500|1.8|1.69|1.74|1.79|0.0||
ALSK|99|NASDAQ|2019|11|14|15|30|22500|1.82|1.79|1.79|1.81|0.0||
ALSK|100|NASDAQ|2019|11|13|15|30|37700|1.82|1.79|1.81|1.79|0.0||
ALSK|101|NASDAQ|2019|11|12|15|30|58100|1.83|1.65|1.79|1.81|0.0||
ALSK|102|NASDAQ|2019|11|11|15|30|118900|1.82|1.75|1.82|1.78|0.0||
ALSK|103|NASDAQ|2019|11|8|15|30|42600|1.78|1.74|1.76|1.76|0.0||
ALSK|104|NASDAQ|2019|11|7|15|30|248500|1.77|1.6|1.75|1.74|0.0||
ALSK|105|NASDAQ|2019|11|6|15|30|13200|1.76|1.68|1.7|1.76|0.0||
ALSK|106|NASDAQ|2019|11|5|15|30|118800|1.75|1.65|1.73|1.66|0.0||
ALSK|107|NASDAQ|2019|11|4|15|30|23800|1.67|1.64|1.65|1.65|0.0||
ALSK|108|NASDAQ|2019|11|1|14|30|24400|1.66|1.62|1.65|1.64|0.0||
ALSK|109|NASDAQ|2019|10|31|14|30|38600|1.64|1.61|1.64|1.61|0.0||
ALSK|110|NASDAQ|2019|10|30|14|30|23400|1.64|1.61|1.62|1.61|0.0||
ALSK|111|NASDAQ|2019|10|29|14|30|19600|1.64|1.6|1.62|1.63|0.0||
ALSK|112|NASDAQ|2019|10|28|14|30|31000|1.64|1.61|1.63|1.63|0.0||
ALSK|113|NASDAQ|2019|10|25|15|30|22400|1.65|1.64|1.64|1.64|0.0||
ALSK|114|NASDAQ|2019|10|24|15|30|36800|1.67|1.64|1.64|1.65|0.0||
ALSK|115|NASDAQ|2019|10|23|15|30|42100|1.67|1.63|1.65|1.65|0.0||
ALSK|116|NASDAQ|2019|10|22|15|30|32200|1.66|1.63|1.64|1.66|0.0||
ALSK|117|NASDAQ|2019|10|21|15|30|23500|1.67|1.65|1.66|1.66|0.0||
ALSK|118|NASDAQ|2019|10|18|15|30|71000|1.68|1.65|1.66|1.67|0.0||
ALSK|119|NASDAQ|2019|10|17|15|30|12100|1.69|1.67|1.67|1.68|0.0||
ALSK|120|NASDAQ|2019|10|16|15|30|42500|1.69|1.65|1.69|1.66|0.0||
ALSK|121|NASDAQ|2019|10|15|15|30|20500|1.67|1.64|1.65|1.64|0.0||
ALSK|122|NASDAQ|2019|10|14|15|30|26200|1.66|1.64|1.65|1.65|0.0||
ALSK|123|NASDAQ|2019|10|11|15|30|17900|1.67|1.65|1.65|1.65|||
ALSK|124|NASDAQ|2019|10|10|15|30|34400|1.67|1.65|1.65|1.65|||
ALSK|125|NASDAQ|2019|10|9|15|30|18400|1.69|1.65|1.66|1.69|||
ALSK|126|NASDAQ|2019|10|8|15|30|9000|1.69|1.66|1.66|1.66|||
ALYA|0|NASDAQ|2020|4|8|19|45|1990|1.725|1.625|1.725|1.6493|||
ALYA|1|NASDAQ|2020|4|7|15|30|600|1.75|1.74|1.74|1.75|||
ALYA|2|NASDAQ|2020|4|6|15|30|13400|1.77|1.53|1.6|1.77|||
ALYA|3|NASDAQ|2020|4|3|15|30|25900|1.69|1.62|1.66|1.68|||
ALYA|4|NASDAQ|2020|4|2|15|30|8700|1.63|1.54|1.56|1.61|||
ALYA|5|NASDAQ|2020|4|1|15|30|6400|1.73|1.63|1.64|1.63|0.0||
ALYA|6|NASDAQ|2020|3|31|15|30|6900|1.76|1.74|1.74|1.75|0.0||
ALYA|7|NASDAQ|2020|3|30|15|30|9900|1.83|1.72|1.75|1.83|0.0||
ALYA|8|NASDAQ|2020|3|27|14|30|11700|1.81|1.72|1.76|1.75|0.0||
ALYA|9|NASDAQ|2020|3|26|14|30|800|1.75|1.71|1.74|1.71|0.0||
ALYA|10|NASDAQ|2020|3|25|14|30|5000|1.84|1.69|1.75|1.73|0.0||
ALYA|11|NASDAQ|2020|3|24|14|30|3800|1.79|1.53|1.61|1.53|0.0||
ALYA|12|NASDAQ|2020|3|23|14|30|5300|1.99|1.45|1.63|1.99|0.0||
ALYA|13|NASDAQ|2020|3|20|14|30|5000|1.98|1.76|1.86|1.76|0.0||
ALYA|14|NASDAQ|2020|3|19|14|30|5000|1.78|1.2|1.61|1.2|0.0||
ALYA|15|NASDAQ|2020|3|18|14|30|28400|1.67|0.96|1.23|1.67|1.0||
ALYA|16|NASDAQ|2020|3|17|14|30|10500|1.8|1.61|1.61|1.79|0.0||
ALYA|17|NASDAQ|2020|3|16|14|30|17000|2.12|1.53|1.88|2.12|0.0||
ALYA|18|NASDAQ|2020|3|13|14|30|10100|2.25|1.87|2.25|2.05|0.0||
ALYA|19|NASDAQ|2020|3|12|14|30|13600|2.2|1.82|1.97|2.2|0.0||
ALYA|20|NASDAQ|2020|3|11|14|30|18800|2.47|2.17|2.21|2.3|0.0||
ALYA|21|NASDAQ|2020|3|10|14|30|2600|2.5|2.29|2.29|2.5|0.0||
ALYA|22|NASDAQ|2020|3|9|14|30|25700|2.64|2.28|2.45|2.46|0.0||
ALYA|23|NASDAQ|2020|3|6|15|30|1300|2.65|2.46|2.64|2.61|0.0||
ALYA|24|NASDAQ|2020|3|5|15|30|2700|2.63|2.48|2.48|2.63|0.0||
ALYA|25|NASDAQ|2020|3|4|15|30|1300|2.72|2.56|2.57|2.72|0.0||
ALYA|26|NASDAQ|2020|3|3|15|30|1900|2.8|2.57|2.8|2.57|0.0||
ALYA|27|NASDAQ|2020|3|2|15|30|1000|2.58|2.52|2.57|2.52|0.0||
ALYA|28|NASDAQ|2020|2|28|15|30|4800|2.57|2.45|2.54|2.54|0.0||
ALYA|29|NASDAQ|2020|2|27|15|30|11700|2.6|2.5|2.6|2.55|0.0||
ALYA|30|NASDAQ|2020|2|26|15|30|2900|2.79|2.63|2.63|2.78|0.0||
ALYA|31|NASDAQ|2020|2|25|15|30|23800|2.75|2.58|2.74|2.63|0.0||
ALYA|32|NASDAQ|2020|2|24|15|30|3500|2.8|2.68|2.79|2.8|0.0||
ALYA|33|NASDAQ|2020|2|21|15|30|3600|2.82|2.68|2.82|2.68|0.0||
ALYA|34|NASDAQ|2020|2|20|15|30|3200|2.87|2.75|2.75|2.87|0.0||
ALYA|35|NASDAQ|2020|2|19|15|30|5700|2.85|2.63|2.85|2.67|0.0||
ALYA|36|NASDAQ|2020|2|18|15|30|36300|2.92|2.62|2.62|2.92|0.0||
ALYA|37|NASDAQ|2020|2|14|15|30|1800|3.0|2.92|2.92|2.92|0.0||
ALYA|38|NASDAQ|2020|2|13|15|30|9100|3.07|2.71|2.96|3.05|0.0||
ALYA|39|NASDAQ|2020|2|12|15|30|11400|3.15|3.06|3.15|3.1|0.0||
ALYA|40|NASDAQ|2020|2|11|15|30|4500|3.15|3.06|3.13|3.1|0.0||
ALYA|41|NASDAQ|2020|2|10|15|30|2100|3.14|3.05|3.1|3.14|0.0||
ALYA|42|NASDAQ|2020|2|7|15|30|4200|3.09|2.98|3.08|3.09|0.0||
ALYA|43|NASDAQ|2020|2|6|15|30|11400|3.17|3.05|3.08|3.13|0.0||
ALYA|44|NASDAQ|2020|2|5|15|30|29200|3.12|2.91|3.08|2.93|0.0||
ALYA|45|NASDAQ|2020|2|4|15|30|4100|2.92|2.81|2.88|2.81|0.0||
ALYA|46|NASDAQ|2020|2|3|15|30|700|2.89|2.76|2.82|2.89|0.0||
ALYA|47|NASDAQ|2020|1|31|15|30|2400|2.84|2.77|2.83|2.84|0.0||
ALYA|48|NASDAQ|2020|1|30|15|30|5600|2.9|2.79|2.89|2.85|0.0||
ALYA|49|NASDAQ|2020|1|29|15|30|2000|2.8|2.66|2.8|2.66|0.0||
ALYA|50|NASDAQ|2020|1|28|15|30|1800|2.68|2.65|2.68|2.65|0.0||
ALYA|51|NASDAQ|2020|1|27|15|30|4800|2.66|2.55|2.62|2.65|0.0||
ALYA|52|NASDAQ|2020|1|24|15|30|2100|2.67|2.52|2.67|2.52|0.0||
ALYA|53|NASDAQ|2020|1|23|15|30|1500|2.67|2.53|2.53|2.67|0.0||
ALYA|54|NASDAQ|2020|1|22|15|30|10600|2.77|2.64|2.75|2.75|0.0||
ALYA|55|NASDAQ|2020|1|21|15|30|22000|2.79|2.71|2.79|2.76|0.0||
ALYA|56|NASDAQ|2020|1|17|15|30|8400|2.86|2.78|2.82|2.86|0.0||
ALYA|57|NASDAQ|2020|1|16|15|30|4300|2.85|2.8|2.85|2.8|0.0||
ALYA|58|NASDAQ|2020|1|15|15|30|13600|2.88|2.77|2.77|2.83|0.0||
ALYA|59|NASDAQ|2020|1|14|15|30|16900|2.87|2.83|2.83|2.84|0.0||
ALYA|60|NASDAQ|2020|1|13|15|30|17700|2.85|2.78|2.84|2.81|0.0||
ALYA|61|NASDAQ|2020|1|10|15|30|6400|2.81|2.74|2.74|2.75|0.0||
ALYA|62|NASDAQ|2020|1|9|15|30|3800|2.83|2.75|2.76|2.82|0.0||
ALYA|63|NASDAQ|2020|1|8|15|30|6900|2.89|2.85|2.86|2.89|0.0||
ALYA|64|NASDAQ|2020|1|7|15|30|17900|2.87|2.78|2.87|2.83|0.0||
ALYA|65|NASDAQ|2020|1|6|15|30|4900|2.84|2.7|2.83|2.84|0.0||
ALYA|66|NASDAQ|2020|1|3|15|30|9000|2.86|2.8|2.85|2.8|0.0||
ALYA|67|NASDAQ|2020|1|2|15|30|11000|2.86|2.78|2.86|2.78|0.0||
ALYA|68|NASDAQ|2019|12|31|15|30|106900|2.85|2.62|2.78|2.85|0.0||
ALYA|69|NASDAQ|2019|12|30|15|30|1500|2.86|2.82|2.83|2.86|0.0||
ALYA|70|NASDAQ|2019|12|27|15|30|27900|2.91|2.7|2.88|2.7|0.0||
ALYA|71|NASDAQ|2019|12|26|15|30|700|2.83|2.83|2.83|2.83|0.0||
ALYA|72|NASDAQ|2019|12|24|15|30|9600|2.95|2.85|2.85|2.94|0.0||
ALYA|73|NASDAQ|2019|12|23|15|30|23400|2.95|2.9|2.9|2.92|0.0||
ALYA|74|NASDAQ|2019|12|20|15|30|18600|2.97|2.9|2.9|2.9|0.0||
ALYA|75|NASDAQ|2019|12|19|15|30|31800|3.0|2.92|2.97|2.95|0.0||
ALYA|76|NASDAQ|2019|12|18|15|30|16600|2.95|2.59|2.88|2.59|0.0||
ALYA|77|NASDAQ|2019|12|17|15|30|46100|2.73|2.6|2.62|2.65|0.0||
ALYA|78|NASDAQ|2019|12|16|15|30|26000|2.72|2.54|2.54|2.72|1.0||
ALYA|79|NASDAQ|2019|12|13|15|30|75900|2.56|2.43|2.48|2.52|1.0||
ALYA|80|NASDAQ|2019|12|12|15|30|7200|2.57|2.47|2.48|2.57|1.0||
ALYA|81|NASDAQ|2019|12|11|15|30|37700|2.62|2.48|2.52|2.54|0.0||
ALYA|82|NASDAQ|2019|12|10|15|30|46600|2.59|2.4|2.47|2.4|0.0||
ALYA|83|NASDAQ|2019|12|9|15|30|46600|2.45|2.21|2.4|2.21|0.0||
ALYA|84|NASDAQ|2019|12|6|15|30|60300|2.2|2.01|2.18|2.19|1.0||
ALYA|85|NASDAQ|2019|12|5|15|30|4900|2.2|2.19|2.2|2.19|1.0||
ALYA|86|NASDAQ|2019|12|4|15|30|20900|2.28|2.19|2.21|2.23|0.0||
ALYA|87|NASDAQ|2019|12|3|15|30|14600|2.25|2.16|2.24|2.23|0.0||
ALYA|88|NASDAQ|2019|12|2|15|30|2100|2.27|2.23|2.27|2.23|0.0||
ALYA|89|NASDAQ|2019|11|29|15|30|3100|2.26|2.24|2.25|2.26|0.0||
ALYA|90|NASDAQ|2019|11|27|15|30|11500|2.26|2.23|2.26|2.25|0.0||
ALYA|91|NASDAQ|2019|11|26|15|30|20200|2.29|2.21|2.23|2.23|0.0||
ALYA|92|NASDAQ|2019|11|25|15|30|20600|2.42|2.22|2.24|2.42|0.0||
ALYA|93|NASDAQ|2019|11|22|15|30|5100|2.5|2.4|2.45|2.5|0.0||
ALYA|94|NASDAQ|2019|11|21|15|30|8600|2.4|2.34|2.34|2.37|0.0||
ALYA|95|NASDAQ|2019|11|20|15|30|9700|2.53|2.34|2.34|2.48|0.0||
ALYA|96|NASDAQ|2019|11|19|15|30|2100|2.61|2.51|2.51|2.61|0.0||
ALYA|97|NASDAQ|2019|11|18|15|30|2900|2.65|2.59|2.61|2.65|0.0||
ALYA|98|NASDAQ|2019|11|15|15|30|12700|2.72|2.55|2.63|2.66|0.0||
ALYA|99|NASDAQ|2019|11|14|15|30|22900|2.64|2.43|2.57|2.43|0.0||
ALYA|100|NASDAQ|2019|11|13|15|30|36100|2.92|2.15|2.15|2.92|1.0||
ALYA|101|NASDAQ|2019|11|12|15|30|28400|2.96|2.9|2.92|2.92|0.0||
ALYA|102|NASDAQ|2019|11|11|15|30|51600|2.93|2.87|2.89|2.88|0.0||
ALYA|103|NASDAQ|2019|11|8|15|30|24600|2.92|2.84|2.9|2.86|0.0||
ALYA|104|NASDAQ|2019|11|7|15|30|32700|2.85|2.73|2.85|2.75|0.0||
ALYA|105|NASDAQ|2019|11|6|15|30|5000|2.76|2.74|2.75|2.74|0.0||
ALYA|106|NASDAQ|2019|11|5|15|30|2900|2.79|2.73|2.76|2.79|0.0||
ALYA|107|NASDAQ|2019|11|4|15|30|6900|2.86|2.73|2.83|2.79|0.0||
ALYA|108|NASDAQ|2019|11|1|14|30|21900|2.79|2.72|2.77|2.75|0.0||
ALYA|109|NASDAQ|2019|10|31|14|30|95000|2.79|2.71|2.71|2.79|0.0||
ALYA|110|NASDAQ|2019|10|30|14|30|2700|2.79|2.77|2.79|2.79|0.0||
ALYA|111|NASDAQ|2019|10|29|14|30|1700|2.79|2.73|2.79|2.73|0.0||
ALYA|112|NASDAQ|2019|10|28|14|30|900|2.76|2.73|2.73|2.75|0.0||
ALYA|113|NASDAQ|2019|10|25|15|30|1600|2.76|2.73|2.73|2.76|0.0||
ALYA|114|NASDAQ|2019|10|24|15|30|12400|2.86|2.73|2.73|2.86|0.0||
ALYA|115|NASDAQ|2019|10|23|15|30|14100|2.83|2.77|2.82|2.82|0.0||
ALYA|116|NASDAQ|2019|10|22|15|30|6600|2.82|2.73|2.73|2.82|0.0||
ALYA|117|NASDAQ|2019|10|21|15|30|1500|2.9|2.83|2.9|2.87|0.0||
ALYA|118|NASDAQ|2019|10|18|15|30|2300|2.85|2.8|2.85|2.83|0.0||
ALYA|119|NASDAQ|2019|10|17|15|30|1200|2.82|2.78|2.78|2.8|0.0||
ALYA|120|NASDAQ|2019|10|16|15|30|10800|2.86|2.8|2.8|2.84|0.0||
ALYA|121|NASDAQ|2019|10|15|15|30|7400|2.86|2.8|2.8|2.83|0.0||
ALYA|122|NASDAQ|2019|10|14|15|30|8300|2.85|2.73|2.82|2.75|0.0||
ALYA|123|NASDAQ|2019|10|11|15|30|8200|2.91|2.88|2.88|2.89|||
ALYA|124|NASDAQ|2019|10|10|15|30|7100|2.92|2.87|2.87|2.92|||
ALYA|125|NASDAQ|2019|10|9|15|30|8900|2.95|2.87|2.92|2.91|||
ALYA|126|NASDAQ|2019|10|8|15|30|11900|3.0|2.87|2.91|3.0|||
AMAL|0|NASDAQ|2020|4|8|20|12|71346|9.81|9.125|9.34|9.25|||
AMAL|1|NASDAQ|2020|4|7|15|30|118500|9.59|8.78|9.03|9.18|||
AMAL|2|NASDAQ|2020|4|6|15|30|117900|10.16|8.45|9.0|9.28|||
AMAL|3|NASDAQ|2020|4|3|15|30|57500|9.37|8.5|8.84|8.67|||
AMAL|4|NASDAQ|2020|4|2|15|30|240100|9.53|8.65|8.89|9.15|||
AMAL|5|NASDAQ|2020|4|1|15|30|95700|11.16|9.19|9.26|10.77|0.0||
AMAL|6|NASDAQ|2020|3|31|15|30|178000|10.88|9.59|10.82|10.17|0.0||
AMAL|7|NASDAQ|2020|3|30|15|30|152700|10.53|8.74|10.32|9.14|0.0||
AMAL|8|NASDAQ|2020|3|27|14|30|187900|10.44|8.47|9.22|9.7|0.0||
AMAL|9|NASDAQ|2020|3|26|14|30|107800|10.0|9.01|9.78|9.17|0.0||
AMAL|10|NASDAQ|2020|3|25|14|30|118500|9.33|8.55|9.0|9.02|0.0||
AMAL|11|NASDAQ|2020|3|24|14|30|191000|9.55|8.43|9.0|8.73|1.0||
AMAL|12|NASDAQ|2020|3|23|14|30|143700|9.37|7.9|8.13|9.23|1.0||
AMAL|13|NASDAQ|2020|3|20|14|30|249900|11.75|8.86|9.08|10.07|0.0||
AMAL|14|NASDAQ|2020|3|19|14|30|283400|10.33|8.47|10.11|8.85|0.0||
AMAL|15|NASDAQ|2020|3|18|14|30|307500|9.55|8.88|8.89|9.12|0.0||
AMAL|16|NASDAQ|2020|3|17|14|30|460400|10.57|9.18|9.71|10.55|0.0||
AMAL|17|NASDAQ|2020|3|16|14|30|167700|10.95|10.18|10.39|10.67|0.0||
AMAL|18|NASDAQ|2020|3|13|14|30|225400|12.78|11.25|11.77|12.2|0.0||
AMAL|19|NASDAQ|2020|3|12|14|30|238800|12.67|11.53|11.67|12.42|0.0||
AMAL|20|NASDAQ|2020|3|11|14|30|256100|13.89|12.99|13.02|13.88|0.0||
AMAL|21|NASDAQ|2020|3|10|14|30|160500|14.97|14.07|14.23|14.76|0.0||
AMAL|22|NASDAQ|2020|3|9|14|30|104300|15.69|13.73|14.45|14.69|0.0||
AMAL|23|NASDAQ|2020|3|6|15|30|131000|15.78|15.07|15.64|15.2|0.0||
AMAL|24|NASDAQ|2020|3|5|15|30|76900|16.01|15.56|15.8|16.01|0.0||
AMAL|25|NASDAQ|2020|3|4|15|30|72300|16.5|15.92|16.5|16.370001000000002|0.0||
AMAL|26|NASDAQ|2020|3|3|15|30|93600|16.99|15.86|16.110001|16.99|0.0||
AMAL|27|NASDAQ|2020|3|2|15|30|116000|17.190001000000002|15.97|17.02|16.129998999999998|0.0||
AMAL|28|NASDAQ|2020|2|28|15|30|106500|16.549999|15.35|16.01|15.74|0.0||
AMAL|29|NASDAQ|2020|2|27|15|30|88400|17.5|16.1|16.120001000000002|17.190001000000002|0.0||
AMAL|30|NASDAQ|2020|2|26|15|30|54600|17.75|17.280001000000002|17.57|17.49|0.0||
AMAL|31|NASDAQ|2020|2|25|15|30|133200|17.83|17.16|17.389999|17.74|0.0||
AMAL|32|NASDAQ|2020|2|24|15|30|59000|18.18|17.530001000000002|17.639999|17.68|0.0||
AMAL|33|NASDAQ|2020|2|21|15|30|28700|18.549999|18.049999|18.200001|18.43|0.0||
AMAL|34|NASDAQ|2020|2|20|15|30|31900|18.559999|18.15|18.42|18.15|0.0||
AMAL|35|NASDAQ|2020|2|19|15|30|158600|18.440001|18.08|18.34|18.200001|0.0||
AMAL|36|NASDAQ|2020|2|18|15|30|25400|18.25|18.01|18.129999|18.139999|0.0||
AMAL|37|NASDAQ|2020|2|14|15|30|31500|18.790001|18.07|18.139999|18.690001|0.0||
AMAL|38|NASDAQ|2020|2|13|15|30|26400|19.27|18.52|18.75|19.27|0.0||
AMAL|39|NASDAQ|2020|2|12|15|30|36000|18.9|18.48|18.59|18.719999|0.0||
AMAL|40|NASDAQ|2020|2|11|15|30|41800|19.4|18.51|18.690001|18.85|0.0||
AMAL|41|NASDAQ|2020|2|10|15|30|61800|19.1|18.389999|18.76|18.42|0.0||
AMAL|42|NASDAQ|2020|2|7|15|30|34400|18.52|18.290001|18.48|18.360001|0.0||
AMAL|43|NASDAQ|2020|2|6|15|30|36400|18.959999|18.35|18.42|18.959999|0.0||
AMAL|44|NASDAQ|2020|2|5|15|30|25800|19.4|18.73|18.84|19.120001|0.0||
AMAL|45|NASDAQ|2020|2|4|15|30|74800|19.43|18.299999|18.719999|19.35|0.0||
AMAL|46|NASDAQ|2020|2|3|15|30|126000|18.1|17.33|17.9|17.530001000000002|0.0||
AMAL|47|NASDAQ|2020|1|31|15|30|61600|19.280001|16.76|17.24|17.799999|0.0||
AMAL|48|NASDAQ|2020|1|30|15|30|64300|17.4|17.040001|17.370001000000002|17.049999|0.0||
AMAL|49|NASDAQ|2020|1|29|15|30|76100|17.58|17.17|17.25|17.58|0.0||
AMAL|50|NASDAQ|2020|1|28|15|30|105800|18.219999|17.52|17.549999|18.040001|0.0||
AMAL|51|NASDAQ|2020|1|27|15|30|28400|18.26|17.9|17.969998999999994|17.9|0.0||
AMAL|52|NASDAQ|2020|1|24|15|30|30400|18.66|18.0|18.219999|18.66|0.0||
AMAL|53|NASDAQ|2020|1|23|15|30|58600|18.610001|18.24|18.5|18.360001|0.0||
AMAL|54|NASDAQ|2020|1|22|15|30|39000|18.799999|18.33|18.540001|18.799999|0.0||
AMAL|55|NASDAQ|2020|1|21|15|30|113700|18.93|18.67|18.74|18.9|0.0||
AMAL|56|NASDAQ|2020|1|17|15|30|32700|19.26|18.85|18.950001|19.26|0.0||
AMAL|57|NASDAQ|2020|1|16|15|30|29300|19.43|18.91|19.1|19.290001|0.0||
AMAL|58|NASDAQ|2020|1|15|15|30|39400|19.290001|19.049999|19.110001|19.1|0.0||
AMAL|59|NASDAQ|2020|1|14|15|30|36300|19.25|19.01|19.15|19.15|0.0||
AMAL|60|NASDAQ|2020|1|13|15|30|35100|19.290001|18.959999|19.18|18.99|0.0||
AMAL|61|NASDAQ|2020|1|10|15|30|37200|19.07|18.85|19.040001|19.0|0.0||
AMAL|62|NASDAQ|2020|1|9|15|30|27700|19.08|18.75|19.02|19.0|0.0||
AMAL|63|NASDAQ|2020|1|8|15|30|49100|19.110001|18.73|19.0|18.73|0.0||
AMAL|64|NASDAQ|2020|1|7|15|30|55000|18.959999|18.5|18.639999|18.959999|0.0||
AMAL|65|NASDAQ|2020|1|6|15|30|73300|19.1|18.110001|18.889999|19.09|0.0||
AMAL|66|NASDAQ|2020|1|3|15|30|72900|19.24|18.719999|19.18|19.07|0.0||
AMAL|67|NASDAQ|2020|1|2|15|30|50200|19.540001|19.030001|19.25|19.42|0.0||
AMAL|68|NASDAQ|2019|12|31|15|30|37900|19.700001|19.4|19.450001|19.559999|0.0||
AMAL|69|NASDAQ|2019|12|30|15|30|58900|19.719999|19.370001|19.57|19.6|0.0||
AMAL|70|NASDAQ|2019|12|27|15|30|52100|19.799999|19.43|19.59|19.65|0.0||
AMAL|71|NASDAQ|2019|12|26|15|30|39000|19.799999|19.549999|19.690001|19.610001|0.0||
AMAL|72|NASDAQ|2019|12|24|15|30|23900|19.76|19.48|19.76|19.709999|0.0||
AMAL|73|NASDAQ|2019|12|23|15|30|117200|19.959999|19.58|19.709999|19.83|0.0||
AMAL|74|NASDAQ|2019|12|20|15|30|318300|19.98|19.57|19.940001|19.870001|0.0||
AMAL|75|NASDAQ|2019|12|19|15|30|41500|19.889999|19.700001|19.85|19.889999|0.0||
AMAL|76|NASDAQ|2019|12|18|15|30|50900|19.959999|19.719999|19.879999|19.959999|0.0||
AMAL|77|NASDAQ|2019|12|17|15|30|44400|19.98|19.700001|19.84|19.969999|0.0||
AMAL|78|NASDAQ|2019|12|16|15|30|49000|20.0|19.790001|19.85|19.93|0.0||
AMAL|79|NASDAQ|2019|12|13|15|30|66900|19.91|19.6|19.75|19.799999|0.0||
AMAL|80|NASDAQ|2019|12|12|15|30|87900|19.950001|19.68|19.85|19.700001|0.0||
AMAL|81|NASDAQ|2019|12|11|15|30|36800|19.799999|19.49|19.67|19.799999|0.0||
AMAL|82|NASDAQ|2019|12|10|15|30|40100|19.91|19.48|19.790001|19.610001|0.0||
AMAL|83|NASDAQ|2019|12|9|15|30|65600|19.809999|19.52|19.629999|19.66|0.0||
AMAL|84|NASDAQ|2019|12|6|15|30|72100|19.77|19.469999|19.65|19.469999|0.0||
AMAL|85|NASDAQ|2019|12|5|15|30|43100|19.33|19.120001|19.309999|19.23|0.0||
AMAL|86|NASDAQ|2019|12|4|15|30|83200|19.23|19.040001|19.1|19.040001|0.0||
AMAL|87|NASDAQ|2019|12|3|15|30|49900|18.98|18.74|18.92|18.950001|0.0||
AMAL|88|NASDAQ|2019|12|2|15|30|79700|19.17|18.860001|19.049999|19.17|0.0||
AMAL|89|NASDAQ|2019|11|29|15|30|18700|19.190001|18.99|19.120001|19.17|0.0||
AMAL|90|NASDAQ|2019|11|27|15|30|31700|19.48|19.23|19.27|19.459999|0.0||
AMAL|91|NASDAQ|2019|11|26|15|30|50800|19.440001|19.15|19.32|19.280001|0.0||
AMAL|92|NASDAQ|2019|11|25|15|30|36600|19.360001|18.950001|19.34|19.07|0.0||
AMAL|93|NASDAQ|2019|11|22|15|30|87100|19.139999|18.91|19.0|18.99|0.0||
AMAL|94|NASDAQ|2019|11|21|15|30|31700|19.049999|18.790001|18.93|19.049999|0.0||
AMAL|95|NASDAQ|2019|11|20|15|30|125100|19.26|18.799999|18.969999|19.030001|0.0||
AMAL|96|NASDAQ|2019|11|19|15|30|64100|19.27|19.0|19.08|19.24|0.0||
AMAL|97|NASDAQ|2019|11|18|15|30|33300|19.200001|18.82|19.1|18.98|0.0||
AMAL|98|NASDAQ|2019|11|15|15|30|85800|19.17|18.77|19.030001|18.969999|0.0||
AMAL|99|NASDAQ|2019|11|14|15|30|46300|19.040001|18.73|18.84|18.91|0.0||
AMAL|100|NASDAQ|2019|11|13|15|30|63000|19.08|18.65|18.969999|18.889999|0.0||
AMAL|101|NASDAQ|2019|11|12|15|30|70500|19.049999|18.68|18.959999|18.75|0.0||
AMAL|102|NASDAQ|2019|11|11|15|30|69500|18.75|18.23|18.74|18.370001|0.0||
AMAL|103|NASDAQ|2019|11|8|15|30|46500|18.639999|18.32|18.450001|18.540001|0.0||
AMAL|104|NASDAQ|2019|11|7|15|30|53100|18.75|18.549999|18.6|18.66|0.0||
AMAL|105|NASDAQ|2019|11|6|15|30|85900|18.709999|18.299999|18.549999|18.549999|0.0||
AMAL|106|NASDAQ|2019|11|5|15|30|136700|18.77|18.370001|18.540001|18.719999|0.0||
AMAL|107|NASDAQ|2019|11|4|15|30|114200|18.85|18.469999|18.58|18.85|0.0||
AMAL|108|NASDAQ|2019|11|1|14|30|158500|18.6|18.049999|18.59|18.209999|0.0||
AMAL|109|NASDAQ|2019|10|31|14|30|200000|18.23|17.65|18.209999|17.700001|0.0||
AMAL|110|NASDAQ|2019|10|30|14|30|249700|17.73|17.25|17.709999|17.35|0.0||
AMAL|111|NASDAQ|2019|10|29|14|30|519900|17.4|16.93|17.34|17.15|0.0||
AMAL|112|NASDAQ|2019|10|28|14|30|140000|17.68|16.809998999999998|17.01|17.6|0.0||
AMAL|113|NASDAQ|2019|10|25|15|30|41700|17.440001000000002|17.110001|17.290001|17.110001|0.0||
AMAL|114|NASDAQ|2019|10|24|15|30|65500|17.440001000000002|17.049999|17.15|17.32|0.0||
AMAL|115|NASDAQ|2019|10|23|15|30|24300|17.33|16.99|17.25|17.33|0.0||
AMAL|116|NASDAQ|2019|10|22|15|30|29500|17.5|17.110001|17.33|17.5|0.0||
AMAL|117|NASDAQ|2019|10|21|15|30|43300|17.57|17.26|17.360001|17.459999|0.0||
AMAL|118|NASDAQ|2019|10|18|15|30|62900|17.59|17.24|17.389999|17.35|0.0||
AMAL|119|NASDAQ|2019|10|17|15|30|110400|17.5|17.120001000000002|17.4|17.15|0.0||
AMAL|120|NASDAQ|2019|10|16|15|30|60500|17.219998999999998|16.879998999999998|17.17|17.09|0.0||
AMAL|121|NASDAQ|2019|10|15|15|30|92300|17.4|16.700001|17.219998999999998|17.040001|0.0||
AMAL|122|NASDAQ|2019|10|14|15|30|95300|17.200001|16.5|16.99|17.01|0.0||
AMAL|123|NASDAQ|2019|10|11|15|30|144500|17.25|16.35|17.110001|16.52|||
AMAL|124|NASDAQ|2019|10|10|15|30|131200|16.440001000000002|16.129998999999998|16.299999|16.129998999999998|||
AMAL|125|NASDAQ|2019|10|9|15|30|102600|16.290001|15.99|16.09|16.18|||
AMAL|126|NASDAQ|2019|10|8|15|30|362400|16.17|16.030001000000002|16.09|16.15|||
AMKR|0|NASDAQ|2020|4|8|20|16|660276|9.28|8.72|9.1758|8.92|||
AMKR|1|NASDAQ|2020|4|7|15|30|1652600|9.17|8.65|8.77|8.97|||
AMKR|2|NASDAQ|2020|4|6|15|30|1514000|8.57|7.75|8.53|7.88|||
AMKR|3|NASDAQ|2020|4|3|15|30|1517400|7.52|7.14|7.39|7.38|||
AMKR|4|NASDAQ|2020|4|2|15|30|1258000|7.73|7.17|7.5|7.24|||
AMKR|5|NASDAQ|2020|4|1|15|30|1779200|7.74|7.14|7.37|7.42|1.0||
AMKR|6|NASDAQ|2020|3|31|15|30|1857000|8.4|7.75|7.79|8.35|0.0||
AMKR|7|NASDAQ|2020|3|30|15|30|1177400|8.36|7.77|8.36|7.78|0.0||
AMKR|8|NASDAQ|2020|3|27|14|30|2137300|8.12|7.63|7.73|8.12|0.0||
AMKR|9|NASDAQ|2020|3|26|14|30|1772500|8.7|8.2|8.56|8.34|0.0||
AMKR|10|NASDAQ|2020|3|25|14|30|1618400|8.63|7.76|8.25|8.16|0.0||
AMKR|11|NASDAQ|2020|3|24|14|30|2159800|8.09|7.38|8.04|7.47|0.0||
AMKR|12|NASDAQ|2020|3|23|14|30|1850100|7.21|6.49|6.96|7.21|0.0||
AMKR|13|NASDAQ|2020|3|20|14|30|3177700|7.49|6.5|6.95|6.74|1.0||
AMKR|14|NASDAQ|2020|3|19|14|30|2623500|6.6|5.4|6.48|5.81|1.0||
AMKR|15|NASDAQ|2020|3|18|14|30|2032200|7.51|5.5|5.78|7.3|1.0||
AMKR|16|NASDAQ|2020|3|17|14|30|2541900|8.03|6.91|7.98|7.45|0.0||
AMKR|17|NASDAQ|2020|3|16|14|30|1692300|7.94|7.0|7.28|7.01|0.0||
AMKR|18|NASDAQ|2020|3|13|14|30|2175100|8.15|7.37|8.03|7.92|0.0||
AMKR|19|NASDAQ|2020|3|12|14|30|1764100|8.1|7.35|7.37|7.92|0.0||
AMKR|20|NASDAQ|2020|3|11|14|30|2142300|9.27|8.56|8.65|9.09|0.0||
AMKR|21|NASDAQ|2020|3|10|14|30|1471000|9.47|8.71|9.44|9.13|0.0||
AMKR|22|NASDAQ|2020|3|9|14|30|1213700|9.19|8.59|8.61|9.14|0.0||
AMKR|23|NASDAQ|2020|3|6|15|30|1009500|10.15|9.6|9.86|9.95|0.0||
AMKR|24|NASDAQ|2020|3|5|15|30|1085800|10.73|10.15|10.32|10.53|0.0||
AMKR|25|NASDAQ|2020|3|4|15|30|921200|10.96|10.33|10.87|10.57|0.0||
AMKR|26|NASDAQ|2020|3|3|15|30|1446500|10.86|10.19|10.32|10.57|0.0||
AMKR|27|NASDAQ|2020|3|2|15|30|1590400|10.62|9.94|10.54|10.55|0.0||
AMKR|28|NASDAQ|2020|2|28|15|30|2878300|10.47|9.26|10.44|9.5|0.0||
AMKR|29|NASDAQ|2020|2|27|15|30|1722600|10.38|9.82|9.99|10.09|0.0||
AMKR|30|NASDAQ|2020|2|26|15|30|1131900|10.82|10.29|10.43|10.58|0.0||
AMKR|31|NASDAQ|2020|2|25|15|30|1993700|11.32|10.39|10.48|11.21|0.0||
AMKR|32|NASDAQ|2020|2|24|15|30|1789700|11.82|11.09|11.11|11.7|0.0||
AMKR|33|NASDAQ|2020|2|21|15|30|1691700|13.08|12.2|12.32|12.95|0.0||
AMKR|34|NASDAQ|2020|2|20|15|30|3711200|13.06|12.04|12.99|12.31|0.0||
AMKR|35|NASDAQ|2020|2|19|15|30|1376600|12.46|12.16|12.38|12.18|0.0||
AMKR|36|NASDAQ|2020|2|18|15|30|2102500|12.5|12.04|12.06|12.45|0.0||
AMKR|37|NASDAQ|2020|2|14|15|30|1618800|12.88|12.54|12.63|12.8|0.0||
AMKR|38|NASDAQ|2020|2|13|15|30|1522100|13.02|12.57|12.71|12.73|0.0||
AMKR|39|NASDAQ|2020|2|12|15|30|2536400|13.6|12.79|12.99|13.38|0.0||
AMKR|40|NASDAQ|2020|2|11|15|30|7993600|14.82|13.08|13.24|13.92|0.0||
AMKR|41|NASDAQ|2020|2|10|15|30|2878700|11.61|10.95|11.55|11.08|0.0||
AMKR|42|NASDAQ|2020|2|7|15|30|1405200|11.41|11.06|11.08|11.32|1.0||
AMKR|43|NASDAQ|2020|2|6|15|30|914800|11.87|11.43|11.44|11.87|1.0||
AMKR|44|NASDAQ|2020|2|5|15|30|1131300|11.84|11.52|11.83|11.72|0.0||
AMKR|45|NASDAQ|2020|2|4|15|30|945600|11.55|11.21|11.46|11.37|0.0||
AMKR|46|NASDAQ|2020|2|3|15|30|987000|11.37|11.13|11.17|11.21|0.0||
AMKR|47|NASDAQ|2020|1|31|15|30|1185300|11.87|11.2|11.25|11.84|0.0||
AMKR|48|NASDAQ|2020|1|30|15|30|781800|12.13|11.7|11.97|11.79|0.0||
AMKR|49|NASDAQ|2020|1|29|15|30|1098400|12.14|11.81|11.92|12.07|0.0||
AMKR|50|NASDAQ|2020|1|28|15|30|877600|12.18|11.94|12.02|11.94|0.0||
AMKR|51|NASDAQ|2020|1|27|15|30|1221400|12.46|11.8|11.85|12.46|0.0||
AMKR|52|NASDAQ|2020|1|24|15|30|1605200|13.45|12.66|12.79|13.44|0.0||
AMKR|53|NASDAQ|2020|1|23|15|30|645400|13.48|13.11|13.39|13.2|0.0||
AMKR|54|NASDAQ|2020|1|22|15|30|1016100|13.41|13.11|13.2|13.12|0.0||
AMKR|55|NASDAQ|2020|1|21|15|30|826600|13.2|13.03|13.1|13.1|0.0||
AMKR|56|NASDAQ|2020|1|17|15|30|615000|13.42|13.03|13.2|13.35|0.0||
AMKR|57|NASDAQ|2020|1|16|15|30|691400|13.28|12.99|13.23|12.99|0.0||
AMKR|58|NASDAQ|2020|1|15|15|30|847800|13.05|12.83|12.98|12.91|0.0||
AMKR|59|NASDAQ|2020|1|14|15|30|1032700|13.04|12.74|12.92|12.79|0.0||
AMKR|60|NASDAQ|2020|1|13|15|30|740700|12.85|12.69|12.78|12.75|0.0||
AMKR|61|NASDAQ|2020|1|10|15|30|571900|12.94|12.67|12.71|12.93|0.0||
AMKR|62|NASDAQ|2020|1|9|15|30|877600|13.5|12.9|12.93|13.2|0.0||
AMKR|63|NASDAQ|2020|1|8|15|30|1030400|13.08|12.75|13.05|13.03|0.0||
AMKR|64|NASDAQ|2020|1|7|15|30|667300|13.21|12.74|13.03|12.91|0.0||
AMKR|65|NASDAQ|2020|1|6|15|30|732100|12.98|12.57|12.85|12.67|0.0||
AMKR|66|NASDAQ|2020|1|3|15|30|738300|13.06|12.72|12.9|13.01|0.0||
AMKR|67|NASDAQ|2020|1|2|15|30|712100|13.26|13.0|13.26|13.17|0.0||
AMKR|68|NASDAQ|2019|12|31|15|30|788300|13.25|12.96|13.0|13.16|0.0||
AMKR|69|NASDAQ|2019|12|30|15|30|618200|13.39|12.98|13.27|13.28|0.0||
AMKR|70|NASDAQ|2019|12|27|15|30|1042700|14.07|13.26|13.28|14.01|0.0||
AMKR|71|NASDAQ|2019|12|26|15|30|1680400|14.08|13.34|13.89|13.36|0.0||
AMKR|72|NASDAQ|2019|12|24|15|30|330200|13.55|13.13|13.36|13.46|0.0||
AMKR|73|NASDAQ|2019|12|23|15|30|809400|13.67|13.2|13.45|13.29|0.0||
AMKR|74|NASDAQ|2019|12|20|15|30|1826700|13.27|12.92|13.18|13.04|0.0||
AMKR|75|NASDAQ|2019|12|19|15|30|574000|13.04|12.86|12.96|13.02|0.0||
AMKR|76|NASDAQ|2019|12|18|15|30|828000|13.06|12.88|12.98|13.0|0.0||
AMKR|77|NASDAQ|2019|12|17|15|30|657400|13.0|12.84|12.94|13.0|0.0||
AMKR|78|NASDAQ|2019|12|16|15|30|580100|13.04|12.8|12.91|12.8|0.0||
AMKR|79|NASDAQ|2019|12|13|15|30|563200|12.88|12.61|12.79|12.66|0.0||
AMKR|80|NASDAQ|2019|12|12|15|30|1196600|12.89|12.04|12.74|12.12|0.0||
AMKR|81|NASDAQ|2019|12|11|15|30|753900|12.78|12.44|12.75|12.49|0.0||
AMKR|82|NASDAQ|2019|12|10|15|30|743800|12.63|12.33|12.43|12.56|0.0||
AMKR|83|NASDAQ|2019|12|9|15|30|471600|12.64|12.53|12.55|12.57|0.0||
AMKR|84|NASDAQ|2019|12|6|15|30|1009300|12.7|12.51|12.6|12.68|0.0||
AMKR|85|NASDAQ|2019|12|5|15|30|2159300|12.54|12.24|12.45|12.26|0.0||
AMKR|86|NASDAQ|2019|12|4|15|30|1296800|12.16|11.69|12.15|11.86|0.0||
AMKR|87|NASDAQ|2019|12|3|15|30|940400|11.91|11.47|11.74|11.56|0.0||
AMKR|88|NASDAQ|2019|12|2|15|30|1188500|12.11|11.75|11.79|12.1|0.0||
AMKR|89|NASDAQ|2019|11|29|15|30|529600|12.26|12.09|12.09|12.21|0.0||
AMKR|90|NASDAQ|2019|11|27|15|30|865900|12.41|12.16|12.33|12.32|0.0||
AMKR|91|NASDAQ|2019|11|26|15|30|1244500|12.59|12.24|12.32|12.47|0.0||
AMKR|92|NASDAQ|2019|11|25|15|30|675800|12.57|12.16|12.5|12.16|0.0||
AMKR|93|NASDAQ|2019|11|22|15|30|762900|12.46|12.05|12.13|12.35|0.0||
AMKR|94|NASDAQ|2019|11|21|15|30|1523500|13.43|12.09|12.32|13.21|0.0||
AMKR|95|NASDAQ|2019|11|20|15|30|2167800|13.5|12.96|13.33|12.96|0.0||
AMKR|96|NASDAQ|2019|11|19|15|30|1363200|13.07|12.89|13.0|12.91|0.0||
AMKR|97|NASDAQ|2019|11|18|15|30|648300|13.07|12.83|12.9|12.99|0.0||
AMKR|98|NASDAQ|2019|11|15|15|30|1387800|13.41|12.9|13.0|13.0|0.0||
AMKR|99|NASDAQ|2019|11|14|15|30|690800|12.95|12.68|12.88|12.92|0.0||
AMKR|100|NASDAQ|2019|11|13|15|30|900600|13.1|12.76|12.96|12.83|0.0||
AMKR|101|NASDAQ|2019|11|12|15|30|957200|13.0|12.65|12.91|12.74|0.0||
AMKR|102|NASDAQ|2019|11|11|15|30|688600|12.87|12.52|12.71|12.69|0.0||
AMKR|103|NASDAQ|2019|11|8|15|30|672400|12.87|12.61|12.79|12.67|0.0||
AMKR|104|NASDAQ|2019|11|7|15|30|1398000|13.25|12.62|12.76|13.25|0.0||
AMKR|105|NASDAQ|2019|11|6|15|30|906700|13.21|12.85|13.07|13.21|0.0||
AMKR|106|NASDAQ|2019|11|5|15|30|2004400|13.3|12.96|13.21|13.24|0.0||
AMKR|107|NASDAQ|2019|11|4|15|30|1876600|13.33|12.99|13.33|13.08|0.0||
AMKR|108|NASDAQ|2019|11|1|14|30|2522800|12.97|12.5|12.96|12.55|0.0||
AMKR|109|NASDAQ|2019|10|31|14|30|3273300|13.98|12.31|12.43|13.69|0.0||
AMKR|110|NASDAQ|2019|10|30|14|30|3942800|15.25|13.58|13.6|14.85|0.0||
AMKR|111|NASDAQ|2019|10|29|14|30|7896800|15.0|13.15|14.92|13.46|0.0||
AMKR|112|NASDAQ|2019|10|28|14|30|1503500|11.19|10.91|11.08|10.92|1.0||
AMKR|113|NASDAQ|2019|10|25|15|30|1238500|10.83|10.34|10.83|10.38|1.0||
AMKR|114|NASDAQ|2019|10|24|15|30|797200|10.37|9.93|10.36|10.03|1.0||
AMKR|115|NASDAQ|2019|10|23|15|30|670200|10.03|9.83|9.89|10.0|1.0||
AMKR|116|NASDAQ|2019|10|22|15|30|602700|10.2|10.08|10.1|10.18|0.0||
AMKR|117|NASDAQ|2019|10|21|15|30|806500|10.35|9.95|10.19|10.06|0.0||
AMKR|118|NASDAQ|2019|10|18|15|30|508000|9.94|9.78|9.89|9.79|0.0||
AMKR|119|NASDAQ|2019|10|17|15|30|489900|10.03|9.72|9.85|9.85|0.0||
AMKR|120|NASDAQ|2019|10|16|15|30|478400|9.87|9.72|9.78|9.86|0.0||
AMKR|121|NASDAQ|2019|10|15|15|30|522500|9.96|9.75|9.87|9.82|0.0||
AMKR|122|NASDAQ|2019|10|14|15|30|387300|9.81|9.65|9.74|9.77|0.0||
AMKR|123|NASDAQ|2019|10|11|15|30|542600|9.95|9.74|9.76|9.79|||
AMKR|124|NASDAQ|2019|10|10|15|30|513300|9.82|9.57|9.66|9.69|||
AMKR|125|NASDAQ|2019|10|9|15|30|572700|9.73|9.56|9.66|9.67|||
AMKR|126|NASDAQ|2019|10|8|15|30|549400|9.79|9.49|9.56|9.71|||
AMNB|0|NASDAQ|2020|4|8|20|12|12284|21.92|21.309999|21.33|21.92|||
AMNB|1|NASDAQ|2020|4|7|15|30|29600|22.639999|20.530001|21.4|22.209999|||
AMNB|2|NASDAQ|2020|4|6|15|30|38600|21.92|20.870001|21.59|21.280001|||
AMNB|3|NASDAQ|2020|4|3|15|30|53000|21.85|20.15|20.27|21.41|||
AMNB|4|NASDAQ|2020|4|2|15|30|42800|22.360001|21.0|22.209999|21.74|||
AMNB|5|NASDAQ|2020|4|1|15|30|67800|23.09|21.58|21.58|22.83|0.0||
AMNB|6|NASDAQ|2020|3|31|15|30|61100|23.9|21.35|23.9|22.51|0.0||
AMNB|7|NASDAQ|2020|3|30|15|30|28000|24.0|22.629999|22.73|23.6|0.0||
AMNB|8|NASDAQ|2020|3|27|14|30|27700|25.1|23.16|23.309999|25.1|0.0||
AMNB|9|NASDAQ|2020|3|26|14|30|27800|27.17|24.700001|26.0|24.700001|0.0||
AMNB|10|NASDAQ|2020|3|25|14|30|17500|24.58|23.309999|24.1|23.700001|0.0||
AMNB|11|NASDAQ|2020|3|24|14|30|51700|24.0|22.1|24.0|22.1|0.0||
AMNB|12|NASDAQ|2020|3|23|14|30|33700|23.24|20.51|21.379999|22.18|0.0||
AMNB|13|NASDAQ|2020|3|20|14|30|69600|28.389999|21.879999|22.129999|25.35|0.0||
AMNB|14|NASDAQ|2020|3|19|14|30|46200|26.5|23.0|24.459999|23.99|0.0||
AMNB|15|NASDAQ|2020|3|18|14|30|33300|29.110001|22.01|24.0|27.93|0.0||
AMNB|16|NASDAQ|2020|3|17|14|30|46600|29.530001|23.93|29.530001|24.75|0.0||
AMNB|17|NASDAQ|2020|3|16|14|30|69800|25.290001|23.08|24.99|24.02|0.0||
AMNB|18|NASDAQ|2020|3|13|14|30|29700|28.07|23.200001|25.68|23.200001|0.0||
AMNB|19|NASDAQ|2020|3|12|14|30|38100|24.99|21.42|21.92|23.23|0.0||
AMNB|20|NASDAQ|2020|3|11|14|30|31500|26.34|24.52|24.799999|25.5|0.0||
AMNB|21|NASDAQ|2020|3|10|14|30|35400|28.209999|24.950001|26.110001|26.25|0.0||
AMNB|22|NASDAQ|2020|3|9|14|30|27100|28.280001|25.26|25.42|27.16|0.0||
AMNB|23|NASDAQ|2020|3|6|15|30|26700|29.83|27.639999|28.4|28.33|0.0||
AMNB|24|NASDAQ|2020|3|5|15|30|25300|31.58|28.059999|29.120001|31.1|0.0||
AMNB|25|NASDAQ|2020|3|4|15|30|17500|32.259998|31.190001|32.259998|31.75|0.0||
AMNB|26|NASDAQ|2020|3|3|15|30|15200|31.99|31.09|31.49|31.16|0.0||
AMNB|27|NASDAQ|2020|3|2|15|30|19700|31.98|30.52|31.469999|31.200001|0.0||
AMNB|28|NASDAQ|2020|2|28|15|30|38100|31.42|30.26|30.889999|31.059999|0.0||
AMNB|29|NASDAQ|2020|2|27|15|30|24800|33.630001|31.58|32.07|32.470001|0.0||
AMNB|30|NASDAQ|2020|2|26|15|30|10100|33.93|33.5|33.650002|33.700001|0.0||
AMNB|31|NASDAQ|2020|2|25|15|30|23500|34.560001|32.209999|33.48|34.560001|0.0||
AMNB|32|NASDAQ|2020|2|24|15|30|14000|34.84|34.02|34.360001000000004|34.619999|0.0||
AMNB|33|NASDAQ|2020|2|21|15|30|16700|36.459999|35.48|35.549999|36.279999|0.0||
AMNB|34|NASDAQ|2020|2|20|15|30|81000|36.599998|35.880001|36.330002|36.060001|0.0||
AMNB|35|NASDAQ|2020|2|19|15|30|4200|36.48|35.779999|36.16|36.290001|0.0||
AMNB|36|NASDAQ|2020|2|18|15|30|13700|36.32|35.849998|35.900002|36.27|0.0||
AMNB|37|NASDAQ|2020|2|14|15|30|13500|36.799999|36.169998|36.200001|36.630001|0.0||
AMNB|38|NASDAQ|2020|2|13|15|30|7400|36.990002|35.86000100000001|36.689999|35.86000100000001|0.0||
AMNB|39|NASDAQ|2020|2|12|15|30|14900|36.630001|35.830002|36.049999|36.189999|0.0||
AMNB|40|NASDAQ|2020|2|11|15|30|12900|36.240002|34.830002|35.900002|35.68|0.0||
AMNB|41|NASDAQ|2020|2|10|15|30|12000|35.869999|35.24000200000001|35.48|35.54000100000001|0.0||
AMNB|42|NASDAQ|2020|2|7|15|30|19700|36.389999|35.43|35.57|36.110001|0.0||
AMNB|43|NASDAQ|2020|2|6|15|30|24700|36.599998|35.939999|36.080002|36.439999|0.0||
AMNB|44|NASDAQ|2020|2|5|15|30|10500|36.439999|35.580002|36.34|35.77|0.0||
AMNB|45|NASDAQ|2020|2|4|15|30|9900|35.810001|35.25|35.439999|35.25|0.0||
AMNB|46|NASDAQ|2020|2|3|15|30|15700|35.380001|34.389999|34.779999|34.389999|0.0||
AMNB|47|NASDAQ|2020|1|31|15|30|17100|35.509998|33.990002000000004|34.099998|35.5|0.0||
AMNB|48|NASDAQ|2020|1|30|15|30|10000|35.889999|34.57|35.759998|34.889999|0.0||
AMNB|49|NASDAQ|2020|1|29|15|30|15800|35.549999|34.669998|35.25|35.549999|0.0||
AMNB|50|NASDAQ|2020|1|28|15|30|11500|35.389999|34.709999|35.389999|34.77|0.0||
AMNB|51|NASDAQ|2020|1|27|15|30|18300|35.919998|34.59|34.779999|35.48|0.0||
AMNB|52|NASDAQ|2020|1|24|15|30|11100|36.07|35.57|35.630001|35.900002|0.0||
AMNB|53|NASDAQ|2020|1|23|15|30|37900|36.73|35.169998|35.99000200000001|36.73|0.0||
AMNB|54|NASDAQ|2020|1|22|15|30|7300|37.439999|37.009998|37.290001|37.439999|0.0||
AMNB|55|NASDAQ|2020|1|21|15|30|12000|37.990002|37.150002|37.310001|37.650002|0.0||
AMNB|56|NASDAQ|2020|1|17|15|30|21400|38.040001|37.5|37.59|37.810001|0.0||
AMNB|57|NASDAQ|2020|1|16|15|30|39400|38.439999|37.560001|37.560001|38.09|0.0||
AMNB|58|NASDAQ|2020|1|15|15|30|25200|38.759998|37.5|37.720001|37.709999|0.0||
AMNB|59|NASDAQ|2020|1|14|15|30|17300|38.290001|37.75|37.75|38.150002|0.0||
AMNB|60|NASDAQ|2020|1|13|15|30|45300|38.549999|37.810001|38.080002|38.220001|0.0||
AMNB|61|NASDAQ|2020|1|10|15|30|20000|38.57|37.82|38.150002|38.23|0.0||
AMNB|62|NASDAQ|2020|1|9|15|30|20300|39.049999|37.639999|38.310001|38.599998|0.0||
AMNB|63|NASDAQ|2020|1|8|15|30|9700|38.740002|38.16|38.630001|38.16|0.0||
AMNB|64|NASDAQ|2020|1|7|15|30|18400|39.470001|38.209999|38.279999|39.470001|0.0||
AMNB|65|NASDAQ|2020|1|6|15|30|27900|40.25|37.82|39.509998|38.610001|0.0||
AMNB|66|NASDAQ|2020|1|3|15|30|6200|39.279999|38.619999|38.68|39.02|0.0||
AMNB|67|NASDAQ|2020|1|2|15|30|12400|39.580002|38.860001|39.400002|39.580002|0.0||
AMNB|68|NASDAQ|2019|12|31|15|30|20100|39.849998|39.41|39.57|39.77|0.0||
AMNB|69|NASDAQ|2019|12|30|15|30|15700|39.740002|39.32|39.560001|39.740002|0.0||
AMNB|70|NASDAQ|2019|12|27|15|30|16900|39.939999|39.240002|39.5|39.66|0.0||
AMNB|71|NASDAQ|2019|12|26|15|30|5800|40.130001|39.720001|39.799999|40.0|0.0||
AMNB|72|NASDAQ|2019|12|24|15|30|12000|40.5|39.650002|40.07|40.5|0.0||
AMNB|73|NASDAQ|2019|12|23|15|30|34500|40.240002|39.27|39.75|40.130001|0.0||
AMNB|74|NASDAQ|2019|12|20|15|30|56200|40.57|39.48|40.220001|39.630001|0.0||
AMNB|75|NASDAQ|2019|12|19|15|30|13100|39.68|39.009998|39.360001|39.57|0.0||
AMNB|76|NASDAQ|2019|12|18|15|30|19000|39.84|39.240002|39.509998|39.84|0.0||
AMNB|77|NASDAQ|2019|12|17|15|30|19200|39.889999|39.169998|39.599998|39.529999|0.0||
AMNB|78|NASDAQ|2019|12|16|15|30|25600|39.75|38.98|39.52|38.98|0.0||
AMNB|79|NASDAQ|2019|12|13|15|30|14300|38.950001|38.099998|38.950001|38.509998|0.0||
AMNB|80|NASDAQ|2019|12|12|15|30|18900|39.119999|38.220001|38.580002|38.220001|0.0||
AMNB|81|NASDAQ|2019|12|11|15|30|15300|38.259998|37.470001|38.259998|38.099998|0.0||
AMNB|82|NASDAQ|2019|12|10|15|30|13400|38.48|37.91|38.200001|37.990002|0.0||
AMNB|83|NASDAQ|2019|12|9|15|30|4900|38.099998|37.740002|37.889999|38.09|0.0||
AMNB|84|NASDAQ|2019|12|6|15|30|26700|38.360001|37.740002|38.099998|37.740002|0.0||
AMNB|85|NASDAQ|2019|12|5|15|30|5000|37.619999|37.299999|37.580002|37.41|0.0||
AMNB|86|NASDAQ|2019|12|4|15|30|7500|37.830002|37.52|37.540001|37.619999|0.0||
AMNB|87|NASDAQ|2019|12|3|15|30|10900|37.57|36.84|37.389999|37.529999|0.0||
AMNB|88|NASDAQ|2019|12|2|15|30|15500|37.959999|37.299999|37.709999|37.799999|0.0||
AMNB|89|NASDAQ|2019|11|29|15|30|4100|37.880001|37.419998|37.830002|37.48|0.0||
AMNB|90|NASDAQ|2019|11|27|15|30|23700|38.009998|37.259998|37.450001|37.810001|0.0||
AMNB|91|NASDAQ|2019|11|26|15|30|18500|38.98|38.0|38.27|38.0|0.0||
AMNB|92|NASDAQ|2019|11|25|15|30|16700|38.799999|37.369999|38.490002|37.369999|0.0||
AMNB|93|NASDAQ|2019|11|22|15|30|6300|37.849998|37.299999|37.560001|37.799999|0.0||
AMNB|94|NASDAQ|2019|11|21|15|30|18300|38.310001|37.150002|37.669998|37.650002|0.0||
AMNB|95|NASDAQ|2019|11|20|15|30|34600|38.400002|37.560001|37.580002|37.619999|0.0||
AMNB|96|NASDAQ|2019|11|19|15|30|24200|37.91|36.889999|37.779999|36.889999|0.0||
AMNB|97|NASDAQ|2019|11|18|15|30|3800|37.299999|36.740002|36.740002|37.18|0.0||
AMNB|98|NASDAQ|2019|11|15|15|30|16300|38.0|37.080002|37.200001|37.43|0.0||
AMNB|99|NASDAQ|2019|11|14|15|30|14200|37.57|36.740002|37.259998|37.0|0.0||
AMNB|100|NASDAQ|2019|11|13|15|30|16200|37.34|36.509998|37.009998|36.560001|0.0||
AMNB|101|NASDAQ|2019|11|12|15|30|3800|37.369999|36.439999|36.77|36.439999|0.0||
AMNB|102|NASDAQ|2019|11|11|15|30|4300|36.93|36.709999|36.82|36.93|0.0||
AMNB|103|NASDAQ|2019|11|8|15|30|25100|37.720001|36.650002|36.98|37.720001|0.0||
AMNB|104|NASDAQ|2019|11|7|15|30|14600|37.580002|37.18|37.529999|37.57|0.0||
AMNB|105|NASDAQ|2019|11|6|15|30|11800|37.330002|36.939999|37.189999|37.200001|0.0||
AMNB|106|NASDAQ|2019|11|5|15|30|14200|37.57|37.009998|37.23|37.5|0.0||
AMNB|107|NASDAQ|2019|11|4|15|30|12600|37.509998|36.990002|37.5|36.990002|0.0||
AMNB|108|NASDAQ|2019|11|1|14|30|11900|36.950001|36.32|36.810001|36.32|0.0||
AMNB|109|NASDAQ|2019|10|31|14|30|17300|36.509998|35.810001|36.200001|36.0|0.0||
AMNB|110|NASDAQ|2019|10|30|14|30|90500|36.400002|35.919998|36.049999|36.189999|0.0||
AMNB|111|NASDAQ|2019|10|29|14|30|13400|36.669998|35.889999|36.459999|36.400002|0.0||
AMNB|112|NASDAQ|2019|10|28|14|30|13400|37.0|36.349998|36.48|36.41|0.0||
AMNB|113|NASDAQ|2019|10|25|15|30|8600|36.389999|35.549999|36.259998|35.799999|0.0||
AMNB|114|NASDAQ|2019|10|24|15|30|6900|36.200001|35.57|35.880001|35.900002|0.0||
AMNB|115|NASDAQ|2019|10|23|15|30|9000|36.66|36.009998|36.459999|36.220001|0.0||
AMNB|116|NASDAQ|2019|10|22|15|30|35700|36.650002|35.009998|36.279999|35.52|0.0||
AMNB|117|NASDAQ|2019|10|21|15|30|60400|35.75|35.23|35.5|35.5|0.0||
AMNB|118|NASDAQ|2019|10|18|15|30|20700|36.0|34.869999|35.369999|35.560001|0.0||
AMNB|119|NASDAQ|2019|10|17|15|30|12500|35.779999|35.400002|35.720001|35.599998|0.0||
AMNB|120|NASDAQ|2019|10|16|15|30|21200|35.93|35.299999|35.779999|35.93|0.0||
AMNB|121|NASDAQ|2019|10|15|15|30|8700|35.79000100000001|35.259998|35.68|35.32|0.0||
AMNB|122|NASDAQ|2019|10|14|15|30|12000|35.389999|35.099998|35.32|35.16|0.0||
AMNB|123|NASDAQ|2019|10|11|15|30|16500|35.900002|35.259998|35.27|35.400002|||
AMNB|124|NASDAQ|2019|10|10|15|30|14600|35.299999|34.869999|34.919998|35.09|||
AMNB|125|NASDAQ|2019|10|9|15|30|14800|35.049999|34.75|34.810001|34.93|||
AMNB|126|NASDAQ|2019|10|8|15|30|9800|34.939999|34.75|34.75|34.939999|||
AMOT|0|NASDAQ|2020|4|8|20|6|23784|27.23|25.440001|27.15|25.440001|||
AMOT|1|NASDAQ|2020|4|7|15|30|37000|25.549999|24.120001|24.85|24.540001|||
AMOT|2|NASDAQ|2020|4|6|15|30|43500|24.120001|21.690001|23.82|21.690001|||
AMOT|3|NASDAQ|2020|4|3|15|30|49300|22.700001|19.76|20.68|22.700001|||
AMOT|4|NASDAQ|2020|4|2|15|30|33200|23.1|20.799999|21.209999|21.67|||
AMOT|5|NASDAQ|2020|4|1|15|30|129600|23.68|20.68|21.57|23.07|1.0||
AMOT|6|NASDAQ|2020|3|31|15|30|78100|26.0|23.209999|23.700001|24.700001|0.0||
AMOT|7|NASDAQ|2020|3|30|15|30|31700|25.58|23.969999|24.84|24.799999|0.0||
AMOT|8|NASDAQ|2020|3|27|14|30|33000|27.16|23.719999|24.639999|26.629999|0.0||
AMOT|9|NASDAQ|2020|3|26|14|30|44000|28.75|26.16|27.790001|26.620001|0.0||
AMOT|10|NASDAQ|2020|3|25|14|30|46000|27.77|23.309999|26.309999|23.82|0.0||
AMOT|11|NASDAQ|2020|3|24|14|30|59100|24.370001|22.030001|23.65|23.0|0.0||
AMOT|12|NASDAQ|2020|3|23|14|30|87800|23.790001|19.639999|20.84|20.799999|1.0||
AMOT|13|NASDAQ|2020|3|20|14|30|103400|23.17|20.25|21.48|20.25|1.0||
AMOT|14|NASDAQ|2020|3|19|14|30|84500|21.719999|19.0|20.0|19.82|1.0||
AMOT|15|NASDAQ|2020|3|18|14|30|43800|26.450001|19.77|20.01|25.870001|1.0||
AMOT|16|NASDAQ|2020|3|17|14|30|43900|28.16|23.73|27.84|25.18|0.0||
AMOT|17|NASDAQ|2020|3|16|14|30|95200|30.440001|23.34|24.09|29.370001|0.0||
AMOT|18|NASDAQ|2020|3|13|14|30|74200|34.5|29.879999|32.610001000000004|33.790001000000004|0.0||
AMOT|19|NASDAQ|2020|3|12|14|30|116500|33.5|28.43|32.07|33.5|0.0||
AMOT|20|NASDAQ|2020|3|11|14|30|36000|33.380001|30.9|31.76|32.790001000000004|0.0||
AMOT|21|NASDAQ|2020|3|10|14|30|101200|34.529999|31.93|33.82|34.099998|0.0||
AMOT|22|NASDAQ|2020|3|9|14|30|62000|36.209999|32.330002|33.169998|35.950001|0.0||
AMOT|23|NASDAQ|2020|3|6|15|30|47500|38.400002|36.259998|37.290001|36.259998|0.0||
AMOT|24|NASDAQ|2020|3|5|15|30|48600|38.130001|36.990002|37.5|37.5|0.0||
AMOT|25|NASDAQ|2020|3|4|15|30|49600|38.41|37.599998|38.150002|38.41|0.0||
AMOT|26|NASDAQ|2020|3|3|15|30|25200|39.869999|37.5|37.939999|39.220001|0.0||
AMOT|27|NASDAQ|2020|3|2|15|30|32600|39.470001|38.27|39.400002|38.950001|0.0||
AMOT|28|NASDAQ|2020|2|28|15|30|52800|40.59|37.630001|38.540001|40.040001|0.0||
AMOT|29|NASDAQ|2020|2|27|15|30|41400|43.299999|40.799999|40.799999|43.299999|0.0||
AMOT|30|NASDAQ|2020|2|26|15|30|33800|45.68|43.48|43.75|45.459999|0.0||
AMOT|31|NASDAQ|2020|2|25|15|30|40100|47.200001|45.16|45.23|46.5|0.0||
AMOT|32|NASDAQ|2020|2|24|15|30|42500|46.740002|45.0|46.43|45.669998|0.0||
AMOT|33|NASDAQ|2020|2|21|15|30|33600|47.049999|45.849998|46.799999|46.740002|0.0||
AMOT|34|NASDAQ|2020|2|20|15|30|46100|46.740002|45.060001|46.740002|45.07|0.0||
AMOT|35|NASDAQ|2020|2|19|15|30|33300|45.439999|44.700001|45.310001|44.700001|0.0||
AMOT|36|NASDAQ|2020|2|18|15|30|28200|45.98|44.560001|44.610001|45.59|0.0||
AMOT|37|NASDAQ|2020|2|14|15|30|29600|46.540001|45.59|45.68|46.450001|0.0||
AMOT|38|NASDAQ|2020|2|13|15|30|15800|46.970001|45.790001|46.779999|46.43|0.0||
AMOT|39|NASDAQ|2020|2|12|15|30|27000|46.84|45.900002|46.59|45.900002|0.0||
AMOT|40|NASDAQ|2020|2|11|15|30|13800|46.52|45.98|46.09|46.110001|0.0||
AMOT|41|NASDAQ|2020|2|10|15|30|23500|46.02|44.32|45.689999|44.32|0.0||
AMOT|42|NASDAQ|2020|2|7|15|30|38500|45.950001|44.43|45.040001|45.25|0.0||
AMOT|43|NASDAQ|2020|2|6|15|30|27800|46.5|45.369999|45.41|46.5|0.0||
AMOT|44|NASDAQ|2020|2|5|15|30|115400|46.830002|46.099998|46.349998|46.52|0.0||
AMOT|45|NASDAQ|2020|2|4|15|30|45800|46.84|45.82|45.939999|46.389999|0.0||
AMOT|46|NASDAQ|2020|2|3|15|30|25900|46.610001|45.709999|45.810001|46.130001|0.0||
AMOT|47|NASDAQ|2020|1|31|15|30|73300|47.34|45.529999|45.84|46.41|0.0||
AMOT|48|NASDAQ|2020|1|30|15|30|41900|47.169998|45.830002|46.139999|46.02|0.0||
AMOT|49|NASDAQ|2020|1|29|15|30|28400|47.779999|46.07|46.240002|47.330002|0.0||
AMOT|50|NASDAQ|2020|1|28|15|30|33800|48.029999|46.970001|47.189999|47.349998|0.0||
AMOT|51|NASDAQ|2020|1|27|15|30|30200|48.049999|46.619999|47.290001|47.200001|0.0||
AMOT|52|NASDAQ|2020|1|24|15|30|26800|48.759998|47.540001|47.950001|48.759998|0.0||
AMOT|53|NASDAQ|2020|1|23|15|30|28600|48.93|47.200001|48.57|48.009998|0.0||
AMOT|54|NASDAQ|2020|1|22|15|30|55300|49.720001|47.880001|48.080002|48.790001|0.0||
AMOT|55|NASDAQ|2020|1|21|15|30|54400|49.310001|48.759998|48.950001|49.279999|0.0||
AMOT|56|NASDAQ|2020|1|17|15|30|29200|49.849998|49.200001|49.419998|49.720001|0.0||
AMOT|57|NASDAQ|2020|1|16|15|30|26500|49.98|48.830002|49.720001|48.830002|0.0||
AMOT|58|NASDAQ|2020|1|15|15|30|36200|48.59|47.48|48.419998|47.48|0.0||
AMOT|59|NASDAQ|2020|1|14|15|30|46500|49.259998|48.139999|48.169998|48.349998|0.0||
AMOT|60|NASDAQ|2020|1|13|15|30|37600|48.48|47.889999|48.349998|48.0|0.0||
AMOT|61|NASDAQ|2020|1|10|15|30|42100|48.32|47.389999|47.970001|47.82|0.0||
AMOT|62|NASDAQ|2020|1|9|15|30|18300|47.950001|47.310001|47.900002|47.880001|0.0||
AMOT|63|NASDAQ|2020|1|8|15|30|25900|48.27|47.369999|47.68|47.900002|0.0||
AMOT|64|NASDAQ|2020|1|7|15|30|24800|48.209999|46.610001|47.93|47.529999|0.0||
AMOT|65|NASDAQ|2020|1|6|15|30|13400|47.860001|46.549999|47.689999|47.009998|0.0||
AMOT|66|NASDAQ|2020|1|3|15|30|31500|47.549999|46.720001|47.369999|46.919998|0.0||
AMOT|67|NASDAQ|2020|1|2|15|30|47500|48.57|46.57|47.509998|48.57|0.0||
AMOT|68|NASDAQ|2019|12|31|15|30|46100|48.990002|46.82|48.5|47.200001|0.0||
AMOT|69|NASDAQ|2019|12|30|15|30|47400|48.009998|47.02|47.080002|47.23|0.0||
AMOT|70|NASDAQ|2019|12|27|15|30|22800|47.5|46.52|47.18|46.529999|0.0||
AMOT|71|NASDAQ|2019|12|26|15|30|32200|47.450001|46.540001|47.209999|47.0|0.0||
AMOT|72|NASDAQ|2019|12|24|15|30|12200|47.240002|46.790001|47.16|47.060001|0.0||
AMOT|73|NASDAQ|2019|12|23|15|30|30100|47.209999|46.040001|47.169998|46.68|0.0||
AMOT|74|NASDAQ|2019|12|20|15|30|32700|47.0|46.23|46.740002|46.990002|0.0||
AMOT|75|NASDAQ|2019|12|19|15|30|41300|46.91|46.25|46.810001|46.73|0.0||
AMOT|76|NASDAQ|2019|12|18|15|30|34200|47.369999|46.549999|47.290001|47.23|0.0||
AMOT|77|NASDAQ|2019|12|17|15|30|48500|47.790001|46.810001|47.009998|47.389999|0.0||
AMOT|78|NASDAQ|2019|12|16|15|30|52600|48.369999|46.900002|47.380001|47.25|0.0||
AMOT|79|NASDAQ|2019|12|13|15|30|28500|47.279999|46.619999|47.25|46.830002|0.0||
AMOT|80|NASDAQ|2019|12|12|15|30|29400|47.330002|45.549999|46.91|45.98|0.0||
AMOT|81|NASDAQ|2019|12|11|15|30|26000|46.16|45.240002|46.02|45.540001|0.0||
AMOT|82|NASDAQ|2019|12|10|15|30|35300|45.630001|44.119999|45.48|44.119999|0.0||
AMOT|83|NASDAQ|2019|12|9|15|30|48600|44.439999|43.73|44.119999|44.119999|0.0||
AMOT|84|NASDAQ|2019|12|6|15|30|29700|45.34|44.220001|44.25|44.84|0.0||
AMOT|85|NASDAQ|2019|12|5|15|30|37500|45.380001|43.880001|44.32|44.509998|0.0||
AMOT|86|NASDAQ|2019|12|4|15|30|41500|45.27|44.049999|44.259998|44.91|0.0||
AMOT|87|NASDAQ|2019|12|3|15|30|37400|45.310001|44.09|44.619999|44.259998|0.0||
AMOT|88|NASDAQ|2019|12|2|15|30|21400|45.09|43.970001|44.75|45.080002|0.0||
AMOT|89|NASDAQ|2019|11|29|15|30|28100|45.349998|44.580002|44.799999|44.849998|0.0||
AMOT|90|NASDAQ|2019|11|27|15|30|21000|45.610001|44.82|45.119999|45.139999|0.0||
AMOT|91|NASDAQ|2019|11|26|15|30|43700|45.5|44.259998|45.240002|44.529999|0.0||
AMOT|92|NASDAQ|2019|11|25|15|30|34600|45.75|43.990002|44.700001|44.540001|0.0||
AMOT|93|NASDAQ|2019|11|22|15|30|50100|44.630001|42.509998|44.389999|43.689999|0.0||
AMOT|94|NASDAQ|2019|11|21|15|30|51500|43.849998|42.5|43.82|43.48|0.0||
AMOT|95|NASDAQ|2019|11|20|15|30|62500|44.02|42.700001|43.419998|43.169998|0.0||
AMOT|96|NASDAQ|2019|11|19|15|30|35400|43.610001|42.470001|43.450001|42.610001|0.0||
AMOT|97|NASDAQ|2019|11|18|15|30|29200|43.220001|42.110001|42.450001|43.049999|0.0||
AMOT|98|NASDAQ|2019|11|15|15|30|18500|44.110001|43.209999|43.209999|43.790001|0.0||
AMOT|99|NASDAQ|2019|11|14|15|30|32600|44.0|43.279999|43.380001|43.5|0.0||
AMOT|100|NASDAQ|2019|11|13|15|30|46100|44.950001|43.220001|43.580002|44.349998|0.0||
AMOT|101|NASDAQ|2019|11|12|15|30|40500|45.240002|44.080002|44.75|44.110001|0.0||
AMOT|102|NASDAQ|2019|11|11|15|30|23900|44.529999|43.610001|44.029999|44.450001|0.0||
AMOT|103|NASDAQ|2019|11|8|15|30|23700|45.610001|44.310001|44.779999|45.349998|0.0||
AMOT|104|NASDAQ|2019|11|7|15|30|24600|46.549999|45.049999|45.599998|46.099998|0.0||
AMOT|105|NASDAQ|2019|11|6|15|30|28000|46.57|44.91|45.599998|46.07|0.0||
AMOT|106|NASDAQ|2019|11|5|15|30|50500|46.619999|44.700001|46.18|45.290001|0.0||
AMOT|107|NASDAQ|2019|11|4|15|30|52800|46.529999|44.549999|44.720001|45.32|0.0||
AMOT|108|NASDAQ|2019|11|1|14|30|122300|46.0|38.509998|45.27|39.330002|0.0||
AMOT|109|NASDAQ|2019|10|31|14|30|31800|38.549999|37.599998|37.860001|38.549999|1.0||
AMOT|110|NASDAQ|2019|10|30|14|30|15000|38.759998|37.509998|38.599998|38.299999|1.0||
AMOT|111|NASDAQ|2019|10|29|14|30|31100|38.849998|37.41|38.200001|37.630001|1.0||
AMOT|112|NASDAQ|2019|10|28|14|30|23800|37.939999|36.700001|37.84|36.849998|1.0||
AMOT|113|NASDAQ|2019|10|25|15|30|20500|37.93|37.099998|37.200001|37.360001|0.0||
AMOT|114|NASDAQ|2019|10|24|15|30|31600|37.740002|36.84|37.639999|37.450001|0.0||
AMOT|115|NASDAQ|2019|10|23|15|30|12900|37.700001|36.869999|37.32|36.869999|0.0||
AMOT|116|NASDAQ|2019|10|22|15|30|31500|37.439999|36.849998|37.209999|37.369999|0.0||
AMOT|117|NASDAQ|2019|10|21|15|30|48000|37.32|36.150002|37.279999|36.259998|0.0||
AMOT|118|NASDAQ|2019|10|18|15|30|23600|36.099998|35.560001|35.91|35.650002|0.0||
AMOT|119|NASDAQ|2019|10|17|15|30|49100|35.91|34.650002|35.630001|35.0|0.0||
AMOT|120|NASDAQ|2019|10|16|15|30|32600|35.029999|34.080002|34.869999|34.580002|0.0||
AMOT|121|NASDAQ|2019|10|15|15|30|24800|34.880001|33.84|34.830002|34.049999|0.0||
AMOT|122|NASDAQ|2019|10|14|15|30|24600|34.119999|33.41|33.919998|33.709999|0.0||
AMOT|123|NASDAQ|2019|10|11|15|30|62200|34.75|33.799999|33.959999|33.959999|||
AMOT|124|NASDAQ|2019|10|10|15|30|30700|34.43|33.279999|33.529999|34.0|||
AMOT|125|NASDAQ|2019|10|9|15|30|32800|34.279999|33.389999|33.84|33.91|||
AMOT|126|NASDAQ|2019|10|8|15|30|40000|34.330002|33.380001|33.580002|33.759998|||
AMPH|0|NASDAQ|2020|4|8|20|16|111530|15.77|14.84|15.77|14.98|||
AMPH|1|NASDAQ|2020|4|7|15|30|260500|16.129998999999998|14.77|14.91|15.88|||
AMPH|2|NASDAQ|2020|4|6|15|30|278900|15.78|14.83|15.61|15.18|||
AMPH|3|NASDAQ|2020|4|3|15|30|220600|14.96|14.22|14.78|14.64|||
AMPH|4|NASDAQ|2020|4|2|15|30|202200|15.3|14.0|14.77|14.13|||
AMPH|5|NASDAQ|2020|4|1|15|30|234800|14.72|14.06|14.25|14.32|0.0||
AMPH|6|NASDAQ|2020|3|31|15|30|222200|15.32|14.46|14.84|15.06|0.0||
AMPH|7|NASDAQ|2020|3|30|15|30|278400|15.34|14.08|15.12|14.18|0.0||
AMPH|8|NASDAQ|2020|3|27|14|30|280800|14.43|13.51|14.06|13.86|0.0||
AMPH|9|NASDAQ|2020|3|26|14|30|319400|14.43|13.07|14.38|13.07|0.0||
AMPH|10|NASDAQ|2020|3|25|14|30|296100|13.71|13.04|13.1|13.62|1.0||
AMPH|11|NASDAQ|2020|3|24|14|30|272800|13.98|13.37|13.68|13.72|0.0||
AMPH|12|NASDAQ|2020|3|23|14|30|254700|13.54|12.66|13.19|12.83|0.0||
AMPH|13|NASDAQ|2020|3|20|14|30|370700|14.21|12.6|12.66|13.45|1.0||
AMPH|14|NASDAQ|2020|3|19|14|30|379700|13.5|12.33|13.35|12.76|0.0||
AMPH|15|NASDAQ|2020|3|18|14|30|295600|14.54|12.77|12.78|13.68|0.0||
AMPH|16|NASDAQ|2020|3|17|14|30|459000|14.55|12.9|14.5|13.17|0.0||
AMPH|17|NASDAQ|2020|3|16|14|30|388300|13.98|12.9|13.03|13.09|0.0||
AMPH|18|NASDAQ|2020|3|13|14|30|679600|14.73|13.09|14.19|13.76|0.0||
AMPH|19|NASDAQ|2020|3|12|14|30|291500|14.68|13.75|13.87|14.5|0.0||
AMPH|20|NASDAQ|2020|3|11|14|30|264100|15.41|14.91|15.3|15.04|0.0||
AMPH|21|NASDAQ|2020|3|10|14|30|307900|15.39|14.64|15.39|14.86|0.0||
AMPH|22|NASDAQ|2020|3|9|14|30|303000|15.28|14.52|14.56|14.79|0.0||
AMPH|23|NASDAQ|2020|3|6|15|30|408500|15.4|14.89|15.33|15.31|0.0||
AMPH|24|NASDAQ|2020|3|5|15|30|313700|16.33|15.59|15.71|16.110001|0.0||
AMPH|25|NASDAQ|2020|3|4|15|30|254700|16.389999|15.54|16.35|15.94|0.0||
AMPH|26|NASDAQ|2020|3|3|15|30|674400|16.280001000000002|15.36|15.73|15.81|0.0||
AMPH|27|NASDAQ|2020|3|2|15|30|321200|15.89|15.4|15.85|15.56|0.0||
AMPH|28|NASDAQ|2020|2|28|15|30|493000|16.57|15.18|15.39|16.299999|0.0||
AMPH|29|NASDAQ|2020|2|27|15|30|319800|17.48|16.540001|16.959999|17.02|0.0||
AMPH|30|NASDAQ|2020|2|26|15|30|152000|17.58|17.18|17.280001000000002|17.42|0.0||
AMPH|31|NASDAQ|2020|2|25|15|30|166000|17.77|17.24|17.32|17.58|0.0||
AMPH|32|NASDAQ|2020|2|24|15|30|271100|17.84|17.48|17.58|17.84|0.0||
AMPH|33|NASDAQ|2020|2|21|15|30|174500|18.41|18.110001|18.280001|18.4|0.0||
AMPH|34|NASDAQ|2020|2|20|15|30|223200|19.1|18.139999|18.469999|18.98|0.0||
AMPH|35|NASDAQ|2020|2|19|15|30|157900|19.040001|18.709999|19.02|18.82|0.0||
AMPH|36|NASDAQ|2020|2|18|15|30|281100|19.200001|18.700001|18.809999|19.08|0.0||
AMPH|37|NASDAQ|2020|2|14|15|30|145200|19.290001|19.059999|19.17|19.290001|0.0||
AMPH|38|NASDAQ|2020|2|13|15|30|171400|20.030001|19.280001|19.290001|19.92|0.0||
AMPH|39|NASDAQ|2020|2|12|15|30|177200|20.059999|19.870001|19.99|20.059999|0.0||
AMPH|40|NASDAQ|2020|2|11|15|30|116500|20.190001|19.85|19.969999|19.92|0.0||
AMPH|41|NASDAQ|2020|2|10|15|30|109300|20.120001|19.84|19.860001|19.9|0.0||
AMPH|42|NASDAQ|2020|2|7|15|30|131000|20.01|19.790001|19.92|19.91|0.0||
AMPH|43|NASDAQ|2020|2|6|15|30|170600|20.0|19.58|19.950001|19.66|0.0||
AMPH|44|NASDAQ|2020|2|5|15|30|135900|19.83|19.35|19.6|19.360001|0.0||
AMPH|45|NASDAQ|2020|2|4|15|30|170800|19.42|19.219999|19.26|19.26|0.0||
AMPH|46|NASDAQ|2020|2|3|15|30|182100|19.25|18.99|19.120001|19.02|0.0||
AMPH|47|NASDAQ|2020|1|31|15|30|248400|19.41|18.75|18.91|19.27|0.0||
AMPH|48|NASDAQ|2020|1|30|15|30|203400|19.99|19.23|19.34|19.82|0.0||
AMPH|49|NASDAQ|2020|1|29|15|30|198800|20.08|19.690001|19.959999|19.700001|0.0||
AMPH|50|NASDAQ|2020|1|28|15|30|171400|19.99|19.629999|19.719999|19.780001|0.0||
AMPH|51|NASDAQ|2020|1|27|15|30|160300|19.84|19.32|19.68|19.32|0.0||
AMPH|52|NASDAQ|2020|1|24|15|30|275600|20.07|19.49|19.639999|20.07|0.0||
AMPH|53|NASDAQ|2020|1|23|15|30|327900|20.1|19.870001|20.07|20.030001|0.0||
AMPH|54|NASDAQ|2020|1|22|15|30|117400|20.200001|19.92|20.0|20.17|0.0||
AMPH|55|NASDAQ|2020|1|21|15|30|158100|20.299999|19.93|19.99|19.959999|0.0||
AMPH|56|NASDAQ|2020|1|17|15|30|225900|20.24|19.940001|20.08|20.24|0.0||
AMPH|57|NASDAQ|2020|1|16|15|30|164900|20.4|19.9|20.08|19.9|0.0||
AMPH|58|NASDAQ|2020|1|15|15|30|280000|20.18|19.07|20.030001|19.07|0.0||
AMPH|59|NASDAQ|2020|1|14|15|30|305500|19.25|18.65|19.07|18.690001|0.0||
AMPH|60|NASDAQ|2020|1|13|15|30|170500|18.809999|18.379999|18.790001|18.629999|0.0||
AMPH|61|NASDAQ|2020|1|10|15|30|152200|18.889999|18.58|18.66|18.709999|0.0||
AMPH|62|NASDAQ|2020|1|9|15|30|175400|18.969999|18.68|18.709999|18.790001|0.0||
AMPH|63|NASDAQ|2020|1|8|15|30|236000|18.690001|18.18|18.610001|18.440001|0.0||
AMPH|64|NASDAQ|2020|1|7|15|30|127700|18.58|18.24|18.42|18.51|0.0||
AMPH|65|NASDAQ|2020|1|6|15|30|181700|18.809999|18.32|18.540001|18.809999|0.0||
AMPH|66|NASDAQ|2020|1|3|15|30|212500|19.190001|18.870001|18.889999|19.110001|0.0||
AMPH|67|NASDAQ|2020|1|2|15|30|143700|19.5|19.049999|19.35|19.440001|0.0||
AMPH|68|NASDAQ|2019|12|31|15|30|221600|19.389999|19.09|19.290001|19.16|0.0||
AMPH|69|NASDAQ|2019|12|30|15|30|121200|19.389999|19.1|19.219999|19.23|0.0||
AMPH|70|NASDAQ|2019|12|27|15|30|116800|19.65|19.139999|19.200001|19.52|0.0||
AMPH|71|NASDAQ|2019|12|26|15|30|100200|19.77|19.4|19.450001|19.629999|0.0||
AMPH|72|NASDAQ|2019|12|24|15|30|64700|19.66|19.370001|19.639999|19.51|0.0||
AMPH|73|NASDAQ|2019|12|23|15|30|178000|19.690001|19.41|19.450001|19.639999|0.0||
AMPH|74|NASDAQ|2019|12|20|15|30|1077800|19.790001|19.469999|19.620001|19.68|0.0||
AMPH|75|NASDAQ|2019|12|19|15|30|150100|19.67|18.940001|19.620001|19.129999|0.0||
AMPH|76|NASDAQ|2019|12|18|15|30|176900|19.43|19.049999|19.120001|19.389999|0.0||
AMPH|77|NASDAQ|2019|12|17|15|30|98900|19.43|19.200001|19.370001|19.379999|0.0||
AMPH|78|NASDAQ|2019|12|16|15|30|209800|19.76|19.309999|19.34|19.49|0.0||
AMPH|79|NASDAQ|2019|12|13|15|30|156800|19.59|19.290001|19.33|19.52|0.0||
AMPH|80|NASDAQ|2019|12|12|15|30|221400|19.799999|19.389999|19.48|19.389999|0.0||
AMPH|81|NASDAQ|2019|12|11|15|30|136400|19.459999|19.16|19.379999|19.17|0.0||
AMPH|82|NASDAQ|2019|12|10|15|30|119800|19.27|18.940001|19.200001|19.16|0.0||
AMPH|83|NASDAQ|2019|12|9|15|30|252800|19.24|18.629999|19.15|18.93|0.0||
AMPH|84|NASDAQ|2019|12|6|15|30|311300|19.26|18.77|18.92|19.040001|0.0||
AMPH|85|NASDAQ|2019|12|5|15|30|330300|19.139999|18.76|19.030001|18.98|0.0||
AMPH|86|NASDAQ|2019|12|4|15|30|258100|19.290001|18.75|18.98|19.129999|0.0||
AMPH|87|NASDAQ|2019|12|3|15|30|948300|19.17|18.68|19.030001|18.9|0.0||
AMPH|88|NASDAQ|2019|12|2|15|30|285900|19.57|19.02|19.040001|19.49|0.0||
AMPH|89|NASDAQ|2019|11|29|15|30|361700|19.629999|18.93|19.51|18.969999|0.0||
AMPH|90|NASDAQ|2019|11|27|15|30|103600|18.690001|18.309999|18.639999|18.360001|0.0||
AMPH|91|NASDAQ|2019|11|26|15|30|181000|18.889999|18.17|18.27|18.690001|0.0||
AMPH|92|NASDAQ|2019|11|25|15|30|224400|18.85|18.139999|18.74|18.139999|0.0||
AMPH|93|NASDAQ|2019|11|22|15|30|222600|18.34|18.0|18.01|18.09|0.0||
AMPH|94|NASDAQ|2019|11|21|15|30|154600|18.16|17.809998999999994|18.040001|18.120001|0.0||
AMPH|95|NASDAQ|2019|11|20|15|30|328300|18.459999|17.93|18.07|18.040001|0.0||
AMPH|96|NASDAQ|2019|11|19|15|30|297600|18.26|17.52|18.25|17.559998999999998|0.0||
AMPH|97|NASDAQ|2019|11|18|15|30|215900|17.6|17.219998999999998|17.58|17.23|0.0||
AMPH|98|NASDAQ|2019|11|15|15|30|172900|17.33|16.92|17.219998999999998|17.139999|0.0||
AMPH|99|NASDAQ|2019|11|14|15|30|179600|17.200001|16.92|17.07|17.200001|0.0||
AMPH|100|NASDAQ|2019|11|13|15|30|207100|17.639999|17.219998999999998|17.25|17.4|0.0||
AMPH|101|NASDAQ|2019|11|12|15|30|383800|17.799999|16.709999|17.629998999999994|17.370001000000002|0.0||
AMPH|102|NASDAQ|2019|11|11|15|30|298600|18.190001|17.08|17.35|18.190001|0.0||
AMPH|103|NASDAQ|2019|11|8|15|30|600800|19.42|16.92|18.41|19.1|0.0||
AMPH|104|NASDAQ|2019|11|7|15|30|128800|19.389999|19.02|19.120001|19.200001|0.0||
AMPH|105|NASDAQ|2019|11|6|15|30|155400|19.559999|19.01|19.08|19.41|0.0||
AMPH|106|NASDAQ|2019|11|5|15|30|138900|19.709999|19.42|19.440001|19.440001|0.0||
AMPH|107|NASDAQ|2019|11|4|15|30|145700|19.74|19.35|19.379999|19.67|0.0||
AMPH|108|NASDAQ|2019|11|1|14|30|228800|19.719999|19.299999|19.559999|19.4|0.0||
AMPH|109|NASDAQ|2019|10|31|14|30|225100|19.67|19.23|19.32|19.530001|0.0||
AMPH|110|NASDAQ|2019|10|30|14|30|158800|20.030001|19.6|19.639999|19.99|0.0||
AMPH|111|NASDAQ|2019|10|29|14|30|243700|20.280001|19.48|19.959999|19.690001|0.0||
AMPH|112|NASDAQ|2019|10|28|14|30|134600|19.98|19.52|19.65|19.52|0.0||
AMPH|113|NASDAQ|2019|10|25|15|30|129100|19.719999|19.43|19.52|19.43|0.0||
AMPH|114|NASDAQ|2019|10|24|15|30|115400|20.0|19.5|19.530001|19.959999|0.0||
AMPH|115|NASDAQ|2019|10|23|15|30|202800|20.1|19.799999|19.950001|19.91|0.0||
AMPH|116|NASDAQ|2019|10|22|15|30|110400|20.200001|19.889999|19.959999|20.030001|0.0||
AMPH|117|NASDAQ|2019|10|21|15|30|171700|20.120001|19.700001|19.99|20.01|0.0||
AMPH|118|NASDAQ|2019|10|18|15|30|220500|20.709999|19.91|19.93|20.41|0.0||
AMPH|119|NASDAQ|2019|10|17|15|30|154900|20.860001|20.459999|20.52|20.74|0.0||
AMPH|120|NASDAQ|2019|10|16|15|30|136200|20.889999|20.41|20.639999|20.440001|0.0||
AMPH|121|NASDAQ|2019|10|15|15|30|172900|20.809999|20.18|20.459999|20.18|0.0||
AMPH|122|NASDAQ|2019|10|14|15|30|173700|20.360001|19.700001|20.16|19.780001|0.0||
AMPH|123|NASDAQ|2019|10|11|15|30|146500|20.1|19.59|19.77|19.780001|||
AMPH|124|NASDAQ|2019|10|10|15|30|108000|19.77|19.469999|19.58|19.690001|||
AMPH|125|NASDAQ|2019|10|9|15|30|130200|19.98|19.58|19.67|19.870001|||
AMPH|126|NASDAQ|2019|10|8|15|30|122000|20.0|19.59|19.75|19.790001|||
AMRB|1|NASDAQ|2020|4|7|15|30|200|8.95|8.95|8.95|8.95|||
AMRB|2|NASDAQ|2020|4|6|15|30|800|9.24|8.53|9.24|8.53|||
AMRB|3|NASDAQ|2020|4|3|15|30|2300|8.41|8.14|8.29|8.2|||
AMRB|4|NASDAQ|2020|4|2|15|30|1600|9.29|8.5|8.5|9.0|||
AMRB|5|NASDAQ|2020|4|1|15|30|400|8.66|8.65|8.66|8.65|0.0||
AMRB|6|NASDAQ|2020|3|31|15|30|7000|9.29|8.62|8.62|9.25|0.0||
AMRB|7|NASDAQ|2020|3|30|15|30|600|9.93|9.29|9.29|9.93|0.0||
AMRB|8|NASDAQ|2020|3|27|14|30|10900|9.9|8.75|9.21|8.77|0.0||
AMRB|9|NASDAQ|2020|3|26|14|30|1300|8.84|8.41|8.41|8.84|0.0||
AMRB|10|NASDAQ|2020|3|25|14|30|4300|8.3|8.0|8.0|8.0|0.0||
AMRB|11|NASDAQ|2020|3|24|14|30|1600|8.04|8.0|8.04|8.0|0.0||
AMRB|12|NASDAQ|2020|3|23|14|30|1500|8.06|8.06|8.06|8.06|1.0||
AMRB|13|NASDAQ|2020|3|20|14|30|2700|9.0|8.25|8.27|9.0|0.0||
AMRB|14|NASDAQ|2020|3|19|14|30|1000|8.94|8.87|8.92|8.87|0.0||
AMRB|15|NASDAQ|2020|3|18|14|30|15000|9.22|9.0|9.0|9.17|0.0||
AMRB|16|NASDAQ|2020|3|17|14|30|800|9.11|9.0|9.11|9.0|0.0||
AMRB|17|NASDAQ|2020|3|16|14|30|500|9.5|9.5|9.5|9.5|0.0||
AMRB|18|NASDAQ|2020|3|13|14|30|4400|12.8|9.5|9.5|11.66|0.0||
AMRB|19|NASDAQ|2020|3|12|14|30|1100|10.61|10.56|10.56|10.61|0.0||
AMRB|20|NASDAQ|2020|3|11|14|30|5000|12.0|11.43|11.43|12.0|0.0||
AMRB|21|NASDAQ|2020|3|10|14|30|7200|12.05|11.95|11.95|12.05|0.0||
AMRB|22|NASDAQ|2020|3|9|14|30|12700|12.05|11.8|11.99|11.84|0.0||
AMRB|23|NASDAQ|2020|3|6|15|30|1300|13.57|11.42|12.46|11.42|0.0||
AMRB|24|NASDAQ|2020|3|5|15|30|4400|14.12|13.45|13.45|14.12|0.0||
AMRB|25|NASDAQ|2020|3|4|15|30|20400|14.17|14.12|14.12|14.15|0.0||
AMRB|26|NASDAQ|2020|3|3|15|30|11400|14.92|14.26|14.26|14.92|0.0||
AMRB|27|NASDAQ|2020|3|2|15|30|1200|14.92|14.37|14.54|14.37|0.0||
AMRB|28|NASDAQ|2020|2|28|15|30|900|14.49|13.23|14.47|14.49|0.0||
AMRB|29|NASDAQ|2020|2|27|15|30|2200|14.65|14.45|14.64|14.45|0.0||
AMRB|30|NASDAQ|2020|2|26|15|30|11500|14.6|14.4|14.6|14.48|0.0||
AMRB|31|NASDAQ|2020|2|25|15|30|1700|14.59|14.51|14.51|14.59|0.0||
AMRB|32|NASDAQ|2020|2|24|15|30|0|14.78|14.78|14.78|14.78|0.0||
AMRB|33|NASDAQ|2020|2|21|15|30|2700|14.93|14.71|14.78|14.93|0.0||
AMRB|34|NASDAQ|2020|2|20|15|30|1500|14.73|14.27|14.7|14.27|0.0||
AMRB|35|NASDAQ|2020|2|19|15|30|1800|14.92|14.54|14.64|14.54|0.0||
AMRB|36|NASDAQ|2020|2|18|15|30|1500|14.82|14.49|14.54|14.49|0.0||
AMRB|37|NASDAQ|2020|2|14|15|30|600|14.78|14.78|14.78|14.78|0.0||
AMRB|38|NASDAQ|2020|2|13|15|30|5500|14.99|14.47|14.66|14.73|0.0||
AMRB|39|NASDAQ|2020|2|12|15|30|5100|14.7|14.56|14.62|14.7|0.0||
AMRB|40|NASDAQ|2020|2|11|15|30|3600|14.83|14.65|14.68|14.65|0.0||
AMRB|41|NASDAQ|2020|2|10|15|30|28400|14.79|11.07|14.66|13.44|0.0||
AMRB|42|NASDAQ|2020|2|7|15|30|3700|14.98|14.86|14.91|14.91|0.0||
AMRB|43|NASDAQ|2020|2|6|15|30|6500|14.99|14.9|14.99|14.9|0.0||
AMRB|44|NASDAQ|2020|2|5|15|30|800|14.96|14.9|14.96|14.9|0.0||
AMRB|45|NASDAQ|2020|2|4|15|30|2700|15.0|14.91|15.0|14.91|0.0||
AMRB|46|NASDAQ|2020|2|3|15|30|6900|15.0|14.89|14.91|14.9|0.0||
AMRB|47|NASDAQ|2020|1|31|15|30|17000|15.0|14.91|14.91|15.0|0.0||
AMRB|48|NASDAQ|2020|1|30|15|30|6100|16.43|14.91|14.91|16.43|0.0||
AMRB|49|NASDAQ|2020|1|29|15|30|5300|15.37|14.94|15.12|14.95|0.0||
AMRB|50|NASDAQ|2020|1|28|15|30|2600|14.95|14.9|14.93|14.9|0.0||
AMRB|51|NASDAQ|2020|1|27|15|30|30100|15.8|14.87|14.87|15.19|0.0||
AMRB|52|NASDAQ|2020|1|24|15|30|1600|14.95|14.87|14.87|14.95|0.0||
AMRB|53|NASDAQ|2020|1|23|15|30|1200|14.95|14.85|14.95|14.85|0.0||
AMRB|54|NASDAQ|2020|1|22|15|30|600|14.83|14.83|14.83|14.83|0.0||
AMRB|55|NASDAQ|2020|1|21|15|30|2400|14.8|14.77|14.8|14.77|0.0||
AMRB|56|NASDAQ|2020|1|17|15|30|0|14.77|14.77|14.77|14.77|0.0||
AMRB|57|NASDAQ|2020|1|16|15|30|600|14.77|14.77|14.77|14.77|0.0||
AMRB|58|NASDAQ|2020|1|15|15|30|7100|14.95|14.82|14.82|14.94|0.0||
AMRB|59|NASDAQ|2020|1|14|15|30|13100|14.97|14.9|14.92|14.92|0.0||
AMRB|60|NASDAQ|2020|1|13|15|30|600|15.1|14.96|14.96|15.1|0.0||
AMRB|61|NASDAQ|2020|1|10|15|30|700|14.94|14.94|14.94|14.94|0.0||
AMRB|62|NASDAQ|2020|1|9|15|30|10800|15.1|14.9|14.9|15.09|0.0||
AMRB|63|NASDAQ|2020|1|8|15|30|700|15.0|15.0|15.0|15.0|0.0||
AMRB|64|NASDAQ|2020|1|7|15|30|800|15.15|14.99|14.99|15.15|0.0||
AMRB|65|NASDAQ|2020|1|6|15|30|6100|14.91|14.87|14.87|14.91|0.0||
AMRB|66|NASDAQ|2020|1|3|15|30|1900|15.15|14.9|14.9|15.15|0.0||
AMRB|67|NASDAQ|2020|1|2|15|30|8900|15.22|14.87|15.22|14.87|0.0||
AMRB|68|NASDAQ|2019|12|31|15|30|1700|15.0|14.87|14.87|15.0|0.0||
AMRB|69|NASDAQ|2019|12|30|15|30|17500|15.2|14.86|14.86|15.0|0.0||
AMRB|70|NASDAQ|2019|12|27|15|30|600|15.07|15.07|15.07|15.07|0.0||
AMRB|71|NASDAQ|2019|12|26|15|30|0|15.05|15.05|15.05|15.05|0.0||
AMRB|72|NASDAQ|2019|12|24|15|30|3800|15.05|14.96|15.05|15.03|0.0||
AMRB|73|NASDAQ|2019|12|23|15|30|4400|15.15|14.82|14.84|15.07|0.0||
AMRB|74|NASDAQ|2019|12|20|15|30|17800|15.5|15.01|15.02|15.17|0.0||
AMRB|75|NASDAQ|2019|12|19|15|30|2200|15.25|15.16|15.16|15.25|0.0||
AMRB|76|NASDAQ|2019|12|18|15|30|11600|15.25|15.01|15.01|15.25|0.0||
AMRB|77|NASDAQ|2019|12|17|15|30|216000|15.25|14.7|15.25|14.75|0.0||
AMRB|78|NASDAQ|2019|12|16|15|30|1100|14.78|14.75|14.75|14.76|0.0||
AMRB|79|NASDAQ|2019|12|13|15|30|1300|14.8|14.71|14.8|14.71|0.0||
AMRB|80|NASDAQ|2019|12|12|15|30|300|14.8|14.8|14.8|14.8|0.0||
AMRB|81|NASDAQ|2019|12|11|15|30|1600|15.0|13.75|14.7|13.75|0.0||
AMRB|82|NASDAQ|2019|12|10|15|30|3800|14.7|14.7|14.7|14.7|0.0||
AMRB|83|NASDAQ|2019|12|9|15|30|10600|15.0|14.72|14.72|14.75|0.0||
AMRB|84|NASDAQ|2019|12|6|15|30|9200|15.0|14.71|14.71|15.0|0.0||
AMRB|85|NASDAQ|2019|12|5|15|30|0|15.15|15.15|15.15|15.15|0.0||
AMRB|86|NASDAQ|2019|12|4|15|30|2100|15.5|14.77|15.15|15.5|0.0||
AMRB|87|NASDAQ|2019|12|3|15|30|2200|15.45|14.74|14.74|15.0|0.0||
AMRB|88|NASDAQ|2019|12|2|15|30|3000|15.69|14.94|15.5|15.65|0.0||
AMRB|89|NASDAQ|2019|11|29|15|30|1000|15.5|15.3|15.5|15.49|0.0||
AMRB|90|NASDAQ|2019|11|27|15|30|0|14.95|14.95|14.95|14.95|0.0||
AMRB|91|NASDAQ|2019|11|26|15|30|41900|15.99|14.69|14.95|14.82|0.0||
AMRB|92|NASDAQ|2019|11|25|15|30|7100|14.9|14.73|14.84|14.9|0.0||
AMRB|93|NASDAQ|2019|11|22|15|30|12100|14.88|14.65|14.88|14.65|0.0||
AMRB|94|NASDAQ|2019|11|21|15|30|1800|14.75|14.5|14.6|14.75|0.0||
AMRB|95|NASDAQ|2019|11|20|15|30|7300|14.88|14.06|14.4|14.31|0.0||
AMRB|96|NASDAQ|2019|11|19|15|30|246500|14.65|14.6|14.65|14.6|0.0||
AMRB|97|NASDAQ|2019|11|18|15|30|2800|14.63|14.5|14.5|14.63|0.0||
AMRB|98|NASDAQ|2019|11|15|15|30|1000|14.74|14.65|14.65|14.65|0.0||
AMRB|99|NASDAQ|2019|11|14|15|30|500|14.63|14.63|14.63|14.63|0.0||
AMRB|100|NASDAQ|2019|11|13|15|30|1000|14.66|14.5|14.62|14.66|0.0||
AMRB|101|NASDAQ|2019|11|12|15|30|400|14.63|14.63|14.63|14.63|0.0||
AMRB|102|NASDAQ|2019|11|11|15|30|700|14.59|14.59|14.59|14.59|0.0||
AMRB|103|NASDAQ|2019|11|8|15|30|100|14.65|14.65|14.65|14.65|0.0||
AMRB|104|NASDAQ|2019|11|7|15|30|400|14.65|14.65|14.65|14.65|0.0||
AMRB|105|NASDAQ|2019|11|6|15|30|300|14.5|14.5|14.5|14.5|0.0||
AMRB|106|NASDAQ|2019|11|5|15|30|1300|14.75|14.55|14.75|14.55|0.0||
AMRB|107|NASDAQ|2019|11|4|15|30|100|14.75|14.75|14.75|14.75|0.0||
AMRB|108|NASDAQ|2019|11|1|14|30|10800|14.75|14.57|14.75|14.75|0.0||
AMRB|109|NASDAQ|2019|10|31|14|30|100|14.62|14.62|14.62|14.62|0.0||
AMRB|110|NASDAQ|2019|10|30|14|30|600|14.62|14.59|14.62|14.59|0.0||
AMRB|111|NASDAQ|2019|10|29|14|30|3500|14.78|14.53|14.53|14.74|0.0||
AMRB|112|NASDAQ|2019|10|28|14|30|600|14.85|14.5|14.5|14.79|0.0||
AMRB|113|NASDAQ|2019|10|25|15|30|16600|14.78|14.56|14.76|14.78|0.0||
AMRB|114|NASDAQ|2019|10|24|15|30|1800|14.96|14.5|14.85|14.5|0.0||
AMRB|115|NASDAQ|2019|10|23|15|30|23600|14.85|14.4|14.44|14.5|0.0||
AMRB|116|NASDAQ|2019|10|22|15|30|0|14.87|14.87|14.87|14.87|0.0||
AMRB|117|NASDAQ|2019|10|21|15|30|3100|14.87|14.6|14.87|14.6|0.0||
AMRB|118|NASDAQ|2019|10|18|15|30|3200|14.6|14.33|14.59|14.55|0.0||
AMRB|119|NASDAQ|2019|10|17|15|30|1300|14.8|14.3|14.3|14.62|0.0||
AMRB|120|NASDAQ|2019|10|16|15|30|8900|14.5|13.9|14.5|13.9|0.0||
AMRB|121|NASDAQ|2019|10|15|15|30|400|14.15|14.15|14.15|14.15|0.0||
AMRB|122|NASDAQ|2019|10|14|15|30|4600|14.38|14.0|14.2|14.19|||
AMRB|123|NASDAQ|2019|10|11|15|30|6300|14.23|13.75|14.23|13.75|||
AMRB|124|NASDAQ|2019|10|10|15|30|8600|14.14|13.6|13.6|14.14|||
AMRB|125|NASDAQ|2019|10|9|15|30|10400|14.01|13.83|14.01|13.92|||
AMRB|126|NASDAQ|2019|10|8|15|30|24100|14.0|13.75|13.75|14.0|||
AMRS|0|NASDAQ|2020|4|8|20|17|449108|2.6|2.45|2.59|2.51|||
AMRS|1|NASDAQ|2020|4|7|15|30|2800700|2.75|2.33|2.51|2.64|||
AMRS|2|NASDAQ|2020|4|6|15|30|1492400|2.62|2.26|2.56|2.3|||
AMRS|3|NASDAQ|2020|4|3|15|30|1866200|2.4|2.15|2.23|2.31|||
AMRS|4|NASDAQ|2020|4|2|15|30|1370200|2.32|2.14|2.3|2.19|||
AMRS|5|NASDAQ|2020|4|1|15|30|1502100|2.5|2.15|2.17|2.39|1.0||
AMRS|6|NASDAQ|2020|3|31|15|30|1305600|2.6|2.38|2.56|2.5|0.0||
AMRS|7|NASDAQ|2020|3|30|15|30|1366400|2.5|2.17|2.46|2.34|0.0||
AMRS|8|NASDAQ|2020|3|27|14|30|2070100|2.43|2.03|2.28|2.11|0.0||
AMRS|9|NASDAQ|2020|3|26|14|30|5945300|2.64|1.93|2.19|2.07|0.0||
AMRS|10|NASDAQ|2020|3|25|14|30|2012900|2.23|1.97|2.01|2.08|0.0||
AMRS|11|NASDAQ|2020|3|24|14|30|1959000|2.23|1.99|2.15|2.0|0.0||
AMRS|12|NASDAQ|2020|3|23|14|30|1811200|2.25|1.88|1.94|2.24|1.0||
AMRS|13|NASDAQ|2020|3|20|14|30|1747200|2.44|2.07|2.23|2.41|0.0||
AMRS|14|NASDAQ|2020|3|19|14|30|1752700|2.4|2.0|2.39|2.0|0.0||
AMRS|15|NASDAQ|2020|3|18|14|30|2483500|2.12|1.71|2.01|2.0|0.0||
AMRS|16|NASDAQ|2020|3|17|14|30|3076700|2.15|1.54|2.15|1.66|0.0||
AMRS|17|NASDAQ|2020|3|16|14|30|3532000|1.72|1.4|1.57|1.7|1.0||
AMRS|18|NASDAQ|2020|3|13|14|30|6214200|2.44|1.75|1.84|2.33|0.0||
AMRS|19|NASDAQ|2020|3|12|14|30|2714200|2.72|2.5|2.66|2.68|0.0||
AMRS|20|NASDAQ|2020|3|11|14|30|2711500|3.14|2.75|2.96|3.11|0.0||
AMRS|21|NASDAQ|2020|3|10|14|30|2197100|3.28|2.98|3.08|3.17|0.0||
AMRS|22|NASDAQ|2020|3|9|14|30|2512000|3.36|3.05|3.06|3.36|0.0||
AMRS|23|NASDAQ|2020|3|6|15|30|3618800|3.83|3.39|3.6|3.71|0.0||
AMRS|24|NASDAQ|2020|3|5|15|30|2374700|3.69|3.46|3.56|3.58|0.0||
AMRS|25|NASDAQ|2020|3|4|15|30|3644900|3.68|3.25|3.67|3.38|0.0||
AMRS|26|NASDAQ|2020|3|3|15|30|2549700|3.55|3.18|3.29|3.5|0.0||
AMRS|27|NASDAQ|2020|3|2|15|30|3289100|3.5|2.89|3.47|3.17|0.0||
AMRS|28|NASDAQ|2020|2|28|15|30|4822700|3.2|2.74|3.19|2.9|0.0||
AMRS|29|NASDAQ|2020|2|27|15|30|2140600|3.15|2.86|2.94|3.05|1.0||
AMRS|30|NASDAQ|2020|2|26|15|30|1325000|3.19|3.05|3.13|3.18|0.0||
AMRS|31|NASDAQ|2020|2|25|15|30|2167900|3.38|3.1|3.18|3.34|0.0||
AMRS|32|NASDAQ|2020|2|24|15|30|3406100|3.6|3.08|3.29|3.19|0.0||
AMRS|33|NASDAQ|2020|2|21|15|30|2310800|3.3|3.03|3.3|3.15|0.0||
AMRS|34|NASDAQ|2020|2|20|15|30|2832900|3.35|3.05|3.11|3.31|0.0||
AMRS|35|NASDAQ|2020|2|19|15|30|3237900|3.53|3.2|3.33|3.42|0.0||
AMRS|36|NASDAQ|2020|2|18|15|30|1976900|3.93|3.39|3.41|3.86|0.0||
AMRS|37|NASDAQ|2020|2|14|15|30|2276500|4.08|3.73|3.75|3.81|0.0||
AMRS|38|NASDAQ|2020|2|13|15|30|1771000|3.89|3.63|3.81|3.83|0.0||
AMRS|39|NASDAQ|2020|2|12|15|30|2668500|3.86|3.51|3.85|3.67|0.0||
AMRS|40|NASDAQ|2020|2|11|15|30|2503600|3.61|3.28|3.6|3.4|0.0||
AMRS|41|NASDAQ|2020|2|10|15|30|2177500|3.47|3.2|3.36|3.3|0.0||
AMRS|42|NASDAQ|2020|2|7|15|30|1933900|3.37|3.09|3.32|3.12|1.0||
AMRS|43|NASDAQ|2020|2|6|15|30|2432700|3.38|3.07|3.15|3.38|1.0||
AMRS|44|NASDAQ|2020|2|5|15|30|4586900|3.49|2.95|3.32|2.99|0.0||
AMRS|45|NASDAQ|2020|2|4|15|30|2452300|2.98|2.74|2.92|2.91|1.0||
AMRS|46|NASDAQ|2020|2|3|15|30|3471200|3.06|2.59|2.86|2.59|1.0||
AMRS|47|NASDAQ|2020|1|31|15|30|1468000|2.67|2.45|2.56|2.6|1.0||
AMRS|48|NASDAQ|2020|1|30|15|30|1776300|2.66|2.42|2.65|2.57|1.0||
AMRS|49|NASDAQ|2020|1|29|15|30|1172900|2.76|2.58|2.6|2.69|0.0||
AMRS|50|NASDAQ|2020|1|28|15|30|1138100|2.8|2.64|2.69|2.64|0.0||
AMRS|51|NASDAQ|2020|1|27|15|30|1293300|2.83|2.61|2.62|2.8|0.0||
AMRS|52|NASDAQ|2020|1|24|15|30|1130700|2.98|2.83|2.84|2.91|0.0||
AMRS|53|NASDAQ|2020|1|23|15|30|1055900|2.97|2.8|2.91|2.87|0.0||
AMRS|54|NASDAQ|2020|1|22|15|30|1339500|3.1|2.83|2.85|3.02|0.0||
AMRS|55|NASDAQ|2020|1|21|15|30|1452600|3.06|2.9|3.03|3.02|0.0||
AMRS|56|NASDAQ|2020|1|17|15|30|2523900|3.13|2.91|2.97|3.13|0.0||
AMRS|57|NASDAQ|2020|1|16|15|30|1651500|3.1|2.96|3.09|3.03|0.0||
AMRS|58|NASDAQ|2020|1|15|15|30|2054800|2.99|2.8|2.97|2.9|0.0||
AMRS|59|NASDAQ|2020|1|14|15|30|2165800|2.94|2.76|2.9|2.9|0.0||
AMRS|60|NASDAQ|2020|1|13|15|30|3044300|3.09|2.81|2.85|3.09|0.0||
AMRS|61|NASDAQ|2020|1|10|15|30|2658800|2.99|2.78|2.95|2.99|0.0||
AMRS|62|NASDAQ|2020|1|9|15|30|1676400|3.11|2.94|2.94|3.08|0.0||
AMRS|63|NASDAQ|2020|1|8|15|30|1233500|3.16|3.02|3.05|3.12|0.0||
AMRS|64|NASDAQ|2020|1|7|15|30|1029500|3.21|3.09|3.12|3.17|0.0||
AMRS|65|NASDAQ|2020|1|6|15|30|1169500|3.22|3.03|3.2|3.18|0.0||
AMRS|66|NASDAQ|2020|1|3|15|30|892100|3.18|3.05|3.15|3.08|0.0||
AMRS|67|NASDAQ|2020|1|2|15|30|1424600|3.16|3.02|3.07|3.16|0.0||
AMRS|68|NASDAQ|2019|12|31|15|30|2638900|3.22|3.02|3.09|3.16|0.0||
AMRS|69|NASDAQ|2019|12|30|15|30|890200|3.3|3.14|3.17|3.25|0.0||
AMRS|70|NASDAQ|2019|12|27|15|30|1355800|3.5|3.26|3.27|3.44|0.0||
AMRS|71|NASDAQ|2019|12|26|15|30|590300|3.27|3.15|3.25|3.19|0.0||
AMRS|72|NASDAQ|2019|12|24|15|30|416300|3.28|3.17|3.19|3.28|0.0||
AMRS|73|NASDAQ|2019|12|23|15|30|1114700|3.38|3.12|3.24|3.32|0.0||
AMRS|74|NASDAQ|2019|12|20|15|30|4232800|3.4|3.06|3.34|3.26|0.0||
AMRS|75|NASDAQ|2019|12|19|15|30|887300|3.4|3.24|3.24|3.37|0.0||
AMRS|76|NASDAQ|2019|12|18|15|30|781500|3.48|3.3|3.37|3.42|0.0||
AMRS|77|NASDAQ|2019|12|17|15|30|1291100|3.6|3.24|3.44|3.4|0.0||
AMRS|78|NASDAQ|2019|12|16|15|30|920300|3.41|3.24|3.36|3.29|0.0||
AMRS|79|NASDAQ|2019|12|13|15|30|1414200|3.59|3.21|3.26|3.52|0.0||
AMRS|80|NASDAQ|2019|12|12|15|30|2743900|3.65|3.27|3.5|3.61|0.0||
AMRS|81|NASDAQ|2019|12|11|15|30|1064300|3.42|3.21|3.24|3.36|0.0||
AMRS|82|NASDAQ|2019|12|10|15|30|1172100|3.39|3.09|3.34|3.1|0.0||
AMRS|83|NASDAQ|2019|12|9|15|30|1246100|3.3|3.01|3.15|3.21|0.0||
AMRS|84|NASDAQ|2019|12|6|15|30|1607500|3.5|3.21|3.24|3.48|0.0||
AMRS|85|NASDAQ|2019|12|5|15|30|1864200|3.77|3.34|3.4|3.71|0.0||
AMRS|86|NASDAQ|2019|12|4|15|30|1365500|4.04|3.63|3.65|3.96|0.0||
AMRS|87|NASDAQ|2019|12|3|15|30|955200|3.98|3.7|3.94|3.81|0.0||
AMRS|88|NASDAQ|2019|12|2|15|30|613800|4.06|3.87|3.9|4.0|0.0||
AMRS|89|NASDAQ|2019|11|29|15|30|487200|4.07|3.91|4.02|4.0|0.0||
AMRS|90|NASDAQ|2019|11|27|15|30|807200|4.04|3.84|4.0|4.0|0.0||
AMRS|91|NASDAQ|2019|11|26|15|30|1370900|4.04|3.78|3.94|3.94|0.0||
AMRS|92|NASDAQ|2019|11|25|15|30|1156700|3.99|3.7|3.9|3.7|0.0||
AMRS|93|NASDAQ|2019|11|22|15|30|1028500|3.87|3.66|3.75|3.74|0.0||
AMRS|94|NASDAQ|2019|11|21|15|30|707300|3.79|3.62|3.72|3.79|0.0||
AMRS|95|NASDAQ|2019|11|20|15|30|723100|3.85|3.68|3.77|3.68|0.0||
AMRS|96|NASDAQ|2019|11|19|15|30|587000|3.91|3.68|3.71|3.72|0.0||
AMRS|97|NASDAQ|2019|11|18|15|30|419800|3.95|3.74|3.76|3.9|0.0||
AMRS|98|NASDAQ|2019|11|15|15|30|787600|3.92|3.5|3.86|3.89|0.0||
AMRS|99|NASDAQ|2019|11|14|15|30|1013400|3.93|3.62|3.89|3.67|0.0||
AMRS|100|NASDAQ|2019|11|13|15|30|1210000|4.03|3.66|3.71|4.02|0.0||
AMRS|101|NASDAQ|2019|11|12|15|30|763400|4.43|4.18|4.18|4.42|0.0||
AMRS|102|NASDAQ|2019|11|11|15|30|783100|4.52|4.31|4.44|4.52|0.0||
AMRS|103|NASDAQ|2019|11|8|15|30|2223800|4.52|4.06|4.52|4.5|0.0||
AMRS|104|NASDAQ|2019|11|7|15|30|542700|4.16|3.85|3.98|3.99|0.0||
AMRS|105|NASDAQ|2019|11|6|15|30|392000|4.18|3.93|3.96|4.12|0.0||
AMRS|106|NASDAQ|2019|11|5|15|30|546900|4.34|4.05|4.18|4.05|0.0||
AMRS|107|NASDAQ|2019|11|4|15|30|534800|4.03|3.63|4.02|3.66|0.0||
AMRS|108|NASDAQ|2019|11|1|14|30|403800|3.64|3.29|3.63|3.33|0.0||
AMRS|109|NASDAQ|2019|10|31|14|30|406500|3.45|3.28|3.32|3.43|1.0||
AMRS|110|NASDAQ|2019|10|30|14|30|692600|3.73|3.41|3.42|3.7|1.0||
AMRS|111|NASDAQ|2019|10|29|14|30|276000|3.78|3.61|3.7|3.69|0.0||
AMRS|112|NASDAQ|2019|10|28|14|30|250200|3.77|3.67|3.69|3.68|0.0||
AMRS|113|NASDAQ|2019|10|25|15|30|451400|3.81|3.65|3.69|3.7|0.0||
AMRS|114|NASDAQ|2019|10|24|15|30|542000|3.77|3.54|3.71|3.66|0.0||
AMRS|115|NASDAQ|2019|10|23|15|30|332000|3.78|3.66|3.73|3.66|0.0||
AMRS|116|NASDAQ|2019|10|22|15|30|753700|3.84|3.66|3.71|3.79|0.0||
AMRS|117|NASDAQ|2019|10|21|15|30|696600|3.86|3.58|3.8|3.58|0.0||
AMRS|118|NASDAQ|2019|10|18|15|30|546000|3.84|3.58|3.61|3.77|0.0||
AMRS|119|NASDAQ|2019|10|17|15|30|655500|3.79|3.42|3.76|3.48|0.0||
AMRS|120|NASDAQ|2019|10|16|15|30|403500|3.55|3.35|3.46|3.44|0.0||
AMRS|121|NASDAQ|2019|10|15|15|30|533400|3.63|3.45|3.46|3.51|0.0||
AMRS|122|NASDAQ|2019|10|14|15|30|554400|3.64|3.43|3.53|3.58|0.0||
AMRS|123|NASDAQ|2019|10|11|15|30|1483000|3.67|3.25|3.65|3.44|||
AMRS|124|NASDAQ|2019|10|10|15|30|884500|3.82|3.39|3.46|3.77|||
AMRS|125|NASDAQ|2019|10|9|15|30|1599300|4.01|3.58|3.6|3.99|||
AMRS|126|NASDAQ|2019|10|8|15|30|775200|4.28|3.99|4.0|4.28|||
AMSC|0|NASDAQ|2020|4|8|20|2|97479|6.03|5.65|5.95|5.75|||
AMSC|1|NASDAQ|2020|4|7|15|30|292000|6.0|5.48|5.62|5.98|||
AMSC|2|NASDAQ|2020|4|6|15|30|274500|6.09|5.66|5.82|5.8|||
AMSC|3|NASDAQ|2020|4|3|15|30|239400|5.69|5.41|5.58|5.57|||
AMSC|4|NASDAQ|2020|4|2|15|30|176600|5.77|5.21|5.64|5.27|||
AMSC|5|NASDAQ|2020|4|1|15|30|242600|5.35|5.11|5.24|5.24|0.0||
AMSC|6|NASDAQ|2020|3|31|15|30|261000|5.51|5.14|5.48|5.28|0.0||
AMSC|7|NASDAQ|2020|3|30|15|30|284800|5.44|5.0|5.3|5.33|0.0||
AMSC|8|NASDAQ|2020|3|27|14|30|220300|5.6|5.12|5.22|5.46|0.0||
AMSC|9|NASDAQ|2020|3|26|14|30|266900|5.72|5.41|5.68|5.48|0.0||
AMSC|10|NASDAQ|2020|3|25|14|30|162800|5.73|5.2|5.43|5.5|0.0||
AMSC|11|NASDAQ|2020|3|24|14|30|302600|5.53|4.87|5.48|5.01|0.0||
AMSC|12|NASDAQ|2020|3|23|14|30|280900|4.83|4.4|4.76|4.83|0.0||
AMSC|13|NASDAQ|2020|3|20|14|30|502700|5.09|4.57|4.64|4.76|1.0||
AMSC|14|NASDAQ|2020|3|19|14|30|458200|5.01|4.52|4.72|4.71|1.0||
AMSC|15|NASDAQ|2020|3|18|14|30|450900|5.54|4.66|4.7|5.22|1.0||
AMSC|16|NASDAQ|2020|3|17|14|30|373100|5.71|4.88|5.62|4.94|0.0||
AMSC|17|NASDAQ|2020|3|16|14|30|331300|5.52|4.9|4.96|5.0|0.0||
AMSC|18|NASDAQ|2020|3|13|14|30|261400|5.59|4.96|5.45|5.5|0.0||
AMSC|19|NASDAQ|2020|3|12|14|30|278400|5.67|5.0|5.21|5.16|0.0||
AMSC|20|NASDAQ|2020|3|11|14|30|315200|6.26|5.5|5.71|6.12|0.0||
AMSC|21|NASDAQ|2020|3|10|14|30|223900|6.67|6.05|6.34|6.57|0.0||
AMSC|22|NASDAQ|2020|3|9|14|30|244700|7.17|6.23|6.26|6.47|0.0||
AMSC|23|NASDAQ|2020|3|6|15|30|231500|7.15|6.78|7.02|7.03|0.0||
AMSC|24|NASDAQ|2020|3|5|15|30|166200|7.36|7.07|7.36|7.19|0.0||
AMSC|25|NASDAQ|2020|3|4|15|30|149000|7.48|7.14|7.42|7.36|0.0||
AMSC|26|NASDAQ|2020|3|3|15|30|252700|7.58|7.01|7.19|7.29|0.0||
AMSC|27|NASDAQ|2020|3|2|15|30|193600|7.28|6.75|7.28|6.95|0.0||
AMSC|28|NASDAQ|2020|2|28|15|30|314300|6.9|6.5|6.85|6.54|0.0||
AMSC|29|NASDAQ|2020|2|27|15|30|341600|7.51|6.83|6.85|7.49|0.0||
AMSC|30|NASDAQ|2020|2|26|15|30|182800|7.75|7.34|7.73|7.4|0.0||
AMSC|31|NASDAQ|2020|2|25|15|30|281600|8.16|7.32|7.34|8.16|0.0||
AMSC|32|NASDAQ|2020|2|24|15|30|264700|8.25|7.63|8.15|7.7|0.0||
AMSC|33|NASDAQ|2020|2|21|15|30|226100|8.3|7.96|8.09|8.27|0.0||
AMSC|34|NASDAQ|2020|2|20|15|30|198200|8.49|8.12|8.31|8.12|0.0||
AMSC|35|NASDAQ|2020|2|19|15|30|316400|8.22|7.54|8.05|7.76|0.0||
AMSC|36|NASDAQ|2020|2|18|15|30|198200|7.97|7.67|7.72|7.8|0.0||
AMSC|37|NASDAQ|2020|2|14|15|30|240000|8.12|7.8|7.88|8.0|0.0||
AMSC|38|NASDAQ|2020|2|13|15|30|159400|8.03|7.62|7.96|7.77|0.0||
AMSC|39|NASDAQ|2020|2|12|15|30|290700|7.87|7.42|7.8|7.42|0.0||
AMSC|40|NASDAQ|2020|2|11|15|30|415600|7.67|7.08|7.39|7.16|0.0||
AMSC|41|NASDAQ|2020|2|10|15|30|300800|7.36|6.98|7.24|7.08|0.0||
AMSC|42|NASDAQ|2020|2|7|15|30|230200|7.36|7.05|7.07|7.23|0.0||
AMSC|43|NASDAQ|2020|2|6|15|30|1174300|8.6|6.12|7.32|6.14|0.0||
AMSC|44|NASDAQ|2020|2|5|15|30|248700|6.94|6.39|6.88|6.44|0.0||
AMSC|45|NASDAQ|2020|2|4|15|30|218800|6.61|6.3|6.3|6.6|1.0||
AMSC|46|NASDAQ|2020|2|3|15|30|184300|6.6|6.29|6.43|6.35|0.0||
AMSC|47|NASDAQ|2020|1|31|15|30|229000|6.57|6.12|6.28|6.55|1.0||
AMSC|48|NASDAQ|2020|1|30|15|30|195600|6.86|6.49|6.55|6.79|0.0||
AMSC|49|NASDAQ|2020|1|29|15|30|288000|7.26|6.76|6.9|7.25|0.0||
AMSC|50|NASDAQ|2020|1|28|15|30|323400|7.72|7.13|7.17|7.65|0.0||
AMSC|51|NASDAQ|2020|1|27|15|30|244900|7.82|7.41|7.56|7.69|0.0||
AMSC|52|NASDAQ|2020|1|24|15|30|601500|8.38|7.56|7.87|7.58|0.0||
AMSC|53|NASDAQ|2020|1|23|15|30|169600|7.61|7.26|7.32|7.55|0.0||
AMSC|54|NASDAQ|2020|1|22|15|30|196500|8.27|7.56|7.6|8.22|0.0||
AMSC|55|NASDAQ|2020|1|21|15|30|242100|8.22|7.87|8.21|7.95|0.0||
AMSC|56|NASDAQ|2020|1|17|15|30|167600|7.95|7.81|7.88|7.86|0.0||
AMSC|57|NASDAQ|2020|1|16|15|30|283200|7.98|7.68|7.81|7.69|0.0||
AMSC|58|NASDAQ|2020|1|15|15|30|116400|7.71|7.5|7.58|7.58|0.0||
AMSC|59|NASDAQ|2020|1|14|15|30|221800|7.78|7.4|7.62|7.42|0.0||
AMSC|60|NASDAQ|2020|1|13|15|30|225500|7.54|7.11|7.45|7.24|0.0||
AMSC|61|NASDAQ|2020|1|10|15|30|295400|7.44|7.12|7.24|7.44|0.0||
AMSC|62|NASDAQ|2020|1|9|15|30|185700|7.53|7.4|7.4|7.46|0.0||
AMSC|63|NASDAQ|2020|1|8|15|30|271900|7.57|7.31|7.41|7.54|0.0||
AMSC|64|NASDAQ|2020|1|7|15|30|167200|7.66|7.47|7.56|7.63|0.0||
AMSC|65|NASDAQ|2020|1|6|15|30|182900|7.77|7.55|7.68|7.61|0.0||
AMSC|66|NASDAQ|2020|1|3|15|30|173600|7.78|7.62|7.68|7.73|0.0||
AMSC|67|NASDAQ|2020|1|2|15|30|140000|7.94|7.7|7.89|7.94|0.0||
AMSC|68|NASDAQ|2019|12|31|15|30|164600|7.98|7.8|7.85|7.87|0.0||
AMSC|69|NASDAQ|2019|12|30|15|30|188900|8.13|7.75|7.88|8.01|0.0||
AMSC|70|NASDAQ|2019|12|27|15|30|202000|8.38|7.98|8.02|8.23|0.0||
AMSC|71|NASDAQ|2019|12|26|15|30|246000|8.19|7.99|8.15|8.08|0.0||
AMSC|72|NASDAQ|2019|12|24|15|30|218700|8.13|7.83|8.07|7.84|0.0||
AMSC|73|NASDAQ|2019|12|23|15|30|393800|7.9|7.65|7.84|7.66|0.0||
AMSC|74|NASDAQ|2019|12|20|15|30|347800|7.76|7.53|7.72|7.76|0.0||
AMSC|75|NASDAQ|2019|12|19|15|30|372900|7.81|7.52|7.75|7.55|0.0||
AMSC|76|NASDAQ|2019|12|18|15|30|215600|7.8|7.5|7.52|7.74|0.0||
AMSC|77|NASDAQ|2019|12|17|15|30|193400|7.82|7.67|7.7|7.82|0.0||
AMSC|78|NASDAQ|2019|12|16|15|30|153000|7.96|7.7|7.76|7.96|0.0||
AMSC|79|NASDAQ|2019|12|13|15|30|167500|8.08|7.78|7.9|7.81|0.0||
AMSC|80|NASDAQ|2019|12|12|15|30|191600|7.88|7.61|7.77|7.61|0.0||
AMSC|81|NASDAQ|2019|12|11|15|30|185900|7.71|7.36|7.52|7.63|0.0||
AMSC|82|NASDAQ|2019|12|10|15|30|112100|7.85|7.6|7.61|7.83|0.0||
AMSC|83|NASDAQ|2019|12|9|15|30|120600|7.94|7.75|7.83|7.87|0.0||
AMSC|84|NASDAQ|2019|12|6|15|30|259000|7.94|7.6|7.87|7.61|0.0||
AMSC|85|NASDAQ|2019|12|5|15|30|323000|7.68|7.33|7.53|7.66|0.0||
AMSC|86|NASDAQ|2019|12|4|15|30|265900|7.98|7.52|7.62|7.94|0.0||
AMSC|87|NASDAQ|2019|12|3|15|30|193000|7.91|7.63|7.83|7.74|0.0||
AMSC|88|NASDAQ|2019|12|2|15|30|317300|8.4|7.81|7.9|8.4|0.0||
AMSC|89|NASDAQ|2019|11|29|15|30|162300|8.57|8.26|8.35|8.51|0.0||
AMSC|90|NASDAQ|2019|11|27|15|30|156000|8.6|8.42|8.6|8.52|0.0||
AMSC|91|NASDAQ|2019|11|26|15|30|225900|8.77|8.41|8.49|8.73|0.0||
AMSC|92|NASDAQ|2019|11|25|15|30|457000|9.09|8.52|8.62|8.8|0.0||
AMSC|93|NASDAQ|2019|11|22|15|30|874100|8.73|7.68|8.7|8.03|0.0||
AMSC|94|NASDAQ|2019|11|21|15|30|161500|8.05|7.7|8.05|8.05|0.0||
AMSC|95|NASDAQ|2019|11|20|15|30|241800|8.15|7.87|8.01|8.0|0.0||
AMSC|96|NASDAQ|2019|11|19|15|30|295700|8.16|7.65|8.03|7.85|0.0||
AMSC|97|NASDAQ|2019|11|18|15|30|263200|8.06|7.67|7.76|7.89|0.0||
AMSC|98|NASDAQ|2019|11|15|15|30|302500|7.98|7.51|7.78|7.58|0.0||
AMSC|99|NASDAQ|2019|11|14|15|30|212000|7.57|7.31|7.48|7.51|0.0||
AMSC|100|NASDAQ|2019|11|13|15|30|151600|7.93|7.47|7.51|7.61|0.0||
AMSC|101|NASDAQ|2019|11|12|15|30|182900|7.94|7.51|7.67|7.51|0.0||
AMSC|102|NASDAQ|2019|11|11|15|30|219600|8.02|7.42|7.61|7.89|0.0||
AMSC|103|NASDAQ|2019|11|8|15|30|116700|8.13|7.89|7.93|7.98|0.0||
AMSC|104|NASDAQ|2019|11|7|15|30|198400|8.23|7.91|8.05|8.18|0.0||
AMSC|105|NASDAQ|2019|11|6|15|30|326900|9.34|7.9|8.05|8.79|0.0||
AMSC|106|NASDAQ|2019|11|5|15|30|181300|8.64|8.23|8.36|8.26|0.0||
AMSC|107|NASDAQ|2019|11|4|15|30|127800|8.62|8.2|8.23|8.26|0.0||
AMSC|108|NASDAQ|2019|11|1|14|30|124300|8.31|7.84|8.08|7.91|0.0||
AMSC|109|NASDAQ|2019|10|31|14|30|152200|8.33|7.72|7.83|8.29|0.0||
AMSC|110|NASDAQ|2019|10|30|14|30|100700|8.37|8.13|8.32|8.37|0.0||
AMSC|111|NASDAQ|2019|10|29|14|30|185800|8.76|8.24|8.36|8.74|0.0||
AMSC|112|NASDAQ|2019|10|28|14|30|189400|9.3|8.66|8.74|9.23|0.0||
AMSC|113|NASDAQ|2019|10|25|15|30|159600|9.48|9.11|9.3|9.13|0.0||
AMSC|114|NASDAQ|2019|10|24|15|30|308800|9.57|9.09|9.1|9.57|0.0||
AMSC|115|NASDAQ|2019|10|23|15|30|208500|9.82|9.09|9.47|9.2|0.0||
AMSC|116|NASDAQ|2019|10|22|15|30|195000|9.17|8.51|9.05|8.52|0.0||
AMSC|117|NASDAQ|2019|10|21|15|30|76700|8.56|8.35|8.52|8.4|0.0||
AMSC|118|NASDAQ|2019|10|18|15|30|68700|8.36|8.12|8.27|8.19|0.0||
AMSC|119|NASDAQ|2019|10|17|15|30|97800|8.43|8.21|8.24|8.23|1.0||
AMSC|120|NASDAQ|2019|10|16|15|30|88200|8.44|8.11|8.19|8.18|0.0||
AMSC|121|NASDAQ|2019|10|15|15|30|114200|8.4|7.95|8.25|8.07|0.0||
AMSC|122|NASDAQ|2019|10|14|15|30|72500|8.32|8.03|8.06|8.31|0.0||
AMSC|123|NASDAQ|2019|10|11|15|30|141000|8.41|8.2|8.31|8.22|||
AMSC|124|NASDAQ|2019|10|10|15|30|104000|8.35|7.98|8.04|8.12|||
AMSC|125|NASDAQ|2019|10|9|15|30|173200|8.24|7.88|8.03|7.88|||
AMSC|126|NASDAQ|2019|10|8|15|30|128100|7.89|7.6|7.84|7.66|||
AMTB|0|NASDAQ|2020|4|8|20|3|9986|14.6|14.33|14.4|14.44|||
AMTB|1|NASDAQ|2020|4|7|15|30|33600|14.66|13.34|14.17|14.41|||
AMTB|2|NASDAQ|2020|4|6|15|30|95000|14.7|13.53|14.23|14.43|||
AMTB|3|NASDAQ|2020|4|3|15|30|28100|14.15|13.04|13.62|13.37|||
AMTB|4|NASDAQ|2020|4|2|15|30|41300|15.31|13.02|13.66|13.02|||
AMTB|5|NASDAQ|2020|4|1|15|30|49300|14.74|13.12|13.23|14.7|0.0||
AMTB|6|NASDAQ|2020|3|31|15|30|51900|15.39|14.56|15.39|15.22|0.0||
AMTB|7|NASDAQ|2020|3|30|15|30|37200|15.47|14.73|15.3|14.81|0.0||
AMTB|8|NASDAQ|2020|3|27|14|30|65800|15.66|14.48|14.48|14.9|0.0||
AMTB|9|NASDAQ|2020|3|26|14|30|51300|15.7|14.76|15.7|15.34|0.0||
AMTB|10|NASDAQ|2020|3|25|14|30|46000|16.5|14.64|15.17|16.26|0.0||
AMTB|11|NASDAQ|2020|3|24|14|30|67100|15.84|15.03|15.52|15.82|0.0||
AMTB|12|NASDAQ|2020|3|23|14|30|49000|16.440001000000002|14.1|15.1|14.27|0.0||
AMTB|13|NASDAQ|2020|3|20|14|30|119800|14.71|13.34|14.71|14.49|0.0||
AMTB|14|NASDAQ|2020|3|19|14|30|69800|14.65|11.98|14.47|12.0|0.0||
AMTB|15|NASDAQ|2020|3|18|14|30|46000|13.24|12.0|12.16|12.95|1.0||
AMTB|16|NASDAQ|2020|3|17|14|30|72200|14.12|11.83|14.12|12.42|0.0||
AMTB|17|NASDAQ|2020|3|16|14|30|91500|14.29|10.95|11.83|13.5|1.0||
AMTB|18|NASDAQ|2020|3|13|14|30|36800|15.68|13.63|14.72|14.4|0.0||
AMTB|19|NASDAQ|2020|3|12|14|30|100000|14.29|13.5|13.55|14.0|0.0||
AMTB|20|NASDAQ|2020|3|11|14|30|59300|14.86|14.1|14.5|14.69|0.0||
AMTB|21|NASDAQ|2020|3|10|14|30|42200|15.36|13.52|15.36|14.56|0.0||
AMTB|22|NASDAQ|2020|3|9|14|30|30600|15.93|14.01|14.14|15.36|0.0||
AMTB|23|NASDAQ|2020|3|6|15|30|33700|17.35|16.129998999999998|16.309998999999998|17.26|0.0||
AMTB|24|NASDAQ|2020|3|5|15|30|52800|18.17|17.75|17.98|17.92|0.0||
AMTB|25|NASDAQ|2020|3|4|15|30|47800|18.540001|18.27|18.5|18.5|0.0||
AMTB|26|NASDAQ|2020|3|3|15|30|34700|18.73|18.25|18.34|18.719999|0.0||
AMTB|27|NASDAQ|2020|3|2|15|30|23900|18.969999|17.92|18.82|18.5|0.0||
AMTB|28|NASDAQ|2020|2|28|15|30|71300|18.459999|17.25|18.459999|17.5|0.0||
AMTB|29|NASDAQ|2020|2|27|15|30|26900|18.4|17.75|17.77|18.02|0.0||
AMTB|30|NASDAQ|2020|2|26|15|30|23100|18.84|18.030001|18.48|18.639999|0.0||
AMTB|31|NASDAQ|2020|2|25|15|30|40000|19.32|18.25|18.370001|19.08|0.0||
AMTB|32|NASDAQ|2020|2|24|15|30|21000|19.889999|18.799999|18.91|18.889999|0.0||
AMTB|33|NASDAQ|2020|2|21|15|30|29700|19.790001|19.190001|19.66|19.459999|0.0||
AMTB|34|NASDAQ|2020|2|20|15|30|21300|19.940001|19.35|19.440001|19.5|0.0||
AMTB|35|NASDAQ|2020|2|19|15|30|32900|19.959999|19.309999|19.52|19.440001|0.0||
AMTB|36|NASDAQ|2020|2|18|15|30|14900|19.629999|18.959999|19.440001|19.27|0.0||
AMTB|37|NASDAQ|2020|2|14|15|30|17800|19.92|18.99|19.299999|19.48|0.0||
AMTB|38|NASDAQ|2020|2|13|15|30|13700|19.780001|19.25|19.49|19.25|0.0||
AMTB|39|NASDAQ|2020|2|12|15|30|19000|19.68|18.49|19.469999|19.440001|0.0||
AMTB|40|NASDAQ|2020|2|11|15|30|9800|19.66|19.139999|19.209999|19.360001|0.0||
AMTB|41|NASDAQ|2020|2|10|15|30|13000|19.27|18.5|19.27|18.5|0.0||
AMTB|42|NASDAQ|2020|2|7|15|30|28900|19.17|18.48|18.52|19.17|0.0||
AMTB|43|NASDAQ|2020|2|6|15|30|27100|20.030001|19.24|19.27|19.65|0.0||
AMTB|44|NASDAQ|2020|2|5|15|30|22500|19.74|19.15|19.59|19.32|0.0||
AMTB|45|NASDAQ|2020|2|4|15|30|18900|19.27|18.84|19.0|18.93|0.0||
AMTB|46|NASDAQ|2020|2|3|15|30|22400|19.75|18.629999|18.639999|18.9|0.0||
AMTB|47|NASDAQ|2020|1|31|15|30|29100|20.549999|18.629999|18.629999|20.360001|0.0||
AMTB|48|NASDAQ|2020|1|30|15|30|71300|20.549999|19.620001|20.450001|20.16|0.0||
AMTB|49|NASDAQ|2020|1|29|15|30|28600|19.889999|19.66|19.700001|19.76|0.0||
AMTB|50|NASDAQ|2020|1|28|15|30|32700|19.85|19.6|19.790001|19.74|0.0||
AMTB|51|NASDAQ|2020|1|27|15|30|27500|20.15|19.58|19.610001|20.0|0.0||
AMTB|52|NASDAQ|2020|1|24|15|30|44300|20.6|19.940001|20.15|20.6|0.0||
AMTB|53|NASDAQ|2020|1|23|15|30|63100|20.58|20.200001|20.360001|20.200001|0.0||
AMTB|54|NASDAQ|2020|1|22|15|30|21400|20.389999|20.25|20.33|20.35|0.0||
AMTB|55|NASDAQ|2020|1|21|15|30|27700|20.49|20.18|20.33|20.25|0.0||
AMTB|56|NASDAQ|2020|1|17|15|30|43400|20.700001|20.200001|20.26|20.59|0.0||
AMTB|57|NASDAQ|2020|1|16|15|30|41100|20.860001|20.32|20.389999|20.629999|0.0||
AMTB|58|NASDAQ|2020|1|15|15|30|32200|20.620001|20.16|20.559999|20.52|0.0||
AMTB|59|NASDAQ|2020|1|14|15|30|103200|20.91|20.57|20.6|20.91|0.0||
AMTB|60|NASDAQ|2020|1|13|15|30|83400|21.0|20.57|20.98|20.65|0.0||
AMTB|61|NASDAQ|2020|1|10|15|30|54200|21.040001|20.5|20.629999|20.85|0.0||
AMTB|62|NASDAQ|2020|1|9|15|30|62200|20.99|20.49|20.91|20.67|0.0||
AMTB|63|NASDAQ|2020|1|8|15|30|47900|20.959999|20.469999|20.67|20.65|0.0||
AMTB|64|NASDAQ|2020|1|7|15|30|87900|21.24|20.110001|20.620001|20.870001|0.0||
AMTB|65|NASDAQ|2020|1|6|15|30|40300|21.26|20.780001|20.959999|21.26|0.0||
AMTB|66|NASDAQ|2020|1|3|15|30|72400|21.530001|21.299999|21.32|21.389999|0.0||
AMTB|67|NASDAQ|2020|1|2|15|30|78200|21.9|21.24|21.6|21.9|0.0||
AMTB|68|NASDAQ|2019|12|31|15|30|38600|21.950001|21.690001|21.790001|21.690001|0.0||
AMTB|69|NASDAQ|2019|12|30|15|30|79400|21.959999|21.610001|21.940001|21.799999|0.0||
AMTB|70|NASDAQ|2019|12|27|15|30|96400|22.0|21.389999|21.75|22.0|0.0||
AMTB|71|NASDAQ|2019|12|26|15|30|52900|22.0|21.690001|21.950001|21.799999|0.0||
AMTB|72|NASDAQ|2019|12|24|15|30|33300|21.959999|21.5|21.690001|21.83|0.0||
AMTB|73|NASDAQ|2019|12|23|15|30|41400|21.98|21.41|21.83|21.83|0.0||
AMTB|74|NASDAQ|2019|12|20|15|30|137400|22.25|21.639999|22.0|22.25|0.0||
AMTB|75|NASDAQ|2019|12|19|15|30|58600|22.6|21.65|22.360001|22.200001|0.0||
AMTB|76|NASDAQ|2019|12|18|15|30|139500|22.809999|22.02|22.15|22.620001|0.0||
AMTB|77|NASDAQ|2019|12|17|15|30|28200|23.049999|22.559999|22.57|23.030001|0.0||
AMTB|78|NASDAQ|2019|12|16|15|30|70800|23.59|22.549999|23.02|22.809999|0.0||
AMTB|79|NASDAQ|2019|12|13|15|30|38800|22.540001|22.16|22.5|22.360001|0.0||
AMTB|80|NASDAQ|2019|12|12|15|30|51300|22.58|21.9|22.389999|22.0|0.0||
AMTB|81|NASDAQ|2019|12|11|15|30|24300|22.0|21.459999|22.0|21.75|0.0||
AMTB|82|NASDAQ|2019|12|10|15|30|48700|22.0|21.57|21.700001|21.92|0.0||
AMTB|83|NASDAQ|2019|12|9|15|30|37100|22.01|21.52|21.889999|21.52|0.0||
AMTB|84|NASDAQ|2019|12|6|15|30|39800|21.76|21.33|21.58|21.559999|0.0||
AMTB|85|NASDAQ|2019|12|5|15|30|38100|21.700001|21.290001|21.290001|21.49|0.0||
AMTB|86|NASDAQ|2019|12|4|15|30|67300|21.66|21.209999|21.450001|21.52|0.0||
AMTB|87|NASDAQ|2019|12|3|15|30|41900|21.82|21.23|21.309999|21.540001|0.0||
AMTB|88|NASDAQ|2019|12|2|15|30|72100|22.15|21.73|21.76|22.1|0.0||
AMTB|89|NASDAQ|2019|11|29|15|30|18300|22.52|20.9|22.040001|22.290001|0.0||
AMTB|90|NASDAQ|2019|11|27|15|30|31600|22.629999|22.049999|22.139999|22.209999|0.0||
AMTB|91|NASDAQ|2019|11|26|15|30|47700|22.700001|21.91|22.07|21.91|0.0||
AMTB|92|NASDAQ|2019|11|25|15|30|64800|22.24|21.27|22.09|21.5|0.0||
AMTB|93|NASDAQ|2019|11|22|15|30|52500|21.549999|20.82|21.41|21.25|0.0||
AMTB|94|NASDAQ|2019|11|21|15|30|51900|21.290001|20.780001|21.18|21.290001|0.0||
AMTB|95|NASDAQ|2019|11|20|15|30|78200|21.4|20.83|21.120001|21.049999|0.0||
AMTB|96|NASDAQ|2019|11|19|15|30|58800|21.440001|20.870001|21.1|21.16|0.0||
AMTB|97|NASDAQ|2019|11|18|15|30|46700|21.17|20.190001|21.07|20.690001|0.0||
AMTB|98|NASDAQ|2019|11|15|15|30|39900|21.15|20.4|20.700001|21.07|0.0||
AMTB|99|NASDAQ|2019|11|14|15|30|26900|21.49|20.780001|20.889999|21.48|0.0||
AMTB|100|NASDAQ|2019|11|13|15|30|12300|21.639999|21.129999|21.48|21.559999|0.0||
AMTB|101|NASDAQ|2019|11|12|15|30|22600|21.76|21.209999|21.67|21.24|0.0||
AMTB|102|NASDAQ|2019|11|11|15|30|30000|21.219999|20.6|21.209999|21.15|0.0||
AMTB|103|NASDAQ|2019|11|8|15|30|36100|21.66|20.799999|21.08|21.219999|0.0||
AMTB|104|NASDAQ|2019|11|7|15|30|48900|21.889999|21.18|21.469999|21.65|0.0||
AMTB|105|NASDAQ|2019|11|6|15|30|38000|21.719999|21.309999|21.33|21.620001|0.0||
AMTB|106|NASDAQ|2019|11|5|15|30|58700|21.719999|20.85|21.620001|20.92|0.0||
AMTB|107|NASDAQ|2019|11|4|15|30|45100|21.07|20.27|20.780001|20.52|0.0||
AMTB|108|NASDAQ|2019|11|1|14|30|31700|20.35|19.040001|20.27|19.75|0.0||
AMTB|109|NASDAQ|2019|10|31|14|30|75100|19.99|19.370001|19.65|19.99|0.0||
AMTB|110|NASDAQ|2019|10|30|14|30|40600|20.32|19.41|19.9|19.9|0.0||
AMTB|111|NASDAQ|2019|10|29|14|30|64100|20.5|19.4|19.74|19.540001|0.0||
AMTB|112|NASDAQ|2019|10|28|14|30|37900|20.120001|19.18|19.84|19.18|0.0||
AMTB|113|NASDAQ|2019|10|25|15|30|31700|19.219999|19.040001|19.040001|19.209999|0.0||
AMTB|114|NASDAQ|2019|10|24|15|30|28600|19.35|19.049999|19.190001|19.26|0.0||
AMTB|115|NASDAQ|2019|10|23|15|30|25200|19.32|18.950001|19.26|19.27|0.0||
AMTB|116|NASDAQ|2019|10|22|15|30|79500|19.43|19.139999|19.27|19.27|0.0||
AMTB|117|NASDAQ|2019|10|21|15|30|59300|19.309999|19.1|19.27|19.25|0.0||
AMTB|118|NASDAQ|2019|10|18|15|30|81000|19.48|18.91|19.120001|19.15|0.0||
AMTB|119|NASDAQ|2019|10|17|15|30|22100|19.42|18.93|19.299999|19.280001|0.0||
AMTB|120|NASDAQ|2019|10|16|15|30|43700|19.4|18.879999|19.23|19.190001|0.0||
AMTB|121|NASDAQ|2019|10|15|15|30|35000|19.4|19.08|19.219999|19.32|0.0||
AMTB|122|NASDAQ|2019|10|14|15|30|38700|19.4|18.389999|19.27|18.969999|0.0||
AMTB|123|NASDAQ|2019|10|11|15|30|43500|19.440001|19.15|19.190001|19.360001|||
AMTB|124|NASDAQ|2019|10|10|15|30|59100|19.48|19.15|19.24|19.309999|||
AMTB|125|NASDAQ|2019|10|9|15|30|59400|19.389999|18.809999|19.309999|18.93|||
AMTB|126|NASDAQ|2019|10|8|15|30|55700|19.5|18.9|18.99|19.25|||
AMZN|0|NASDAQ|2020|4|8|20|18|2489818|2033.439941|2011.150024|2028.209961|2021.0|||
AMZN|1|NASDAQ|2020|4|7|15|30|5104100|2035.719971|1997.619995|2011.599976|2017.109985|||
AMZN|2|NASDAQ|2020|4|6|15|30|5773200|1998.52002|1930.02002|1997.589966|1936.0|||
AMZN|3|NASDAQ|2020|4|3|15|30|3609900|1926.329956|1889.150024|1906.589966|1911.150024|||
AMZN|4|NASDAQ|2020|4|2|15|30|4336000|1927.530029|1890.0|1918.829956|1901.640015|||
AMZN|5|NASDAQ|2020|4|1|15|30|4121900|1944.959961|1893.0|1907.699951|1932.969971|0.0||
AMZN|6|NASDAQ|2020|3|31|15|30|5123600|1993.02002|1944.01001|1949.719971|1964.349976|0.0||
AMZN|7|NASDAQ|2020|3|30|15|30|6126100|1973.630005|1912.339966|1963.949951|1922.829956|0.0||
AMZN|8|NASDAQ|2020|3|27|14|30|5387900|1939.790039|1899.920044|1900.099976|1930.859985|0.0||
AMZN|9|NASDAQ|2020|3|26|14|30|6221300|1956.48999|1889.290039|1955.48999|1902.0|0.0||
AMZN|10|NASDAQ|2020|3|25|14|30|6479100|1950.26001|1885.780029|1885.839966|1920.689941|0.0||
AMZN|11|NASDAQ|2020|3|24|14|30|7147100|1955.0|1900.339966|1940.099976|1951.5|0.0||
AMZN|12|NASDAQ|2020|3|23|14|30|7808500|1919.400024|1812.0|1902.829956|1827.75|0.0||
AMZN|13|NASDAQ|2020|3|20|14|30|9817900|1957.0|1820.72998|1846.089966|1926.310059|0.0||
AMZN|14|NASDAQ|2020|3|19|14|30|10399900|1945.0|1832.650024|1880.930054|1860.0|0.0||
AMZN|15|NASDAQ|2020|3|18|14|30|9645200|1841.660034|1745.0|1830.0|1750.0|0.0||
AMZN|16|NASDAQ|2020|3|17|14|30|10917100|1857.780029|1689.2399899999998|1807.839966|1775.469971|0.0||
AMZN|17|NASDAQ|2020|3|16|14|30|8917300|1759.449951|1626.030029|1689.1500239999998|1641.51001|0.0||
AMZN|18|NASDAQ|2020|3|13|14|30|8809700|1786.310059|1680.619995|1785.0|1755.0|0.0||
AMZN|19|NASDAQ|2020|3|12|14|30|11346200|1765.0|1675.0|1676.609985|1721.97998|0.0||
AMZN|20|NASDAQ|2020|3|11|14|30|5624800|1871.319946|1801.5|1820.859985|1857.849976|0.0||
AMZN|21|NASDAQ|2020|3|10|14|30|7133300|1894.27002|1818.170044|1891.819946|1870.880005|0.0||
AMZN|22|NASDAQ|2020|3|9|14|30|7813200|1862.77002|1761.290039|1800.609985|1773.859985|0.0||
AMZN|23|NASDAQ|2020|3|6|15|30|5273600|1910.869995|1869.5|1901.089966|1875.0|0.0||
AMZN|24|NASDAQ|2020|3|5|15|30|4748200|1960.719971|1910.0|1924.030029|1933.0|0.0||
AMZN|25|NASDAQ|2020|3|4|15|30|4772900|1978.0|1922.0|1975.829956|1946.569946|0.0||
AMZN|26|NASDAQ|2020|3|3|15|30|7534500|1996.329956|1888.089966|1908.98999|1975.369995|0.0||
AMZN|27|NASDAQ|2020|3|2|15|30|6761700|1954.51001|1870.0|1953.949951|1906.48999|0.0||
AMZN|28|NASDAQ|2020|2|28|15|30|9493800|1889.76001|1811.130005|1883.75|1814.630005|0.0||
AMZN|29|NASDAQ|2020|2|27|15|30|8144000|1975.0|1882.76001|1884.300049|1934.380005|0.0||
AMZN|30|NASDAQ|2020|2|26|15|30|5224600|2014.670044|1960.449951|1979.589966|1970.280029|0.0||
AMZN|31|NASDAQ|2020|2|25|15|30|6219100|2034.599976|1958.420044|1972.73999|2026.420044|0.0||
AMZN|32|NASDAQ|2020|2|24|15|30|6547000|2039.300049|1987.969971|2009.290039|2003.180054|0.0||
AMZN|33|NASDAQ|2020|2|21|15|30|4646300|2144.550049|2088.0|2095.969971|2142.149902|0.0||
AMZN|34|NASDAQ|2020|2|20|15|30|3131300|2176.790039|2127.449951|2153.100098|2173.070068|0.0||
AMZN|35|NASDAQ|2020|2|19|15|30|2561200|2185.100098|2161.1201170000004|2170.219971|2167.800049|0.0||
AMZN|36|NASDAQ|2020|2|18|15|30|2945600|2166.070068|2124.110107|2155.669922|2125.02002|0.0||
AMZN|37|NASDAQ|2020|2|14|15|30|2606200|2159.040039|2125.889893|2134.8701170000004|2155.679932|0.0||
AMZN|38|NASDAQ|2020|2|13|15|30|3031800|2170.280029|2142.0|2149.8701170000004|2144.98999|0.0||
AMZN|39|NASDAQ|2020|2|12|15|30|3334300|2180.25|2155.290039|2160.0|2163.199951|0.0||
AMZN|40|NASDAQ|2020|2|11|15|30|5746000|2185.949951|2136.0|2150.800049|2150.899902|0.0||
AMZN|41|NASDAQ|2020|2|10|15|30|5056200|2135.600098|2084.959961|2133.909912|2085.01001|0.0||
AMZN|42|NASDAQ|2020|2|7|15|30|5095300|2098.530029|2038.099976|2079.280029|2041.98999|0.0||
AMZN|43|NASDAQ|2020|2|6|15|30|3183000|2056.300049|2024.800049|2050.22998|2041.02002|0.0||
AMZN|44|NASDAQ|2020|2|5|15|30|4376200|2071.02002|2032.0|2039.869995|2071.02002|0.0||
AMZN|45|NASDAQ|2020|2|4|15|30|5289300|2059.800049|2015.369995|2049.669922|2029.880005|0.0||
AMZN|46|NASDAQ|2020|2|3|15|30|5899100|2048.5|2000.25|2004.199951|2010.599976|0.0||
AMZN|47|NASDAQ|2020|1|31|15|30|15567300|2055.719971|2002.27002|2008.719971|2051.469971|0.0||
AMZN|48|NASDAQ|2020|1|30|15|30|6327400|1872.869995|1850.609985|1870.680054|1858.0|0.0||
AMZN|49|NASDAQ|2020|1|29|15|30|2088000|1874.75|1855.02002|1858.0|1864.0|0.0||
AMZN|50|NASDAQ|2020|1|28|15|30|2808000|1858.109985|1830.02002|1853.25|1840.5|0.0||
AMZN|51|NASDAQ|2020|1|27|15|30|3528500|1841.0|1815.339966|1828.339966|1820.0|0.0||
AMZN|52|NASDAQ|2020|1|24|15|30|3766200|1894.98999|1847.439941|1861.640015|1891.369995|0.0||
AMZN|53|NASDAQ|2020|1|23|15|30|2484600|1889.97998|1872.76001|1884.579956|1885.109985|0.0||
AMZN|54|NASDAQ|2020|1|22|15|30|3216300|1902.5|1883.339966|1887.459961|1896.089966|0.0||
AMZN|55|NASDAQ|2020|1|21|15|30|3707800|1894.27002|1860.0|1892.0|1865.0|0.0||
AMZN|56|NASDAQ|2020|1|17|15|30|3997300|1886.640015|1857.25|1864.719971|1885.890015|0.0||
AMZN|57|NASDAQ|2020|1|16|15|30|2659500|1885.589966|1866.02002|1877.939941|1882.98999|0.0||
AMZN|58|NASDAQ|2020|1|15|15|30|2896600|1878.859985|1855.089966|1862.02002|1872.25|0.0||
AMZN|59|NASDAQ|2020|1|14|15|30|3440900|1887.109985|1858.550049|1869.439941|1885.880005|0.0||
AMZN|60|NASDAQ|2020|1|13|15|30|2780800|1898.0|1880.800049|1891.300049|1891.310059|0.0||
AMZN|61|NASDAQ|2020|1|10|15|30|2853700|1906.939941|1880.0|1883.160034|1905.369995|0.0||
AMZN|62|NASDAQ|2020|1|9|15|30|3167300|1917.819946|1895.800049|1901.050049|1909.890015|0.0||
AMZN|63|NASDAQ|2020|1|8|15|30|3508000|1911.0|1886.439941|1891.969971|1898.040039|0.0||
AMZN|64|NASDAQ|2020|1|7|15|30|4044900|1913.890015|1892.040039|1906.859985|1904.5|0.0||
AMZN|65|NASDAQ|2020|1|6|15|30|4061800|1903.689941|1860.0|1902.880005|1860.0|0.0||
AMZN|66|NASDAQ|2020|1|3|15|30|3764400|1886.199951|1864.5|1874.969971|1864.5|0.0||
AMZN|67|NASDAQ|2020|1|2|15|30|4029000|1898.01001|1864.150024|1898.01001|1875.0|0.0||
AMZN|68|NASDAQ|2019|12|31|15|30|2506500|1853.26001|1832.22998|1847.839966|1842.0|0.0||
AMZN|69|NASDAQ|2019|12|30|15|30|3674700|1884.0|1840.619995|1846.890015|1874.0|0.0||
AMZN|70|NASDAQ|2019|12|27|15|30|6186600|1901.400024|1866.01001|1869.800049|1882.920044|0.0||
AMZN|71|NASDAQ|2019|12|26|15|30|6005400|1870.459961|1799.5|1868.77002|1801.0100100000002|0.0||
AMZN|72|NASDAQ|2019|12|24|15|30|881300|1795.569946|1787.5799559999996|1789.209961|1793.810059|0.0||
AMZN|73|NASDAQ|2019|12|23|15|30|2136400|1793.0|1784.5100100000002|1793.0|1788.2600100000002|0.0||
AMZN|74|NASDAQ|2019|12|20|15|30|5150800|1802.969971|1782.449951|1786.5|1799.619995|0.0||
AMZN|75|NASDAQ|2019|12|19|15|30|2652800|1792.9899899999998|1774.060059|1792.280029|1780.5|0.0||
AMZN|76|NASDAQ|2019|12|18|15|30|3351400|1798.199951|1782.359985|1784.030029|1795.02002|0.0||
AMZN|77|NASDAQ|2019|12|17|15|30|3644400|1792.0|1777.390015|1790.660034|1778.0100100000002|0.0||
AMZN|78|NASDAQ|2019|12|16|15|30|3145200|1769.5|1757.050049|1769.209961|1767.0|0.0||
AMZN|79|NASDAQ|2019|12|13|15|30|2745700|1768.9899899999998|1755.0|1760.939941|1765.0|0.0||
AMZN|80|NASDAQ|2019|12|12|15|30|3095900|1764.0|1745.439941|1760.3299559999996|1750.0|0.0||
AMZN|81|NASDAQ|2019|12|11|15|30|2097600|1750.0|1735.709961|1748.719971|1741.6700440000004|0.0||
AMZN|82|NASDAQ|2019|12|10|15|30|2514300|1750.6700440000004|1735.0|1739.209961|1747.4000239999998|0.0||
AMZN|83|NASDAQ|2019|12|9|15|30|2442800|1766.890015|1745.609985|1749.5100100000002|1750.660034|0.0||
AMZN|84|NASDAQ|2019|12|6|15|30|3117400|1754.4000239999998|1740.130005|1751.5999760000002|1751.199951|0.0||
AMZN|85|NASDAQ|2019|12|5|15|30|2823800|1763.5|1740.0|1740.47998|1763.5|0.0||
AMZN|86|NASDAQ|2019|12|4|15|30|2670100|1789.089966|1760.219971|1760.689941|1774.0100100000002|0.0||
AMZN|87|NASDAQ|2019|12|3|15|30|3380900|1772.869995|1747.22998|1769.959961|1760.0|0.0||
AMZN|88|NASDAQ|2019|12|2|15|30|3925600|1805.550049|1762.680054|1781.5999760000002|1804.400024|0.0||
AMZN|89|NASDAQ|2019|11|29|15|30|1923400|1824.689941|1800.790039|1800.800049|1817.780029|0.0||
AMZN|90|NASDAQ|2019|11|27|15|30|3025600|1824.5|1797.310059|1818.51001|1801.0|0.0||
AMZN|91|NASDAQ|2019|11|26|15|30|3181200|1797.030029|1778.3499760000002|1796.939941|1779.9200440000004|0.0||
AMZN|92|NASDAQ|2019|11|25|15|30|3486200|1777.4200440000004|1753.2399899999998|1773.839966|1753.25|0.0||
AMZN|93|NASDAQ|2019|11|22|15|30|2479100|1746.430054|1731.0|1745.719971|1739.02002|0.0||
AMZN|94|NASDAQ|2019|11|21|15|30|2662900|1746.869995|1730.359985|1734.709961|1743.0|0.0||
AMZN|95|NASDAQ|2019|11|20|15|30|2790000|1762.52002|1734.119995|1745.530029|1749.140015|0.0||
AMZN|96|NASDAQ|2019|11|19|15|30|2270800|1760.680054|1743.030029|1752.790039|1756.9899899999998|0.0||
AMZN|97|NASDAQ|2019|11|18|15|30|2839500|1753.699951|1722.709961|1752.530029|1738.300049|0.0||
AMZN|98|NASDAQ|2019|11|15|15|30|3927600|1761.680054|1732.859985|1739.4899899999998|1760.050049|0.0||
AMZN|99|NASDAQ|2019|11|14|15|30|2264800|1766.589966|1749.560059|1754.5999760000002|1751.430054|0.0||
AMZN|100|NASDAQ|2019|11|13|15|30|2989500|1775.0|1747.319946|1753.109985|1773.390015|0.0||
AMZN|101|NASDAQ|2019|11|12|15|30|2037600|1786.219971|1771.910034|1778.0|1774.660034|0.0||
AMZN|102|NASDAQ|2019|11|11|15|30|1946000|1780.0|1767.130005|1771.6500239999998|1778.0|0.0||
AMZN|103|NASDAQ|2019|11|8|15|30|2123300|1789.880005|1774.040039|1785.880005|1787.890015|0.0||
AMZN|104|NASDAQ|2019|11|7|15|30|2651100|1805.900024|1783.47998|1788.199951|1803.76001|0.0||
AMZN|105|NASDAQ|2019|11|6|15|30|2029800|1802.5|1788.5799559999996|1795.77002|1801.0|0.0||
AMZN|106|NASDAQ|2019|11|5|15|30|1885500|1810.25|1794.0|1801.709961|1809.160034|0.0||
AMZN|107|NASDAQ|2019|11|4|15|30|2771900|1815.060059|1801.0100100000002|1804.660034|1801.0100100000002|0.0||
AMZN|108|NASDAQ|2019|11|1|14|30|2790400|1797.449951|1785.209961|1791.439941|1788.0100100000002|0.0||
AMZN|109|NASDAQ|2019|10|31|14|30|2781200|1792.0|1771.47998|1776.660034|1775.9899899999998|0.0||
AMZN|110|NASDAQ|2019|10|30|14|30|2449400|1782.380005|1759.119995|1779.9899899999998|1760.2399899999998|0.0||
AMZN|111|NASDAQ|2019|10|29|14|30|2276900|1777.0|1755.810059|1762.709961|1774.810059|0.0||
AMZN|112|NASDAQ|2019|10|28|14|30|3708900|1778.699951|1742.5|1777.0799559999996|1748.060059|0.0||
AMZN|113|NASDAQ|2019|10|25|15|30|9626400|1764.209961|1695.0|1761.3299559999996|1697.550049|0.0||
AMZN|114|NASDAQ|2019|10|24|15|30|4446100|1788.339966|1760.27002|1780.780029|1771.089966|0.0||
AMZN|115|NASDAQ|2019|10|23|15|30|2138200|1770.050049|1742.0|1762.1700440000004|1761.300049|0.0||
AMZN|116|NASDAQ|2019|10|22|15|30|2111700|1789.780029|1762.0|1765.72998|1788.1500239999998|0.0||
AMZN|117|NASDAQ|2019|10|21|15|30|2130400|1785.880005|1765.0|1785.660034|1769.660034|0.0||
AMZN|118|NASDAQ|2019|10|18|15|30|3362500|1793.97998|1749.199951|1757.5100100000002|1787.800049|0.0||
AMZN|119|NASDAQ|2019|10|17|15|30|2647400|1798.8499760000002|1782.02002|1787.47998|1796.4899899999998|0.0||
AMZN|120|NASDAQ|2019|10|16|15|30|2763400|1786.2399899999998|1770.52002|1777.430054|1773.3299559999996|0.0||
AMZN|121|NASDAQ|2019|10|15|15|30|3111700|1776.449951|1740.619995|1767.380005|1742.140015|0.0||
AMZN|122|NASDAQ|2019|10|14|15|30|1910200|1741.890015|1722.0|1736.430054|1728.910034|0.0||
AMZN|123|NASDAQ|2019|10|11|15|30|3255000|1745.449951|1729.859985|1731.9200440000004|1742.9200440000004|||
AMZN|124|NASDAQ|2019|10|10|15|30|2575200|1738.290039|1713.75|1720.2600100000002|1725.2399899999998|||
AMZN|125|NASDAQ|2019|10|9|15|30|2043500|1729.949951|1714.359985|1721.9899899999998|1719.609985|||
AMZN|126|NASDAQ|2019|10|8|15|30|2542000|1727.0|1705.0|1705.5100100000002|1722.4899899999998|||
APEX|0|NASDAQ|2020|4|8|20|15|16015|0.48|0.4515|0.478|0.45|||
APEX|1|NASDAQ|2020|4|7|15|30|14800|0.48|0.43|0.46|0.48|||
APEX|2|NASDAQ|2020|4|6|15|30|7000|0.49|0.41|0.44|0.41|||
APEX|3|NASDAQ|2020|4|3|15|30|24200|0.44|0.39|0.39|0.44|||
APEX|4|NASDAQ|2020|4|2|15|30|7200|0.45|0.4|0.4|0.43|||
APEX|5|NASDAQ|2020|4|1|15|30|39800|0.49|0.41|0.41|0.41|0.0||
APEX|6|NASDAQ|2020|3|31|15|30|22500|0.49|0.41|0.42|0.49|0.0||
APEX|7|NASDAQ|2020|3|30|15|30|80200|0.5|0.41|0.44|0.41|0.0||
APEX|8|NASDAQ|2020|3|27|14|30|27100|0.45|0.39|0.39|0.45|0.0||
APEX|9|NASDAQ|2020|3|26|14|30|79900|0.4|0.36|0.39|0.4|0.0||
APEX|10|NASDAQ|2020|3|25|14|30|27400|0.38|0.33|0.35|0.37|1.0||
APEX|11|NASDAQ|2020|3|24|14|30|28100|0.38|0.33|0.34|0.36|1.0||
APEX|12|NASDAQ|2020|3|23|14|30|31400|0.36|0.33|0.34|0.33|1.0||
APEX|13|NASDAQ|2020|3|20|14|30|21100|0.37|0.33|0.36|0.35|0.0||
APEX|14|NASDAQ|2020|3|19|14|30|39400|0.38|0.26|0.35|0.28|0.0||
APEX|15|NASDAQ|2020|3|18|14|30|20500|0.33|0.28|0.28|0.32|1.0||
APEX|16|NASDAQ|2020|3|17|14|30|15300|0.34|0.28|0.3|0.34|0.0||
APEX|17|NASDAQ|2020|3|16|14|30|6100|0.36|0.31|0.36|0.32|0.0||
APEX|18|NASDAQ|2020|3|13|14|30|45600|0.39|0.32|0.38|0.35|0.0||
APEX|19|NASDAQ|2020|3|12|14|30|79900|0.36|0.32|0.35|0.35|0.0||
APEX|20|NASDAQ|2020|3|11|14|30|128300|0.49|0.36|0.36|0.45|0.0||
APEX|21|NASDAQ|2020|3|10|14|30|87000|0.5|0.44|0.44|0.48|0.0||
APEX|22|NASDAQ|2020|3|9|14|30|52800|0.5|0.46|0.48|0.5|0.0||
APEX|23|NASDAQ|2020|3|6|15|30|26000|0.57|0.53|0.53|0.55|0.0||
APEX|24|NASDAQ|2020|3|5|15|30|34100|0.62|0.52|0.54|0.62|0.0||
APEX|25|NASDAQ|2020|3|4|15|30|66200|0.6|0.54|0.59|0.56|0.0||
APEX|26|NASDAQ|2020|3|3|15|30|115500|0.58|0.52|0.54|0.54|0.0||
APEX|27|NASDAQ|2020|3|2|15|30|95300|0.59|0.53|0.56|0.58|0.0||
APEX|28|NASDAQ|2020|2|28|15|30|298900|0.62|0.52|0.57|0.6|0.0||
APEX|29|NASDAQ|2020|2|27|15|30|274500|0.67|0.6|0.62|0.67|0.0||
APEX|30|NASDAQ|2020|2|26|15|30|19400|0.7|0.67|0.69|0.7|0.0||
APEX|31|NASDAQ|2020|2|25|15|30|77200|0.69|0.67|0.67|0.68|0.0||
APEX|32|NASDAQ|2020|2|24|15|30|52200|0.69|0.67|0.68|0.69|0.0||
APEX|33|NASDAQ|2020|2|21|15|30|129500|0.7|0.66|0.7|0.7|0.0||
APEX|34|NASDAQ|2020|2|20|15|30|114700|0.72|0.67|0.7|0.72|0.0||
APEX|35|NASDAQ|2020|2|19|15|30|117000|0.7|0.66|0.69|0.7|0.0||
APEX|36|NASDAQ|2020|2|18|15|30|65100|0.73|0.7|0.71|0.7|0.0||
APEX|37|NASDAQ|2020|2|14|15|30|130100|0.75|0.69|0.71|0.71|0.0||
APEX|38|NASDAQ|2020|2|13|15|30|92800|0.75|0.7|0.72|0.72|0.0||
APEX|39|NASDAQ|2020|2|12|15|30|172300|0.76|0.69|0.75|0.72|0.0||
APEX|40|NASDAQ|2020|2|11|15|30|238700|0.73|0.68|0.73|0.71|0.0||
APEX|41|NASDAQ|2020|2|10|15|30|115000|0.74|0.7|0.71|0.74|0.0||
APEX|42|NASDAQ|2020|2|7|15|30|313400|0.77|0.69|0.72|0.76|0.0||
APEX|43|NASDAQ|2020|2|6|15|30|933400|0.79|0.67|0.74|0.67|0.0||
APEX|44|NASDAQ|2020|2|5|15|30|94200|0.68|0.63|0.67|0.65|0.0||
APEX|45|NASDAQ|2020|2|4|15|30|162300|0.68|0.63|0.64|0.65|0.0||
APEX|46|NASDAQ|2020|2|3|15|30|204200|0.68|0.63|0.64|0.68|0.0||
APEX|47|NASDAQ|2020|1|31|15|30|172200|0.73|0.68|0.68|0.72|0.0||
APEX|48|NASDAQ|2020|1|30|15|30|701000|0.79|0.68|0.74|0.68|0.0||
APEX|49|NASDAQ|2020|1|29|15|30|122000|0.74|0.68|0.7|0.74|0.0||
APEX|50|NASDAQ|2020|1|28|15|30|243300|0.73|0.68|0.7|0.73|0.0||
APEX|51|NASDAQ|2020|1|27|15|30|398800|0.8|0.7|0.72|0.74|0.0||
APEX|52|NASDAQ|2020|1|24|15|30|191100|0.77|0.72|0.73|0.74|0.0||
APEX|53|NASDAQ|2020|1|23|15|30|362100|0.82|0.73|0.75|0.75|0.0||
APEX|54|NASDAQ|2020|1|22|15|30|250300|0.78|0.74|0.77|0.75|0.0||
APEX|55|NASDAQ|2020|1|21|15|30|348800|0.83|0.75|0.75|0.83|0.0||
APEX|56|NASDAQ|2020|1|17|15|30|714500|0.89|0.8|0.82|0.86|0.0||
APEX|57|NASDAQ|2020|1|16|15|30|7363500|1.25|0.81|0.94|0.95|0.0||
APEX|58|NASDAQ|2020|1|15|15|30|619400|0.82|0.71|0.74|0.72|0.0||
APEX|59|NASDAQ|2020|1|14|15|30|1370300|0.9|0.7|0.73|0.73|0.0||
APEX|60|NASDAQ|2020|1|13|15|30|109200|0.77|0.69|0.73|0.72|0.0||
APEX|61|NASDAQ|2020|1|10|15|30|104400|0.8|0.71|0.72|0.78|1.0||
APEX|62|NASDAQ|2020|1|9|15|30|150800|0.79|0.74|0.76|0.78|0.0||
APEX|63|NASDAQ|2020|1|8|15|30|392100|1.0|0.73|0.79|1.0|0.0||
APEX|64|NASDAQ|2020|1|7|15|30|6402200|2.33|0.97|1.02|0.98|0.0||
APEX|65|NASDAQ|2020|1|6|15|30|97400|0.99|0.94|0.97|0.98|0.0||
APEX|66|NASDAQ|2020|1|3|15|30|86000|1.02|0.93|0.94|1.01|0.0||
APEX|67|NASDAQ|2020|1|2|15|30|130600|1.03|0.83|1.0|0.83|0.0||
APEX|68|NASDAQ|2019|12|31|15|30|57400|0.82|0.7|0.78|0.7|0.0||
APEX|69|NASDAQ|2019|12|30|15|30|66600|0.72|0.68|0.7|0.72|1.0||
APEX|70|NASDAQ|2019|12|27|15|30|46400|0.75|0.7|0.71|0.75|1.0||
APEX|71|NASDAQ|2019|12|26|15|30|15900|0.78|0.73|0.75|0.75|0.0||
APEX|72|NASDAQ|2019|12|24|15|30|5400|0.85|0.72|0.8|0.85|0.0||
APEX|73|NASDAQ|2019|12|23|15|30|54900|0.95|0.7|0.87|0.95|0.0||
APEX|74|NASDAQ|2019|12|20|15|30|6300|0.98|0.94|0.96|0.94|0.0||
APEX|75|NASDAQ|2019|12|19|15|30|7700|1.0|0.94|0.98|1.0|0.0||
APEX|76|NASDAQ|2019|12|18|15|30|36900|1.05|0.91|1.05|0.91|0.0||
APEX|77|NASDAQ|2019|12|17|15|30|25400|1.03|1.0|1.0|1.0|0.0||
APEX|78|NASDAQ|2019|12|16|15|30|33100|1.04|1.0|1.04|1.02|0.0||
APEX|79|NASDAQ|2019|12|13|15|30|5200|1.04|1.01|1.03|1.04|0.0||
APEX|80|NASDAQ|2019|12|12|15|30|22200|1.02|1.01|1.02|1.02|0.0||
APEX|81|NASDAQ|2019|12|11|15|30|5500|1.07|1.03|1.03|1.07|0.0||
APEX|82|NASDAQ|2019|12|10|15|30|15600|1.08|1.03|1.06|1.05|0.0||
APEX|83|NASDAQ|2019|12|9|15|30|15100|1.08|1.06|1.08|1.06|0.0||
APEX|84|NASDAQ|2019|12|6|15|30|2400|1.08|1.06|1.06|1.06|0.0||
APEX|85|NASDAQ|2019|12|5|15|30|4000|1.08|1.05|1.07|1.08|0.0||
APEX|86|NASDAQ|2019|12|4|15|30|3700|1.08|1.05|1.05|1.07|0.0||
APEX|87|NASDAQ|2019|12|3|15|30|2800|1.08|1.06|1.07|1.06|0.0||
APEX|88|NASDAQ|2019|12|2|15|30|3100|1.08|1.07|1.08|1.07|0.0||
APEX|89|NASDAQ|2019|11|29|15|30|2300|1.08|1.07|1.08|1.08|0.0||
APEX|90|NASDAQ|2019|11|27|15|30|8900|1.08|1.06|1.06|1.08|0.0||
APEX|91|NASDAQ|2019|11|26|15|30|29600|1.1|1.06|1.08|1.06|0.0||
APEX|92|NASDAQ|2019|11|25|15|30|7200|1.08|1.06|1.06|1.07|0.0||
APEX|93|NASDAQ|2019|11|22|15|30|36300|1.07|1.02|1.06|1.02|0.0||
APEX|94|NASDAQ|2019|11|21|15|30|18000|1.03|1.01|1.01|1.01|0.0||
APEX|95|NASDAQ|2019|11|20|15|30|7000|1.03|1.01|1.01|1.01|0.0||
APEX|96|NASDAQ|2019|11|19|15|30|40200|1.03|1.0|1.03|1.02|0.0||
APEX|97|NASDAQ|2019|11|18|15|30|6600|1.04|1.04|1.04|1.04|0.0||
APEX|98|NASDAQ|2019|11|15|15|30|27300|1.04|1.01|1.02|1.03|0.0||
APEX|99|NASDAQ|2019|11|14|15|30|13000|1.06|1.04|1.05|1.05|0.0||
APEX|100|NASDAQ|2019|11|13|15|30|4300|1.07|1.05|1.06|1.07|0.0||
APEX|101|NASDAQ|2019|11|12|15|30|24600|1.07|1.05|1.06|1.06|0.0||
APEX|102|NASDAQ|2019|11|11|15|30|2900|1.07|1.05|1.06|1.07|0.0||
APEX|103|NASDAQ|2019|11|8|15|30|2300|1.08|1.05|1.07|1.06|0.0||
APEX|104|NASDAQ|2019|11|7|15|30|21400|1.08|1.05|1.07|1.08|0.0||
APEX|105|NASDAQ|2019|11|6|15|30|700|1.08|1.07|1.07|1.08|0.0||
APEX|106|NASDAQ|2019|11|5|15|30|9200|1.1|1.05|1.05|1.08|0.0||
APEX|107|NASDAQ|2019|11|4|15|30|21000|1.11|1.05|1.05|1.11|0.0||
APEX|108|NASDAQ|2019|11|1|14|30|5200|1.11|1.06|1.07|1.1|0.0||
APEX|109|NASDAQ|2019|10|31|14|30|7800|1.12|1.05|1.05|1.06|0.0||
APEX|110|NASDAQ|2019|10|30|14|30|2300|1.09|1.06|1.08|1.07|0.0||
APEX|111|NASDAQ|2019|10|29|14|30|23100|1.11|1.06|1.06|1.06|0.0||
APEX|112|NASDAQ|2019|10|28|14|30|33100|1.1|1.03|1.03|1.1|0.0||
APEX|113|NASDAQ|2019|10|25|15|30|29800|1.13|1.08|1.1|1.13|0.0||
APEX|114|NASDAQ|2019|10|24|15|30|22600|1.18|1.1|1.1|1.18|0.0||
APEX|115|NASDAQ|2019|10|23|15|30|900|1.13|1.12|1.13|1.12|0.0||
APEX|116|NASDAQ|2019|10|22|15|30|8800|1.17|1.1|1.1|1.13|0.0||
APEX|117|NASDAQ|2019|10|21|15|30|5900|1.22|1.1|1.13|1.13|0.0||
APEX|118|NASDAQ|2019|10|18|15|30|7000|1.09|1.05|1.08|1.05|0.0||
APEX|119|NASDAQ|2019|10|17|15|30|13500|1.11|1.05|1.06|1.06|0.0||
APEX|120|NASDAQ|2019|10|16|15|30|115000|1.25|1.03|1.08|1.17|0.0||
APEX|121|NASDAQ|2019|10|15|15|30|21100|1.13|1.05|1.11|1.05|0.0||
APEX|122|NASDAQ|2019|10|14|15|30|50000|1.14|1.05|1.05|1.1|0.0||
APEX|123|NASDAQ|2019|10|11|15|30|73800|1.24|1.1|1.15|1.24|||
APEX|124|NASDAQ|2019|10|10|15|30|249900|1.3|1.1|1.16|1.1|||
APEX|125|NASDAQ|2019|10|9|15|30|17200|1.13|1.1|1.1|1.1|||
APEX|126|NASDAQ|2019|10|8|15|30|1900|1.13|1.11|1.12|1.11|||
APLT|0|NASDAQ|2020|4|8|20|15|172018|46.990002|39.700001|43.715|40.509998|||
APLT|1|NASDAQ|2020|4|7|15|30|289700|42.0|36.299999|40.599998|36.299999|||
APLT|2|NASDAQ|2020|4|6|15|30|115500|35.48|32.220001|35.009998|34.040001000000004|||
APLT|3|NASDAQ|2020|4|3|15|30|90900|33.110001000000004|30.197001|31.860001|30.85|||
APLT|4|NASDAQ|2020|4|2|15|30|173300|34.880001|29.27|31.049999|31.32|||
APLT|5|NASDAQ|2020|4|1|15|30|148400|32.18|28.360001|29.41|31.6|1.0||
APLT|6|NASDAQ|2020|3|31|15|30|326200|35.919998|30.700001|32.689999|33.240002000000004|0.0||
APLT|7|NASDAQ|2020|3|30|15|30|127700|34.970001|28.950001|33.990002000000004|31.540001|0.0||
APLT|8|NASDAQ|2020|3|27|14|30|103300|31.5|27.91|30.440001|29.85|0.0||
APLT|9|NASDAQ|2020|3|26|14|30|139600|34.82|29.0|30.43|30.75|0.0||
APLT|10|NASDAQ|2020|3|25|14|30|87000|31.945|27.549999|30.02|29.59|0.0||
APLT|11|NASDAQ|2020|3|24|14|30|129100|31.92|28.18|29.58|29.610001|1.0||
APLT|12|NASDAQ|2020|3|23|14|30|147400|29.559999|24.33|27.99|27.34|0.0||
APLT|13|NASDAQ|2020|3|20|14|30|525400|28.27|24.299999|27.0|24.85|0.0||
APLT|14|NASDAQ|2020|3|19|14|30|147000|26.597|20.780001|25.190001|20.780001|1.0||
APLT|15|NASDAQ|2020|3|18|14|30|196200|23.23|19.950001|21.280001|21.629999|1.0||
APLT|16|NASDAQ|2020|3|17|14|30|266200|23.92|18.459999|23.200001|20.27|0.0||
APLT|17|NASDAQ|2020|3|16|14|30|152300|26.49|18.629999|19.540001|24.73|1.0||
APLT|18|NASDAQ|2020|3|13|14|30|144400|31.42|25.094999|27.83|28.309999|0.0||
APLT|19|NASDAQ|2020|3|12|14|30|272500|30.002001|23.052999|27.01|27.530001|0.0||
APLT|20|NASDAQ|2020|3|11|14|30|226600|33.439999|29.200001|29.59|33.110001000000004|0.0||
APLT|21|NASDAQ|2020|3|10|14|30|153600|36.759998|30.945|34.099998|34.73|0.0||
APLT|22|NASDAQ|2020|3|9|14|30|287300|40.0|34.040001000000004|34.279999|37.91|0.0||
APLT|23|NASDAQ|2020|3|6|15|30|157800|42.257999|38.639999|41.110001|38.650002|0.0||
APLT|24|NASDAQ|2020|3|5|15|30|91200|44.200001|39.665001|40.400002|43.400002|0.0||
APLT|25|NASDAQ|2020|3|4|15|30|68300|44.779999|40.137001|44.560001|42.0|0.0||
APLT|26|NASDAQ|2020|3|3|15|30|112400|42.59|40.029999|41.59|41.740002|0.0||
APLT|27|NASDAQ|2020|3|2|15|30|209900|42.220001|39.810001|41.869999|41.759998|0.0||
APLT|28|NASDAQ|2020|2|28|15|30|158400|41.77|38.014999|41.549999|40.709999|0.0||
APLT|29|NASDAQ|2020|2|27|15|30|180700|42.900002|39.674999|41.650002|42.5|0.0||
APLT|30|NASDAQ|2020|2|26|15|30|89100|42.110001|39.915001|41.700001|40.939999|0.0||
APLT|31|NASDAQ|2020|2|25|15|30|179300|41.990002|40.0|40.98|41.049999|0.0||
APLT|32|NASDAQ|2020|2|24|15|30|134700|42.240002|39.029999|40.970001|41.869999|0.0||
APLT|33|NASDAQ|2020|2|21|15|30|133100|43.419998|40.09|42.779999|41.75|0.0||
APLT|34|NASDAQ|2020|2|20|15|30|141300|43.5|40.419998|43.189999|40.509998|0.0||
APLT|35|NASDAQ|2020|2|19|15|30|236500|46.799999|40.0|41.169998|45.419998|0.0||
APLT|36|NASDAQ|2020|2|18|15|30|193500|45.860001|43.0|44.900002|45.400002|0.0||
APLT|37|NASDAQ|2020|2|14|15|30|408400|48.650002|42.029999|45.759998|48.25|0.0||
APLT|38|NASDAQ|2020|2|13|15|30|242200|52.5|48.040001|49.080002|52.5|0.0||
APLT|39|NASDAQ|2020|2|12|15|30|114900|54.0|51.52|52.799999|52.939999|0.0||
APLT|40|NASDAQ|2020|2|11|15|30|193300|54.619999|50.400002|53.0|53.98|0.0||
APLT|41|NASDAQ|2020|2|10|15|30|234400|55.151001|52.527|53.779999|53.740002|0.0||
APLT|42|NASDAQ|2020|2|7|15|30|539400|54.599998|50.009998|53.950001|50.310001|0.0||
APLT|43|NASDAQ|2020|2|6|15|30|185600|56.077|51.049999|51.259998|55.880001|0.0||
APLT|44|NASDAQ|2020|2|5|15|30|116200|56.849998|54.709|55.470001|55.459999|0.0||
APLT|45|NASDAQ|2020|2|4|15|30|197000|57.389999|54.16|54.700001|55.130001|0.0||
APLT|46|NASDAQ|2020|2|3|15|30|296500|55.750999|53.220001|54.009998|53.220001|0.0||
APLT|47|NASDAQ|2020|1|31|15|30|211900|55.849998|52.108002|52.470001|55.110001|0.0||
APLT|48|NASDAQ|2020|1|30|15|30|178400|53.27|49.32|53.130001|50.200001|0.0||
APLT|49|NASDAQ|2020|1|29|15|30|156900|52.990002|49.060001|49.599998|49.709999|0.0||
APLT|50|NASDAQ|2020|1|28|15|30|108800|50.630001|48.66|49.830002|50.630001|0.0||
APLT|51|NASDAQ|2020|1|27|15|30|241400|50.82|47.419998|50.32|48.759998|0.0||
APLT|52|NASDAQ|2020|1|24|15|30|912400|52.459999|47.279999|48.66|49.099998|0.0||
APLT|53|NASDAQ|2020|1|23|15|30|208900|51.0|47.021|48.849998|48.0|0.0||
APLT|54|NASDAQ|2020|1|22|15|30|178800|49.98|46.0|47.93|48.009998|0.0||
APLT|55|NASDAQ|2020|1|21|15|30|138800|53.16|46.869999|48.349998|47.990002|0.0||
APLT|56|NASDAQ|2020|1|17|15|30|107600|50.889999|48.5|48.860001|50.0|0.0||
APLT|57|NASDAQ|2020|1|16|15|30|154600|48.696999|44.880001|48.290001|44.880001|0.0||
APLT|58|NASDAQ|2020|1|15|15|30|415900|53.264|44.200001|44.57|47.380001|0.0||
APLT|59|NASDAQ|2020|1|14|15|30|487000|48.625999|39.216999|46.360001|40.650002|0.0||
APLT|60|NASDAQ|2020|1|13|15|30|215000|44.0|39.200001|42.099998|39.439999|1.0||
APLT|61|NASDAQ|2020|1|10|15|30|516500|44.540001|39.049999|40.560001|43.279999|1.0||
APLT|62|NASDAQ|2020|1|9|15|30|1279300|45.73|36.035999|44.130001|36.200001|0.0||
APLT|63|NASDAQ|2020|1|8|15|30|1359700|40.140999|31.0|35.18|31.75|1.0||
APLT|64|NASDAQ|2020|1|7|15|30|118500|27.98|24.0|26.16|26.219999|1.0||
APLT|65|NASDAQ|2020|1|6|15|30|142800|30.209999|25.51|26.709999|30.09|1.0||
APLT|66|NASDAQ|2020|1|3|15|30|263500|31.737|27.5|29.9|28.51|0.0||
APLT|67|NASDAQ|2020|1|2|15|30|285500|30.0|27.299999|28.77|27.299999|0.0||
APLT|68|NASDAQ|2019|12|31|15|30|159200|28.599001|25.82|27.280001|28.200001|0.0||
APLT|69|NASDAQ|2019|12|30|15|30|105000|28.825001|25.4|28.139999|26.139999|0.0||
APLT|70|NASDAQ|2019|12|27|15|30|89200|26.950001|24.004999|26.08|25.73|0.0||
APLT|71|NASDAQ|2019|12|26|15|30|73300|25.799999|22.280001|25.5|22.32|0.0||
APLT|72|NASDAQ|2019|12|24|15|30|401000|24.445|21.945|22.58|24.445|1.0||
APLT|73|NASDAQ|2019|12|23|15|30|117500|25.190001|23.336|24.299999|24.18|0.0||
APLT|74|NASDAQ|2019|12|20|15|30|747300|25.549999|22.969999|24.719999|23.25|0.0||
APLT|75|NASDAQ|2019|12|19|15|30|155400|23.790001|22.288|23.040001|22.6|0.0||
APLT|76|NASDAQ|2019|12|18|15|30|135200|23.780001|22.110001|22.52|22.610001|0.0||
APLT|77|NASDAQ|2019|12|17|15|30|130100|23.35|22.110001|22.68|22.379999|0.0||
APLT|78|NASDAQ|2019|12|16|15|30|173300|22.475|21.1|22.200001|21.49|0.0||
APLT|79|NASDAQ|2019|12|13|15|30|117100|22.25|20.77|21.360001|20.77|0.0||
APLT|80|NASDAQ|2019|12|12|15|30|99300|21.0|19.386|20.950001|20.799999|0.0||
APLT|81|NASDAQ|2019|12|11|15|30|48400|21.92|20.33|20.93|21.32|0.0||
APLT|82|NASDAQ|2019|12|10|15|30|71100|22.290001|18.5|20.950001|20.32|0.0||
APLT|83|NASDAQ|2019|12|9|15|30|163900|24.91|19.18|21.26|21.52|0.0||
APLT|84|NASDAQ|2019|12|6|15|30|101500|22.65|18.85|20.92|20.92|0.0||
APLT|85|NASDAQ|2019|12|5|15|30|179000|26.51|20.843000000000004|21.5|23.18|0.0||
APLT|86|NASDAQ|2019|12|4|15|30|139500|24.902|19.84|24.0|20.129999|0.0||
APLT|87|NASDAQ|2019|12|3|15|30|72900|20.0|16.700001|19.719999|17.120001000000002|0.0||
APLT|88|NASDAQ|2019|12|2|15|30|26200|17.93|16.635|17.280001000000002|17.700001|1.0||
APLT|89|NASDAQ|2019|11|29|15|30|9700|17.549999|16.77|17.549999|16.77|1.0||
APLT|90|NASDAQ|2019|11|27|15|30|111500|19.700001|15.87|17.24|16.85|1.0||
APLT|91|NASDAQ|2019|11|26|15|30|41800|16.837|15.48|16.549999|16.837|1.0||
APLT|92|NASDAQ|2019|11|25|15|30|35200|16.99|15.455|15.99|15.455|0.0||
APLT|93|NASDAQ|2019|11|22|15|30|24400|17.0|15.81|16.84|16.299999|0.0||
APLT|94|NASDAQ|2019|11|21|15|30|14400|17.188|16.040001|16.17|16.43|0.0||
APLT|95|NASDAQ|2019|11|20|15|30|45600|17.99|16.01|16.6|16.25|0.0||
APLT|96|NASDAQ|2019|11|19|15|30|80600|16.82|14.398|16.360001|14.56|0.0||
APLT|97|NASDAQ|2019|11|18|15|30|7100|14.95|14.34|14.55|14.95|1.0||
APLT|98|NASDAQ|2019|11|15|15|30|9800|15.0|14.36|15.0|14.36|0.0||
APLT|99|NASDAQ|2019|11|14|15|30|22800|14.73|13.99|14.16|14.7|1.0||
APLT|100|NASDAQ|2019|11|13|15|30|20300|16.52|14.54|14.99|14.54|0.0||
APLT|101|NASDAQ|2019|11|12|15|30|34500|17.34|14.165|15.3|14.45|0.0||
APLT|102|NASDAQ|2019|11|11|15|30|31500|15.0|14.03|14.92|14.92|0.0||
APLT|103|NASDAQ|2019|11|8|15|30|34300|16.112000000000002|14.5|14.74|15.94|0.0||
APLT|104|NASDAQ|2019|11|7|15|30|28900|17.0|15.94|16.5|16.0|0.0||
APLT|105|NASDAQ|2019|11|6|15|30|19700|16.52|16.030001000000002|16.1|16.52|0.0||
APLT|106|NASDAQ|2019|11|5|15|30|30800|17.0|16.219998999999998|16.66|17.0|0.0||
APLT|107|NASDAQ|2019|11|4|15|30|14500|17.51|16.299999|16.639999|17.0|0.0||
APLT|108|NASDAQ|2019|11|1|14|30|20800|17.075001|16.389999|16.92|16.51|0.0||
APLT|109|NASDAQ|2019|10|31|14|30|6800|16.959999|16.07|16.51|16.07|0.0||
APLT|110|NASDAQ|2019|10|30|14|30|46600|16.860001|16.200001|16.459999|16.799999|0.0||
APLT|111|NASDAQ|2019|10|29|14|30|20200|18.98|16.51|16.84|17.639999|0.0||
APLT|112|NASDAQ|2019|10|28|14|30|36600|18.030001|15.63|17.290001|15.89|0.0||
APLT|113|NASDAQ|2019|10|25|15|30|49100|16.35|14.02|15.86|15.45|0.0||
APLT|114|NASDAQ|2019|10|24|15|30|41200|17.972|17.0|17.01|17.77|0.0||
APLT|115|NASDAQ|2019|10|23|15|30|33300|20.5|15.05|16.93|17.049999|0.0||
APLT|116|NASDAQ|2019|10|22|15|30|55500|16.75|15.004|16.5|15.56|0.0||
APLT|117|NASDAQ|2019|10|21|15|30|60400|16.309998999999998|13.33|15.0|13.57|0.0||
APLT|118|NASDAQ|2019|10|18|15|30|38000|13.915|11.51|13.26|11.51|1.0||
APLT|119|NASDAQ|2019|10|17|15|30|14300|12.25|10.75|11.53|10.817|1.0||
APLT|120|NASDAQ|2019|10|16|15|30|10600|11.0|10.575|11.0|10.96|1.0||
APLT|121|NASDAQ|2019|10|15|15|30|6500|10.69|10.08|10.39|10.4|1.0||
APLT|122|NASDAQ|2019|10|14|15|30|6900|10.42|10.06|10.16|10.26|1.0||
APLT|123|NASDAQ|2019|10|11|15|30|8300|10.88|10.34|10.6|10.34|||
APLT|124|NASDAQ|2019|10|10|15|30|8900|10.51|9.92|10.34|10.5|||
APLT|125|NASDAQ|2019|10|9|15|30|12200|11.0|10.109|10.5|10.5|||
APLT|126|NASDAQ|2019|10|8|15|30|16200|10.5|10.04|10.49|10.243|||
APPS|0|NASDAQ|2020|4|8|20|17|817056|4.49|4.2|4.435|4.2|||
APPS|1|NASDAQ|2020|4|7|15|30|1811800|4.35|4.09|4.14|4.33|||
APPS|2|NASDAQ|2020|4|6|15|30|1442200|4.22|3.95|4.17|4.04|||
APPS|3|NASDAQ|2020|4|3|15|30|1274800|3.92|3.71|3.83|3.88|||
APPS|4|NASDAQ|2020|4|2|15|30|1497800|4.14|3.77|3.88|3.94|||
APPS|5|NASDAQ|2020|4|1|15|30|1893600|4.24|3.9|4.07|4.15|0.0||
APPS|6|NASDAQ|2020|3|31|15|30|3487000|4.32|4.11|4.31|4.2|0.0||
APPS|7|NASDAQ|2020|3|30|15|30|1413000|4.33|4.1|4.18|4.32|0.0||
APPS|8|NASDAQ|2020|3|27|14|30|1982600|4.37|4.01|4.23|4.25|0.0||
APPS|9|NASDAQ|2020|3|26|14|30|3173300|4.6|4.2|4.36|4.42|0.0||
APPS|10|NASDAQ|2020|3|25|14|30|2572700|4.54|4.04|4.36|4.27|0.0||
APPS|11|NASDAQ|2020|3|24|14|30|2091600|4.37|4.04|4.27|4.27|0.0||
APPS|12|NASDAQ|2020|3|23|14|30|2160200|4.01|3.64|3.93|3.99|0.0||
APPS|13|NASDAQ|2020|3|20|14|30|2969600|4.45|3.89|3.91|4.4|0.0||
APPS|14|NASDAQ|2020|3|19|14|30|2391900|4.56|3.58|4.26|3.7|0.0||
APPS|15|NASDAQ|2020|3|18|14|30|3027700|4.24|3.48|3.73|3.95|1.0||
APPS|16|NASDAQ|2020|3|17|14|30|2999500|4.42|3.65|4.27|3.9|0.0||
APPS|17|NASDAQ|2020|3|16|14|30|2673600|4.24|3.69|3.8|3.98|0.0||
APPS|18|NASDAQ|2020|3|13|14|30|3443800|5.01|4.24|4.77|5.01|0.0||
APPS|19|NASDAQ|2020|3|12|14|30|3643400|5.39|4.53|4.56|5.32|0.0||
APPS|20|NASDAQ|2020|3|11|14|30|2384500|6.32|5.82|5.88|6.08|0.0||
APPS|21|NASDAQ|2020|3|10|14|30|1720100|6.59|6.11|6.34|6.47|0.0||
APPS|22|NASDAQ|2020|3|9|14|30|3154600|6.74|5.97|6.14|6.0|0.0||
APPS|23|NASDAQ|2020|3|6|15|30|3322500|7.1|6.59|6.7|6.9|0.0||
APPS|24|NASDAQ|2020|3|5|15|30|4884100|7.28|6.64|7.14|6.7|0.0||
APPS|25|NASDAQ|2020|3|4|15|30|5141100|6.95|6.07|6.92|6.08|0.0||
APPS|26|NASDAQ|2020|3|3|15|30|4457000|6.31|5.7|5.84|6.28|0.0||
APPS|27|NASDAQ|2020|3|2|15|30|3322800|6.3|5.93|6.26|6.05|0.0||
APPS|28|NASDAQ|2020|2|28|15|30|4009500|6.14|5.42|6.13|5.5|1.0||
APPS|29|NASDAQ|2020|2|27|15|30|2799700|6.08|5.56|5.77|5.9|1.0||
APPS|30|NASDAQ|2020|2|26|15|30|2649100|6.56|5.96|6.15|6.03|0.0||
APPS|31|NASDAQ|2020|2|25|15|30|3016900|6.51|5.9|5.95|6.5|0.0||
APPS|32|NASDAQ|2020|2|24|15|30|2358800|6.57|6.35|6.44|6.47|0.0||
APPS|33|NASDAQ|2020|2|21|15|30|1351400|6.98|6.63|6.8|6.86|0.0||
APPS|34|NASDAQ|2020|2|20|15|30|1531600|7.06|6.72|6.91|6.85|0.0||
APPS|35|NASDAQ|2020|2|19|15|30|1941000|6.96|6.51|6.86|6.68|0.0||
APPS|36|NASDAQ|2020|2|18|15|30|1422900|6.9|6.6|6.65|6.73|0.0||
APPS|37|NASDAQ|2020|2|14|15|30|2992500|7.3|6.61|6.77|7.15|0.0||
APPS|38|NASDAQ|2020|2|13|15|30|4862800|7.37|6.53|7.02|6.68|0.0||
APPS|39|NASDAQ|2020|2|12|15|30|3884200|6.83|5.95|6.79|6.01|0.0||
APPS|40|NASDAQ|2020|2|11|15|30|5345300|6.25|5.8|5.9|6.15|0.0||
APPS|41|NASDAQ|2020|2|10|15|30|3512400|6.56|6.08|6.46|6.09|0.0||
APPS|42|NASDAQ|2020|2|7|15|30|2007400|6.17|5.95|6.0|6.06|1.0||
APPS|43|NASDAQ|2020|2|6|15|30|2984400|6.29|5.94|6.08|6.11|0.0||
APPS|44|NASDAQ|2020|2|5|15|30|3676800|6.73|6.02|6.11|6.71|0.0||
APPS|45|NASDAQ|2020|2|4|15|30|1896900|6.73|6.56|6.61|6.58|0.0||
APPS|46|NASDAQ|2020|2|3|15|30|1531400|6.54|6.23|6.5|6.24|0.0||
APPS|47|NASDAQ|2020|1|31|15|30|1564600|6.55|6.21|6.24|6.47|0.0||
APPS|48|NASDAQ|2020|1|30|15|30|3661300|6.85|6.23|6.45|6.75|0.0||
APPS|49|NASDAQ|2020|1|29|15|30|1953200|7.05|6.71|6.75|6.97|0.0||
APPS|50|NASDAQ|2020|1|28|15|30|1902700|7.15|6.87|6.89|7.05|0.0||
APPS|51|NASDAQ|2020|1|27|15|30|1535300|7.06|6.8|7.01|6.98|0.0||
APPS|52|NASDAQ|2020|1|24|15|30|1314500|7.44|7.02|7.16|7.28|0.0||
APPS|53|NASDAQ|2020|1|23|15|30|1566600|7.32|7.0|7.23|7.02|0.0||
APPS|54|NASDAQ|2020|1|22|15|30|2652500|7.72|7.0|7.02|7.61|0.0||
APPS|55|NASDAQ|2020|1|21|15|30|1606800|7.63|7.38|7.58|7.55|0.0||
APPS|56|NASDAQ|2020|1|17|15|30|1656300|7.94|7.47|7.57|7.7|0.0||
APPS|57|NASDAQ|2020|1|16|15|30|1473900|7.7|7.37|7.64|7.39|0.0||
APPS|58|NASDAQ|2020|1|15|15|30|2678400|7.6|7.2|7.39|7.51|0.0||
APPS|59|NASDAQ|2020|1|14|15|30|1368200|7.56|7.4|7.51|7.52|0.0||
APPS|60|NASDAQ|2020|1|13|15|30|1553100|7.56|7.25|7.48|7.25|0.0||
APPS|61|NASDAQ|2020|1|10|15|30|1100200|7.36|7.19|7.23|7.35|0.0||
APPS|62|NASDAQ|2020|1|9|15|30|2031400|7.52|7.18|7.31|7.5|0.0||
APPS|63|NASDAQ|2020|1|8|15|30|1689700|7.61|7.35|7.4|7.47|0.0||
APPS|64|NASDAQ|2020|1|7|15|30|1407500|7.54|7.28|7.48|7.38|0.0||
APPS|65|NASDAQ|2020|1|6|15|30|1457200|7.46|7.24|7.38|7.3|0.0||
APPS|66|NASDAQ|2020|1|3|15|30|1369100|7.46|7.12|7.35|7.2|0.0||
APPS|67|NASDAQ|2020|1|2|15|30|1720700|7.35|7.12|7.31|7.21|0.0||
APPS|68|NASDAQ|2019|12|31|15|30|2440900|7.25|6.91|7.13|6.95|0.0||
APPS|69|NASDAQ|2019|12|30|15|30|3989300|7.5|6.94|7.01|7.42|0.0||
APPS|70|NASDAQ|2019|12|27|15|30|4056000|8.24|7.34|7.4|8.14|0.0||
APPS|71|NASDAQ|2019|12|26|15|30|1603400|8.23|7.89|8.08|7.89|0.0||
APPS|72|NASDAQ|2019|12|24|15|30|712400|7.9|7.77|7.88|7.78|0.0||
APPS|73|NASDAQ|2019|12|23|15|30|1657700|7.84|7.52|7.75|7.57|0.0||
APPS|74|NASDAQ|2019|12|20|15|30|2792500|7.67|7.46|7.56|7.64|0.0||
APPS|75|NASDAQ|2019|12|19|15|30|2570800|7.89|7.52|7.6|7.81|0.0||
APPS|76|NASDAQ|2019|12|18|15|30|2361200|8.07|7.75|7.8|7.93|0.0||
APPS|77|NASDAQ|2019|12|17|15|30|2542500|7.95|7.6|7.88|7.69|0.0||
APPS|78|NASDAQ|2019|12|16|15|30|2036700|7.7|7.4|7.6|7.4|0.0||
APPS|79|NASDAQ|2019|12|13|15|30|2298200|7.69|7.28|7.34|7.62|0.0||
APPS|80|NASDAQ|2019|12|12|15|30|4966300|8.14|7.38|7.62|8.06|0.0||
APPS|81|NASDAQ|2019|12|11|15|30|1318600|8.31|8.09|8.12|8.28|0.0||
APPS|82|NASDAQ|2019|12|10|15|30|1484200|8.47|8.16|8.27|8.38|0.0||
APPS|83|NASDAQ|2019|12|9|15|30|1804500|8.64|8.29|8.37|8.33|0.0||
APPS|84|NASDAQ|2019|12|6|15|30|1387900|8.49|8.28|8.35|8.31|0.0||
APPS|85|NASDAQ|2019|12|5|15|30|1264600|8.47|8.24|8.3|8.33|0.0||
APPS|86|NASDAQ|2019|12|4|15|30|1883200|8.39|8.05|8.26|8.3|0.0||
APPS|87|NASDAQ|2019|12|3|15|30|4912400|8.56|8.08|8.26|8.2|0.0||
APPS|88|NASDAQ|2019|12|2|15|30|3527900|9.02|8.37|8.54|9.0|0.0||
APPS|89|NASDAQ|2019|11|29|15|30|2465400|9.13|8.6|8.88|8.6|0.0||
APPS|90|NASDAQ|2019|11|27|15|30|2520800|8.77|8.25|8.63|8.29|0.0||
APPS|91|NASDAQ|2019|11|26|15|30|2613200|8.34|7.97|8.24|8.09|0.0||
APPS|92|NASDAQ|2019|11|25|15|30|2430800|8.53|8.03|8.08|8.44|0.0||
APPS|93|NASDAQ|2019|11|22|15|30|1579500|8.52|8.13|8.37|8.47|0.0||
APPS|94|NASDAQ|2019|11|21|15|30|1347700|8.6|8.34|8.43|8.47|0.0||
APPS|95|NASDAQ|2019|11|20|15|30|2394200|8.73|8.3|8.4|8.31|0.0||
APPS|96|NASDAQ|2019|11|19|15|30|2563200|8.54|8.09|8.39|8.32|0.0||
APPS|97|NASDAQ|2019|11|18|15|30|2635500|8.37|7.77|8.21|7.97|0.0||
APPS|98|NASDAQ|2019|11|15|15|30|2439800|8.22|7.71|7.96|8.2|0.0||
APPS|99|NASDAQ|2019|11|14|15|30|2425400|8.35|7.92|8.07|8.11|0.0||
APPS|100|NASDAQ|2019|11|13|15|30|3196000|8.51|8.02|8.21|8.32|0.0||
APPS|101|NASDAQ|2019|11|12|15|30|7003200|8.33|7.37|8.29|7.45|0.0||
APPS|102|NASDAQ|2019|11|11|15|30|2818200|7.37|6.93|7.33|7.2|0.0||
APPS|103|NASDAQ|2019|11|8|15|30|1932700|7.15|6.85|7.07|6.85|1.0||
APPS|104|NASDAQ|2019|11|7|15|30|1622300|6.93|6.63|6.86|6.88|1.0||
APPS|105|NASDAQ|2019|11|6|15|30|1185500|6.98|6.77|6.88|6.88|1.0||
APPS|106|NASDAQ|2019|11|5|15|30|4372100|7.09|6.31|6.83|7.07|0.0||
APPS|107|NASDAQ|2019|11|4|15|30|1860300|7.29|7.02|7.11|7.12|0.0||
APPS|108|NASDAQ|2019|11|1|14|30|1406700|7.26|6.95|7.04|7.0|0.0||
APPS|109|NASDAQ|2019|10|31|14|30|2129400|7.28|6.82|6.99|7.17|0.0||
APPS|110|NASDAQ|2019|10|30|14|30|2938400|7.6|6.84|7.2|7.58|0.0||
APPS|111|NASDAQ|2019|10|29|14|30|2091300|7.78|7.45|7.52|7.6|0.0||
APPS|112|NASDAQ|2019|10|28|14|30|1737200|7.57|7.24|7.52|7.25|0.0||
APPS|113|NASDAQ|2019|10|25|15|30|1324400|7.37|7.04|7.23|7.12|0.0||
APPS|114|NASDAQ|2019|10|24|15|30|2282800|7.37|6.91|7.2|7.1|0.0||
APPS|115|NASDAQ|2019|10|23|15|30|1607700|7.23|6.81|6.98|6.89|0.0||
APPS|116|NASDAQ|2019|10|22|15|30|2247100|7.28|6.75|6.79|6.82|0.0||
APPS|117|NASDAQ|2019|10|21|15|30|1440000|6.88|6.53|6.76|6.55|0.0||
APPS|118|NASDAQ|2019|10|18|15|30|1191000|6.63|6.3|6.56|6.54|0.0||
APPS|119|NASDAQ|2019|10|17|15|30|1110800|6.66|6.4|6.59|6.42|0.0||
APPS|120|NASDAQ|2019|10|16|15|30|1127500|6.54|6.25|6.43|6.54|0.0||
APPS|121|NASDAQ|2019|10|15|15|30|1084100|6.66|6.45|6.6|6.45|0.0||
APPS|122|NASDAQ|2019|10|14|15|30|511000|6.55|6.32|6.41|6.45|0.0||
APPS|123|NASDAQ|2019|10|11|15|30|1124400|6.55|6.25|6.42|6.36|||
APPS|124|NASDAQ|2019|10|10|15|30|1666600|6.43|6.11|6.23|6.27|||
APPS|125|NASDAQ|2019|10|9|15|30|778400|6.4|6.23|6.3|6.24|||
APPS|126|NASDAQ|2019|10|8|15|30|1336500|6.36|6.03|6.2|6.29|||
APTO|0|NASDAQ|2020|4|8|20|18|348235|6.36|6.05|6.245|6.27|||
APTO|1|NASDAQ|2020|4|7|15|30|497200|6.48|6.03|6.16|6.15|||
APTO|2|NASDAQ|2020|4|6|15|30|659700|6.15|5.78|6.06|6.0|||
APTO|3|NASDAQ|2020|4|3|15|30|457000|5.94|5.57|5.8|5.71|||
APTO|4|NASDAQ|2020|4|2|15|30|578300|6.01|5.54|5.75|5.88|||
APTO|5|NASDAQ|2020|4|1|15|30|586300|6.07|5.6|5.94|5.83|0.0||
APTO|6|NASDAQ|2020|3|31|15|30|498500|6.47|5.83|5.94|6.19|0.0||
APTO|7|NASDAQ|2020|3|30|15|30|552000|6.33|5.87|6.16|5.99|0.0||
APTO|8|NASDAQ|2020|3|27|14|30|713200|6.14|5.66|5.99|5.91|0.0||
APTO|9|NASDAQ|2020|3|26|14|30|826700|6.44|5.92|6.16|6.06|0.0||
APTO|10|NASDAQ|2020|3|25|14|30|1056500|6.3|5.71|6.04|5.71|0.0||
APTO|11|NASDAQ|2020|3|24|14|30|1123700|6.01|5.5|5.67|5.51|0.0||
APTO|12|NASDAQ|2020|3|23|14|30|695600|5.35|4.92|5.27|5.25|1.0||
APTO|13|NASDAQ|2020|3|20|14|30|1128800|5.52|4.96|5.21|5.19|1.0||
APTO|14|NASDAQ|2020|3|19|14|30|941700|5.25|4.52|5.16|4.71|1.0||
APTO|15|NASDAQ|2020|3|18|14|30|971300|5.0|4.39|4.81|4.69|1.0||
APTO|16|NASDAQ|2020|3|17|14|30|1406400|5.25|4.27|5.1|4.74|0.0||
APTO|17|NASDAQ|2020|3|16|14|30|1097200|5.31|4.3|4.74|4.47|0.0||
APTO|18|NASDAQ|2020|3|13|14|30|1416600|5.35|4.3|5.25|5.35|0.0||
APTO|19|NASDAQ|2020|3|12|14|30|1597700|5.57|4.51|4.74|4.85|0.0||
APTO|20|NASDAQ|2020|3|11|14|30|1878800|7.0|5.7|5.84|7.0|0.0||
APTO|21|NASDAQ|2020|3|10|14|30|983300|7.74|6.66|7.08|7.55|0.0||
APTO|22|NASDAQ|2020|3|9|14|30|906600|7.54|7.1|7.32|7.42|0.0||
APTO|23|NASDAQ|2020|3|6|15|30|691400|8.1|7.71|8.1|7.71|0.0||
APTO|24|NASDAQ|2020|3|5|15|30|1006900|8.56|7.88|8.05|8.33|0.0||
APTO|25|NASDAQ|2020|3|4|15|30|562600|8.75|8.04|8.55|8.27|0.0||
APTO|26|NASDAQ|2020|3|3|15|30|627100|8.38|7.81|8.06|8.32|0.0||
APTO|27|NASDAQ|2020|3|2|15|30|999800|8.7|8.08|8.25|8.17|0.0||
APTO|28|NASDAQ|2020|2|28|15|30|921200|8.05|7.08|8.01|7.17|0.0||
APTO|29|NASDAQ|2020|2|27|15|30|1612900|7.9|6.87|7.7|7.47|0.0||
APTO|30|NASDAQ|2020|2|26|15|30|1241200|8.14|7.56|7.73|7.72|0.0||
APTO|31|NASDAQ|2020|2|25|15|30|1423600|8.28|7.5|7.76|8.26|0.0||
APTO|32|NASDAQ|2020|2|24|15|30|886900|8.4|7.6|8.15|7.95|0.0||
APTO|33|NASDAQ|2020|2|21|15|30|939700|9.22|8.35|8.65|9.2|0.0||
APTO|34|NASDAQ|2020|2|20|15|30|1530200|9.25|8.6|9.0|8.85|0.0||
APTO|35|NASDAQ|2020|2|19|15|30|812500|8.79|8.45|8.6|8.5|0.0||
APTO|36|NASDAQ|2020|2|18|15|30|1174000|8.91|8.17|8.39|8.54|0.0||
APTO|37|NASDAQ|2020|2|14|15|30|2207500|8.77|7.92|8.26|7.92|0.0||
APTO|38|NASDAQ|2020|2|13|15|30|594100|7.91|7.46|7.9|7.78|1.0||
APTO|39|NASDAQ|2020|2|12|15|30|902000|7.94|7.55|7.78|7.64|0.0||
APTO|40|NASDAQ|2020|2|11|15|30|683400|7.83|7.45|7.66|7.8|0.0||
APTO|41|NASDAQ|2020|2|10|15|30|1145900|7.74|6.89|7.54|7.03|0.0||
APTO|42|NASDAQ|2020|2|7|15|30|622600|7.25|6.99|7.01|7.15|0.0||
APTO|43|NASDAQ|2020|2|6|15|30|877300|7.49|7.05|7.17|7.46|0.0||
APTO|44|NASDAQ|2020|2|5|15|30|1392400|7.34|6.96|7.25|7.12|0.0||
APTO|45|NASDAQ|2020|2|4|15|30|1208000|7.64|7.03|7.1|7.64|0.0||
APTO|46|NASDAQ|2020|2|3|15|30|1362900|7.51|6.95|7.1|6.95|0.0||
APTO|47|NASDAQ|2020|1|31|15|30|807900|7.04|6.67|6.86|6.9|0.0||
APTO|48|NASDAQ|2020|1|30|15|30|1400100|6.91|6.28|6.91|6.46|0.0||
APTO|49|NASDAQ|2020|1|29|15|30|1078100|6.69|6.11|6.44|6.12|0.0||
APTO|50|NASDAQ|2020|1|28|15|30|364700|6.08|5.71|6.04|5.74|1.0||
APTO|51|NASDAQ|2020|1|27|15|30|608800|5.84|5.33|5.66|5.5|1.0||
APTO|52|NASDAQ|2020|1|24|15|30|698400|6.35|5.8|6.0|6.27|0.0||
APTO|53|NASDAQ|2020|1|23|15|30|376100|6.3|6.05|6.23|6.18|0.0||
APTO|54|NASDAQ|2020|1|22|15|30|476900|6.44|6.16|6.2|6.36|0.0||
APTO|55|NASDAQ|2020|1|21|15|30|1588800|6.66|5.8|6.33|5.87|0.0||
APTO|56|NASDAQ|2020|1|17|15|30|1522200|6.18|5.79|5.88|5.82|0.0||
APTO|57|NASDAQ|2020|1|16|15|30|1227300|5.77|5.46|5.74|5.65|0.0||
APTO|58|NASDAQ|2020|1|15|15|30|505400|5.76|5.49|5.65|5.69|0.0||
APTO|59|NASDAQ|2020|1|14|15|30|1239200|5.92|5.39|5.65|5.85|0.0||
APTO|60|NASDAQ|2020|1|13|15|30|1197800|5.99|5.61|5.89|5.91|0.0||
APTO|61|NASDAQ|2020|1|10|15|30|1498700|6.29|5.72|5.91|6.0|0.0||
APTO|62|NASDAQ|2020|1|9|15|30|2259500|5.97|5.35|5.94|5.51|0.0||
APTO|63|NASDAQ|2020|1|8|15|30|1783500|5.54|5.04|5.32|5.38|0.0||
APTO|64|NASDAQ|2020|1|7|15|30|1520600|5.68|5.11|5.42|5.63|0.0||
APTO|65|NASDAQ|2020|1|6|15|30|1165300|5.71|5.3|5.58|5.38|0.0||
APTO|66|NASDAQ|2020|1|3|15|30|1128700|5.6|5.23|5.45|5.43|0.0||
APTO|67|NASDAQ|2020|1|2|15|30|1598300|6.03|5.49|5.53|5.67|0.0||
APTO|68|NASDAQ|2019|12|31|15|30|1813400|6.04|5.27|5.67|5.39|0.0||
APTO|69|NASDAQ|2019|12|30|15|30|746900|5.49|5.19|5.36|5.23|0.0||
APTO|70|NASDAQ|2019|12|27|15|30|1016000|5.66|5.15|5.35|5.66|0.0||
APTO|71|NASDAQ|2019|12|26|15|30|911800|5.65|5.25|5.6|5.3|0.0||
APTO|72|NASDAQ|2019|12|24|15|30|827100|5.6|5.2|5.33|5.5|0.0||
APTO|73|NASDAQ|2019|12|23|15|30|2943700|6.0|5.28|5.5|5.28|0.0||
APTO|74|NASDAQ|2019|12|20|15|30|2461500|5.45|4.9|5.21|4.9|0.0||
APTO|75|NASDAQ|2019|12|19|15|30|2050600|4.96|4.55|4.92|4.68|1.0||
APTO|76|NASDAQ|2019|12|18|15|30|3411400|5.01|4.15|4.6|4.16|1.0||
APTO|77|NASDAQ|2019|12|17|15|30|6814100|4.85|4.01|4.07|4.45|1.0||
APTO|78|NASDAQ|2019|12|16|15|30|972900|4.49|4.03|4.43|4.16|0.0||
APTO|79|NASDAQ|2019|12|13|15|30|1126800|4.42|3.99|4.07|4.37|1.0||
APTO|80|NASDAQ|2019|12|12|15|30|1944400|4.53|4.18|4.44|4.45|0.0||
APTO|81|NASDAQ|2019|12|11|15|30|3312000|4.41|3.74|4.41|3.8|0.0||
APTO|82|NASDAQ|2019|12|10|15|30|1740500|3.79|3.33|3.75|3.33|1.0||
APTO|83|NASDAQ|2019|12|9|15|30|10190300|3.97|2.82|3.54|2.82|1.0||
APTO|84|NASDAQ|2019|12|6|15|30|296700|2.59|2.48|2.56|2.58|1.0||
APTO|85|NASDAQ|2019|12|5|15|30|402800|2.75|2.56|2.57|2.7|1.0||
APTO|86|NASDAQ|2019|12|4|15|30|451400|2.75|2.49|2.64|2.64|1.0||
APTO|87|NASDAQ|2019|12|3|15|30|263800|2.67|2.49|2.53|2.55|1.0||
APTO|88|NASDAQ|2019|12|2|15|30|404900|2.78|2.43|2.57|2.73|0.0||
APTO|89|NASDAQ|2019|11|29|15|30|254100|2.81|2.69|2.71|2.71|0.0||
APTO|90|NASDAQ|2019|11|27|15|30|548400|2.78|2.64|2.75|2.75|0.0||
APTO|91|NASDAQ|2019|11|26|15|30|738700|2.82|2.59|2.75|2.62|0.0||
APTO|92|NASDAQ|2019|11|25|15|30|663400|2.71|2.51|2.64|2.53|0.0||
APTO|93|NASDAQ|2019|11|22|15|30|174600|2.58|2.52|2.55|2.54|0.0||
APTO|94|NASDAQ|2019|11|21|15|30|165100|2.54|2.46|2.54|2.49|0.0||
APTO|95|NASDAQ|2019|11|20|15|30|100800|2.52|2.46|2.5|2.49|0.0||
APTO|96|NASDAQ|2019|11|19|15|30|327900|2.54|2.39|2.5|2.4|0.0||
APTO|97|NASDAQ|2019|11|18|15|30|139800|2.43|2.36|2.42|2.36|0.0||
APTO|98|NASDAQ|2019|11|15|15|30|180100|2.45|2.36|2.38|2.45|0.0||
APTO|99|NASDAQ|2019|11|14|15|30|171000|2.47|2.37|2.46|2.45|0.0||
APTO|100|NASDAQ|2019|11|13|15|30|178400|2.55|2.45|2.45|2.48|0.0||
APTO|101|NASDAQ|2019|11|12|15|30|210500|2.57|2.44|2.47|2.57|0.0||
APTO|102|NASDAQ|2019|11|11|15|30|929200|2.68|2.32|2.57|2.34|0.0||
APTO|103|NASDAQ|2019|11|8|15|30|152100|2.39|2.32|2.37|2.36|0.0||
APTO|104|NASDAQ|2019|11|7|15|30|286100|2.43|2.32|2.37|2.32|0.0||
APTO|105|NASDAQ|2019|11|6|15|30|264900|2.42|2.3|2.31|2.32|0.0||
APTO|106|NASDAQ|2019|11|5|15|30|255700|2.44|2.24|2.3|2.44|0.0||
APTO|107|NASDAQ|2019|11|4|15|30|573300|2.43|2.16|2.36|2.18|0.0||
APTO|108|NASDAQ|2019|11|1|14|30|172200|2.15|2.07|2.15|2.1|0.0||
APTO|109|NASDAQ|2019|10|31|14|30|253100|2.08|1.97|2.08|2.05|0.0||
APTO|110|NASDAQ|2019|10|30|14|30|103200|2.05|2.01|2.02|2.05|1.0||
APTO|111|NASDAQ|2019|10|29|14|30|108000|2.09|2.01|2.07|2.09|1.0||
APTO|112|NASDAQ|2019|10|28|14|30|139300|2.09|2.02|2.05|2.04|0.0||
APTO|113|NASDAQ|2019|10|25|15|30|228800|2.12|1.92|2.07|1.93|0.0||
APTO|114|NASDAQ|2019|10|24|15|30|225600|2.11|1.86|2.1|1.87|0.0||
APTO|115|NASDAQ|2019|10|23|15|30|351900|2.12|1.82|1.83|2.05|1.0||
APTO|116|NASDAQ|2019|10|22|15|30|91000|2.12|1.97|2.04|1.98|0.0||
APTO|117|NASDAQ|2019|10|21|15|30|378900|2.0|1.89|1.96|1.97|0.0||
APTO|118|NASDAQ|2019|10|18|15|30|244800|2.04|1.95|1.97|1.98|0.0||
APTO|119|NASDAQ|2019|10|17|15|30|214800|1.99|1.9|1.98|1.94|0.0||
APTO|120|NASDAQ|2019|10|16|15|30|217400|1.99|1.9|1.94|1.95|0.0||
APTO|121|NASDAQ|2019|10|15|15|30|384800|2.01|1.94|1.95|1.99|0.0||
APTO|122|NASDAQ|2019|10|14|15|30|170500|2.1|1.95|2.0|2.01|0.0||
APTO|123|NASDAQ|2019|10|11|15|30|213100|2.2|2.0|2.0|2.04|||
APTO|124|NASDAQ|2019|10|10|15|30|159300|2.12|2.01|2.03|2.01|||
APTO|125|NASDAQ|2019|10|9|15|30|202600|2.15|2.0|2.02|2.06|||
APTO|126|NASDAQ|2019|10|8|15|30|1521000|2.15|1.9|2.05|2.04|||
APTX|0|NASDAQ|2020|4|8|20|11|92716|2.25|2.1|2.24|2.15|||
APTX|1|NASDAQ|2020|4|7|15|30|134800|2.25|2.04|2.07|2.17|||
APTX|2|NASDAQ|2020|4|6|15|30|340400|2.22|1.99|2.15|2.02|||
APTX|3|NASDAQ|2020|4|3|15|30|66200|2.22|1.91|1.99|2.03|||
APTX|4|NASDAQ|2020|4|2|15|30|90700|2.21|2.0|2.04|2.18|||
APTX|5|NASDAQ|2020|4|1|15|30|83300|2.3|2.09|2.16|2.13|0.0||
APTX|6|NASDAQ|2020|3|31|15|30|162900|2.38|2.07|2.16|2.37|0.0||
APTX|7|NASDAQ|2020|3|30|15|30|110700|2.37|2.12|2.32|2.17|0.0||
APTX|8|NASDAQ|2020|3|27|14|30|137300|2.28|2.07|2.17|2.16|0.0||
APTX|9|NASDAQ|2020|3|26|14|30|119700|2.31|2.15|2.22|2.19|0.0||
APTX|10|NASDAQ|2020|3|25|14|30|115500|2.3|2.04|2.2|2.18|0.0||
APTX|11|NASDAQ|2020|3|24|14|30|119300|2.29|2.11|2.18|2.23|0.0||
APTX|12|NASDAQ|2020|3|23|14|30|149600|2.25|1.97|2.21|2.08|0.0||
APTX|13|NASDAQ|2020|3|20|14|30|106300|2.27|1.94|2.13|2.07|0.0||
APTX|14|NASDAQ|2020|3|19|14|30|196800|2.06|1.8|2.05|1.8|0.0||
APTX|15|NASDAQ|2020|3|18|14|30|313900|1.86|1.6|1.83|1.8|1.0||
APTX|16|NASDAQ|2020|3|17|14|30|160400|1.98|1.75|1.84|1.85|1.0||
APTX|17|NASDAQ|2020|3|16|14|30|215400|2.11|1.81|1.81|2.11|1.0||
APTX|18|NASDAQ|2020|3|13|14|30|150000|2.38|2.11|2.24|2.2|0.0||
APTX|19|NASDAQ|2020|3|12|14|30|244400|2.49|2.15|2.15|2.31|0.0||
APTX|20|NASDAQ|2020|3|11|14|30|185400|2.57|2.4|2.43|2.4|0.0||
APTX|21|NASDAQ|2020|3|10|14|30|323100|2.76|2.38|2.41|2.73|0.0||
APTX|22|NASDAQ|2020|3|9|14|30|184600|2.89|2.6|2.67|2.85|0.0||
APTX|23|NASDAQ|2020|3|6|15|30|232600|3.17|2.91|2.96|3.09|0.0||
APTX|24|NASDAQ|2020|3|5|15|30|117200|3.31|3.14|3.16|3.14|0.0||
APTX|25|NASDAQ|2020|3|4|15|30|119900|3.22|3.06|3.18|3.1|0.0||
APTX|26|NASDAQ|2020|3|3|15|30|82900|3.2|3.03|3.07|3.2|0.0||
APTX|27|NASDAQ|2020|3|2|15|30|316100|3.27|3.12|3.17|3.25|0.0||
APTX|28|NASDAQ|2020|2|28|15|30|152300|3.27|3.03|3.22|3.05|0.0||
APTX|29|NASDAQ|2020|2|27|15|30|175500|3.28|3.0|3.13|3.01|0.0||
APTX|30|NASDAQ|2020|2|26|15|30|266800|3.33|3.1|3.12|3.2|0.0||
APTX|31|NASDAQ|2020|2|25|15|30|144300|3.42|3.22|3.24|3.38|0.0||
APTX|32|NASDAQ|2020|2|24|15|30|185100|3.58|3.34|3.4|3.58|0.0||
APTX|33|NASDAQ|2020|2|21|15|30|67800|3.72|3.55|3.61|3.67|0.0||
APTX|34|NASDAQ|2020|2|20|15|30|76300|3.77|3.58|3.66|3.73|0.0||
APTX|35|NASDAQ|2020|2|19|15|30|282000|3.81|3.57|3.72|3.57|0.0||
APTX|36|NASDAQ|2020|2|18|15|30|121100|3.59|3.46|3.55|3.46|0.0||
APTX|37|NASDAQ|2020|2|14|15|30|195800|3.58|3.41|3.47|3.45|0.0||
APTX|38|NASDAQ|2020|2|13|15|30|411800|3.63|3.42|3.45|3.61|0.0||
APTX|39|NASDAQ|2020|2|12|15|30|356900|3.66|3.4|3.58|3.52|0.0||
APTX|40|NASDAQ|2020|2|11|15|30|418900|3.75|3.43|3.5|3.64|0.0||
APTX|41|NASDAQ|2020|2|10|15|30|187000|3.79|3.61|3.65|3.66|0.0||
APTX|42|NASDAQ|2020|2|7|15|30|197700|3.87|3.61|3.67|3.76|0.0||
APTX|43|NASDAQ|2020|2|6|15|30|211900|4.07|3.77|3.8|3.96|0.0||
APTX|44|NASDAQ|2020|2|5|15|30|154600|4.1|3.93|3.98|3.99|0.0||
APTX|45|NASDAQ|2020|2|4|15|30|189800|4.15|3.81|3.94|4.11|0.0||
APTX|46|NASDAQ|2020|2|3|15|30|206200|4.21|3.9|4.05|4.15|0.0||
APTX|47|NASDAQ|2020|1|31|15|30|435400|4.2|3.75|4.09|3.87|0.0||
APTX|48|NASDAQ|2020|1|30|15|30|352200|4.21|3.9|3.91|4.06|0.0||
APTX|49|NASDAQ|2020|1|29|15|30|758500|4.33|3.5|3.86|4.25|0.0||
APTX|50|NASDAQ|2020|1|28|15|30|329400|4.54|4.1|4.25|4.54|0.0||
APTX|51|NASDAQ|2020|1|27|15|30|294400|4.58|4.21|4.5|4.31|0.0||
APTX|52|NASDAQ|2020|1|24|15|30|1373800|5.14|4.21|4.44|5.0|0.0||
APTX|53|NASDAQ|2020|1|23|15|30|520300|5.14|4.5|4.6|5.07|0.0||
APTX|54|NASDAQ|2020|1|22|15|30|744700|5.25|4.68|5.03|4.75|0.0||
APTX|55|NASDAQ|2020|1|21|15|30|881200|5.1|4.36|4.65|4.7|0.0||
APTX|56|NASDAQ|2020|1|17|15|30|2290300|4.74|3.76|4.6|3.9|0.0||
APTX|57|NASDAQ|2020|1|16|15|30|336000|3.9|3.55|3.6|3.64|1.0||
APTX|58|NASDAQ|2020|1|15|15|30|570300|3.94|3.55|3.56|3.62|1.0||
APTX|59|NASDAQ|2020|1|14|15|30|296800|3.34|3.11|3.24|3.25|1.0||
APTX|60|NASDAQ|2020|1|13|15|30|216000|3.4|3.05|3.25|3.29|1.0||
APTX|61|NASDAQ|2020|1|10|15|30|2002200|3.39|2.96|3.22|3.0|0.0||
APTX|62|NASDAQ|2020|1|9|15|30|76300|3.75|3.54|3.6|3.54|0.0||
APTX|63|NASDAQ|2020|1|8|15|30|118000|3.8|3.56|3.6|3.66|0.0||
APTX|64|NASDAQ|2020|1|7|15|30|116700|3.87|3.5|3.7|3.5|0.0||
APTX|65|NASDAQ|2020|1|6|15|30|25600|3.81|3.53|3.54|3.6|0.0||
APTX|66|NASDAQ|2020|1|3|15|30|75600|3.8|3.57|3.66|3.67|0.0||
APTX|67|NASDAQ|2020|1|2|15|30|150600|3.75|3.43|3.68|3.43|0.0||
APTX|68|NASDAQ|2019|12|31|15|30|207400|3.44|3.12|3.42|3.16|0.0||
APTX|69|NASDAQ|2019|12|30|15|30|252200|3.49|3.14|3.15|3.35|0.0||
APTX|70|NASDAQ|2019|12|27|15|30|138600|3.69|3.31|3.34|3.62|0.0||
APTX|71|NASDAQ|2019|12|26|15|30|129400|3.75|3.54|3.6|3.67|0.0||
APTX|72|NASDAQ|2019|12|24|15|30|63200|3.69|3.5|3.64|3.5|0.0||
APTX|73|NASDAQ|2019|12|23|15|30|119300|3.84|3.6|3.63|3.7|0.0||
APTX|74|NASDAQ|2019|12|20|15|30|654200|3.8|3.6|3.65|3.75|0.0||
APTX|75|NASDAQ|2019|12|19|15|30|200100|3.92|3.74|3.8|3.83|0.0||
APTX|76|NASDAQ|2019|12|18|15|30|145900|3.99|3.62|3.77|3.94|0.0||
APTX|77|NASDAQ|2019|12|17|15|30|105000|4.13|3.85|3.95|4.13|0.0||
APTX|78|NASDAQ|2019|12|16|15|30|180100|4.32|4.01|4.12|4.32|0.0||
APTX|79|NASDAQ|2019|12|13|15|30|41200|4.31|4.14|4.25|4.23|0.0||
APTX|80|NASDAQ|2019|12|12|15|30|114000|4.32|4.05|4.24|4.2|0.0||
APTX|81|NASDAQ|2019|12|11|15|30|176800|4.29|3.95|4.2|4.14|0.0||
APTX|82|NASDAQ|2019|12|10|15|30|201100|4.32|3.96|4.12|4.04|0.0||
APTX|83|NASDAQ|2019|12|9|15|30|43100|4.2|4.02|4.09|4.17|0.0||
APTX|84|NASDAQ|2019|12|6|15|30|162700|4.22|4.0|4.15|4.02|0.0||
APTX|85|NASDAQ|2019|12|5|15|30|87300|4.03|3.77|3.99|3.96|0.0||
APTX|86|NASDAQ|2019|12|4|15|30|75400|4.04|3.78|3.98|3.86|0.0||
APTX|87|NASDAQ|2019|12|3|15|30|91300|3.99|3.64|3.85|3.8|0.0||
APTX|88|NASDAQ|2019|12|2|15|30|75300|4.05|3.84|3.85|4.05|0.0||
APTX|89|NASDAQ|2019|11|29|15|30|41300|4.14|3.79|4.06|3.91|0.0||
APTX|90|NASDAQ|2019|11|27|15|30|198100|4.0|3.59|3.89|3.59|0.0||
APTX|91|NASDAQ|2019|11|26|15|30|197000|3.64|3.29|3.51|3.29|0.0||
APTX|92|NASDAQ|2019|11|25|15|30|102400|3.25|3.13|3.25|3.24|1.0||
APTX|93|NASDAQ|2019|11|22|15|30|142600|3.32|3.07|3.1|3.21|1.0||
APTX|94|NASDAQ|2019|11|21|15|30|44600|3.23|3.12|3.2|3.18|1.0||
APTX|95|NASDAQ|2019|11|20|15|30|118200|3.3|3.15|3.15|3.21|0.0||
APTX|96|NASDAQ|2019|11|19|15|30|41300|3.32|3.15|3.2|3.17|0.0||
APTX|97|NASDAQ|2019|11|18|15|30|39900|3.3|3.1|3.16|3.3|0.0||
APTX|98|NASDAQ|2019|11|15|15|30|86400|3.42|3.18|3.33|3.27|0.0||
APTX|99|NASDAQ|2019|11|14|15|30|54900|3.36|3.15|3.26|3.35|0.0||
APTX|100|NASDAQ|2019|11|13|15|30|72800|3.5|3.21|3.4|3.3|0.0||
APTX|101|NASDAQ|2019|11|12|15|30|96400|3.43|3.21|3.28|3.35|0.0||
APTX|102|NASDAQ|2019|11|11|15|30|88700|3.44|3.14|3.3|3.25|0.0||
APTX|103|NASDAQ|2019|11|8|15|30|59300|3.28|3.11|3.23|3.2|0.0||
APTX|104|NASDAQ|2019|11|7|15|30|25600|3.29|3.05|3.14|3.22|0.0||
APTX|105|NASDAQ|2019|11|6|15|30|31000|3.37|3.17|3.18|3.29|0.0||
APTX|106|NASDAQ|2019|11|5|15|30|53500|3.47|3.25|3.31|3.47|0.0||
APTX|107|NASDAQ|2019|11|4|15|30|45800|3.62|3.45|3.49|3.6|0.0||
APTX|108|NASDAQ|2019|11|1|14|30|70400|3.6|3.35|3.6|3.35|0.0||
APTX|109|NASDAQ|2019|10|31|14|30|102800|3.37|3.18|3.32|3.2|0.0||
APTX|110|NASDAQ|2019|10|30|14|30|86000|3.18|2.93|3.17|3.01|0.0||
APTX|111|NASDAQ|2019|10|29|14|30|80500|3.38|2.99|3.02|3.21|1.0||
APTX|112|NASDAQ|2019|10|28|14|30|108100|3.42|3.1|3.22|3.32|0.0||
APTX|113|NASDAQ|2019|10|25|15|30|56000|3.15|2.99|3.13|3.04|0.0||
APTX|114|NASDAQ|2019|10|24|15|30|129100|3.15|2.91|3.02|3.15|0.0||
APTX|115|NASDAQ|2019|10|23|15|30|71900|3.07|2.92|3.05|3.06|0.0||
APTX|116|NASDAQ|2019|10|22|15|30|149500|3.08|2.9|3.08|3.0|0.0||
APTX|117|NASDAQ|2019|10|21|15|30|64900|3.09|2.9|2.99|3.08|0.0||
APTX|118|NASDAQ|2019|10|18|15|30|47300|3.36|3.0|3.01|3.23|0.0||
APTX|119|NASDAQ|2019|10|17|15|30|54200|3.44|3.22|3.26|3.36|0.0||
APTX|120|NASDAQ|2019|10|16|15|30|33500|3.37|3.18|3.32|3.23|0.0||
APTX|121|NASDAQ|2019|10|15|15|30|191900|3.39|2.83|3.21|2.83|0.0||
APTX|122|NASDAQ|2019|10|14|15|30|398100|3.11|2.61|2.84|3.07|0.0||
APTX|123|NASDAQ|2019|10|11|15|30|171400|3.22|3.01|3.09|3.17|||
APTX|124|NASDAQ|2019|10|10|15|30|72600|3.16|2.97|3.11|3.1|||
APTX|125|NASDAQ|2019|10|9|15|30|71600|3.23|3.01|3.08|3.11|||
APTX|126|NASDAQ|2019|10|8|15|30|139700|3.32|3.05|3.2|3.24|||
APVO|0|NASDAQ|2020|4|8|20|7|37746|3.67|3.3|3.6065|3.33|||
APVO|1|NASDAQ|2020|4|7|15|30|86100|3.592|3.154|3.31|3.27|||
APVO|2|NASDAQ|2020|4|6|15|30|128500|3.4|3.1|3.25|3.1|||
APVO|3|NASDAQ|2020|4|3|15|30|70400|3.24|3.0580000000000003|3.11|3.24|||
APVO|4|NASDAQ|2020|4|2|15|30|100200|3.59|3.15|3.28|3.48|||
APVO|5|NASDAQ|2020|4|1|15|30|55600|3.7|3.42|3.53|3.53|0.0||
APVO|6|NASDAQ|2020|3|31|15|30|122700|4.16|3.4|3.7|4.15|0.0||
APVO|7|NASDAQ|2020|3|30|15|30|190400|4.88|4.05|4.15|4.39|0.0||
APVO|8|NASDAQ|2020|3|27|14|30|294300|4.87|3.1|3.99|3.22|0.0||
APVO|9|NASDAQ|2020|3|26|14|30|56300|4.298|3.794|3.836|4.186|0.0||
APVO|10|NASDAQ|2020|3|25|14|30|51800|4.34|3.78|3.976|4.27|0.0||
APVO|11|NASDAQ|2020|3|24|14|30|58900|4.27|3.71|4.074|3.71|0.0||
APVO|12|NASDAQ|2020|3|23|14|30|25100|3.766|3.052|3.584|3.052|0.0||
APVO|13|NASDAQ|2020|3|20|14|30|87800|4.48|3.4160000000000004|3.864|4.48|0.0||
APVO|14|NASDAQ|2020|3|19|14|30|71400|4.214|3.248|3.892|3.78|0.0||
APVO|15|NASDAQ|2020|3|18|14|30|38300|3.78|3.262|3.5|3.5|1.0||
APVO|16|NASDAQ|2020|3|17|14|30|71300|4.48|3.36|3.668|4.2|0.0||
APVO|17|NASDAQ|2020|3|16|14|30|128800|4.452|3.15|3.92|3.15|0.0||
APVO|18|NASDAQ|2020|3|13|14|30|162400|4.34|2.94|3.29|4.018|1.0||
APVO|19|NASDAQ|2020|3|12|14|30|285900|5.46|3.5|3.85|4.662|0.0||
APVO|20|NASDAQ|2020|3|11|14|30|1114000|7.7|4.76|5.88|4.872|0.0||
APVO|21|NASDAQ|2020|3|10|14|30|40400|5.096|4.41|4.97|4.83|0.0||
APVO|22|NASDAQ|2020|3|9|14|30|55200|5.32|4.62|4.76|5.32|0.0||
APVO|23|NASDAQ|2020|3|6|15|30|60300|5.627999999999999|5.18|5.278|5.627999999999999|0.0||
APVO|24|NASDAQ|2020|3|5|15|30|65600|6.16|5.46|5.6|6.0760000000000005|0.0||
APVO|25|NASDAQ|2020|3|4|15|30|151300|6.257999999999999|5.0539999999999985|6.02|5.32|0.0||
APVO|26|NASDAQ|2020|3|3|15|30|67000|5.67|5.334|5.404|5.53|0.0||
APVO|27|NASDAQ|2020|3|2|15|30|136900|6.3|5.404|5.726|6.16|0.0||
APVO|28|NASDAQ|2020|2|28|15|30|292600|8.26|5.74|6.02|7.8820000000000014|0.0||
APVO|29|NASDAQ|2020|2|27|15|30|76800|6.1320000000000014|5.166|5.53|6.02|0.0||
APVO|30|NASDAQ|2020|2|26|15|30|29700|6.44|5.67|6.16|6.16|0.0||
APVO|31|NASDAQ|2020|2|25|15|30|46900|6.846|5.894|6.23|6.846|0.0||
APVO|32|NASDAQ|2020|2|24|15|30|23100|6.86|6.314|6.58|6.86|0.0||
APVO|33|NASDAQ|2020|2|21|15|30|40100|6.9860000000000015|6.566|6.692|6.86|0.0||
APVO|34|NASDAQ|2020|2|20|15|30|76500|7.056|6.636|6.846|6.9860000000000015|0.0||
APVO|35|NASDAQ|2020|2|19|15|30|28200|7.07|6.58|6.86|7.0|0.0||
APVO|36|NASDAQ|2020|2|18|15|30|24700|7.28|6.58|6.972|7.28|0.0||
APVO|37|NASDAQ|2020|2|14|15|30|53800|7.35|6.51|6.72|7.098|0.0||
APVO|38|NASDAQ|2020|2|13|15|30|40900|6.9860000000000015|6.16|6.72|6.818|0.0||
APVO|39|NASDAQ|2020|2|12|15|30|83700|7.28|6.734|6.846|7.084|0.0||
APVO|40|NASDAQ|2020|2|11|15|30|31200|7.546|7.0|7.182|7.042000000000002|0.0||
APVO|41|NASDAQ|2020|2|10|15|30|19600|7.28|6.86|7.028|6.93|0.0||
APVO|42|NASDAQ|2020|2|7|15|30|30600|7.42|6.93|7.0|7.098|0.0||
APVO|43|NASDAQ|2020|2|6|15|30|30800|7.4620000000000015|7.0139999999999985|7.028|7.294|0.0||
APVO|44|NASDAQ|2020|2|5|15|30|27600|7.7|7.266|7.28|7.294|0.0||
APVO|45|NASDAQ|2020|2|4|15|30|44900|7.966|6.93|7.4060000000000015|7.42|0.0||
APVO|46|NASDAQ|2020|2|3|15|30|85400|7.84|7.21|7.266|7.7|0.0||
APVO|47|NASDAQ|2020|1|31|15|30|43100|8.82|8.134|8.26|8.82|0.0||
APVO|48|NASDAQ|2020|1|30|15|30|32300|9.24|8.68|8.82|8.96|0.0||
APVO|49|NASDAQ|2020|1|29|15|30|28200|9.1|8.624|8.862|8.82|0.0||
APVO|50|NASDAQ|2020|1|28|15|30|15800|9.1|8.54|8.834|8.847999999999997|0.0||
APVO|51|NASDAQ|2020|1|27|15|30|27500|9.086|8.47|8.806000000000003|8.82|0.0||
APVO|52|NASDAQ|2020|1|24|15|30|16700|9.422|8.82|8.904|9.31|0.0||
APVO|53|NASDAQ|2020|1|23|15|30|17100|9.38|8.96|9.24|9.324|0.0||
APVO|54|NASDAQ|2020|1|22|15|30|12700|9.506|8.96|9.212|8.96|0.0||
APVO|55|NASDAQ|2020|1|21|15|30|28200|9.66|9.03|9.128|9.562|0.0||
APVO|56|NASDAQ|2020|1|17|15|30|23800|9.8|9.38|9.52|9.66|0.0||
APVO|57|NASDAQ|2020|1|16|15|30|32500|9.8|9.31|9.73|9.324|0.0||
APVO|58|NASDAQ|2020|1|15|15|30|50100|9.59|8.68|9.268|8.68|0.0||
APVO|59|NASDAQ|2020|1|14|15|30|23000|9.002|8.61|8.75|8.904|0.0||
APVO|60|NASDAQ|2020|1|13|15|30|65900|9.66|8.554|8.904|9.66|0.0||
APVO|61|NASDAQ|2020|1|10|15|30|32200|9.478|8.82|9.016|9.394|0.0||
APVO|62|NASDAQ|2020|1|9|15|30|13500|9.828|9.394|9.478|9.8|0.0||
APVO|63|NASDAQ|2020|1|8|15|30|41400|10.22|9.38|9.73|9.674|0.0||
APVO|64|NASDAQ|2020|1|7|15|30|26100|9.8|9.38|9.52|9.8|0.0||
APVO|65|NASDAQ|2020|1|6|15|30|24900|9.744|9.1|9.73|9.38|0.0||
APVO|66|NASDAQ|2020|1|3|15|30|19700|9.38|8.96|9.254|8.988|0.0||
APVO|67|NASDAQ|2020|1|2|15|30|32500|9.66|8.693999999999999|9.002|9.66|0.0||
APVO|68|NASDAQ|2019|12|31|15|30|34300|9.366|8.554|9.17|8.96|0.0||
APVO|69|NASDAQ|2019|12|30|15|30|35100|8.89|8.456|8.806000000000003|8.54|0.0||
APVO|70|NASDAQ|2019|12|27|15|30|50300|9.086|8.176|8.274|8.54|0.0||
APVO|71|NASDAQ|2019|12|26|15|30|32400|8.54|7.7|8.4|7.7|0.0||
APVO|72|NASDAQ|2019|12|24|15|30|8100|8.05|7.91|7.98|7.91|1.0||
APVO|73|NASDAQ|2019|12|23|15|30|23600|8.12|7.7|7.91|8.12|0.0||
APVO|74|NASDAQ|2019|12|20|15|30|18200|8.162|7.644|7.7|8.106|0.0||
APVO|75|NASDAQ|2019|12|19|15|30|25300|8.19|7.7|7.923999999999999|7.84|0.0||
APVO|76|NASDAQ|2019|12|18|15|30|27000|8.26|7.42|7.756|7.42|0.0||
APVO|77|NASDAQ|2019|12|17|15|30|52100|8.26|7.35|7.364|7.84|0.0||
APVO|78|NASDAQ|2019|12|16|15|30|54400|8.82|7.63|7.84|8.624|0.0||
APVO|79|NASDAQ|2019|12|13|15|30|22900|8.652000000000001|7.98|8.218|8.54|0.0||
APVO|80|NASDAQ|2019|12|12|15|30|12500|8.75|8.26|8.568|8.61|0.0||
APVO|81|NASDAQ|2019|12|11|15|30|7500|8.792|8.4|8.61|8.68|0.0||
APVO|82|NASDAQ|2019|12|10|15|30|19300|8.82|8.47|8.777999999999999|8.54|0.0||
APVO|83|NASDAQ|2019|12|9|15|30|16500|8.96|8.4|8.582|8.47|0.0||
APVO|84|NASDAQ|2019|12|6|15|30|38100|9.1|8.176|8.4|9.1|0.0||
APVO|85|NASDAQ|2019|12|5|15|30|38300|8.96|7.4620000000000015|8.274|8.96|0.0||
APVO|86|NASDAQ|2019|12|4|15|30|6800|9.142|8.82|8.82|9.1|0.0||
APVO|87|NASDAQ|2019|12|3|15|30|13300|9.24|8.89|8.96|9.24|0.0||
APVO|88|NASDAQ|2019|12|2|15|30|21300|9.8|8.792|9.142|8.792|0.0||
APVO|89|NASDAQ|2019|11|29|15|30|5900|9.31|8.68|9.1|8.693999999999999|0.0||
APVO|90|NASDAQ|2019|11|27|15|30|27600|9.66|9.03|9.1|9.52|0.0||
APVO|91|NASDAQ|2019|11|26|15|30|11300|9.1|8.75|9.002|9.1|0.0||
APVO|92|NASDAQ|2019|11|25|15|30|8300|9.1|8.75|8.847999999999997|8.82|0.0||
APVO|93|NASDAQ|2019|11|22|15|30|11800|9.1|8.61|9.016|9.1|0.0||
APVO|94|NASDAQ|2019|11|21|15|30|4000|8.96|8.693999999999999|8.862|8.932|0.0||
APVO|95|NASDAQ|2019|11|20|15|30|8900|8.932|8.4|8.82|8.54|0.0||
APVO|96|NASDAQ|2019|11|19|15|30|15600|8.96|8.4|8.456|8.638|0.0||
APVO|97|NASDAQ|2019|11|18|15|30|20600|9.1|8.162|8.666|8.54|0.0||
APVO|98|NASDAQ|2019|11|15|15|30|18600|8.68|8.26|8.638|8.652000000000001|0.0||
APVO|99|NASDAQ|2019|11|14|15|30|30100|8.96|8.26|8.68|8.75|0.0||
APVO|100|NASDAQ|2019|11|13|15|30|35600|9.94|8.792|9.002|9.52|0.0||
APVO|101|NASDAQ|2019|11|12|15|30|35100|10.332|9.534|9.534|10.094|0.0||
APVO|102|NASDAQ|2019|11|11|15|30|44100|10.066|8.693999999999999|9.8|9.086|0.0||
APVO|103|NASDAQ|2019|11|8|15|30|52000|9.464|8.693999999999999|9.17|8.847999999999997|0.0||
APVO|104|NASDAQ|2019|11|7|15|30|22800|9.38|8.456|8.54|9.072|0.0||
APVO|105|NASDAQ|2019|11|6|15|30|21200|9.1|8.26|8.89|8.946|0.0||
APVO|106|NASDAQ|2019|11|5|15|30|47100|9.24|8.4|9.1|8.4|0.0||
APVO|107|NASDAQ|2019|11|4|15|30|25300|8.4|8.078|8.372|8.302|0.0||
APVO|108|NASDAQ|2019|11|1|14|30|18600|8.26|7.294|8.064|7.42|0.0||
APVO|109|NASDAQ|2019|10|31|14|30|31000|7.91|7.182|7.797999999999999|7.812|1.0||
APVO|110|NASDAQ|2019|10|30|14|30|39200|7.98|7.364|7.574|7.91|1.0||
APVO|111|NASDAQ|2019|10|29|14|30|20900|8.596|7.854|7.8679999999999986|8.386000000000001|0.0||
APVO|112|NASDAQ|2019|10|28|14|30|33200|8.764|7.854|8.26|8.764|0.0||
APVO|113|NASDAQ|2019|10|25|15|30|22300|8.862|8.12|8.68|8.232000000000001|0.0||
APVO|114|NASDAQ|2019|10|24|15|30|33800|9.1|8.134|8.26|9.1|0.0||
APVO|115|NASDAQ|2019|10|23|15|30|8600|9.24|8.834|9.198|9.156|0.0||
APVO|116|NASDAQ|2019|10|22|15|30|16800|9.24|8.96|9.226|8.974|0.0||
APVO|117|NASDAQ|2019|10|21|15|30|13100|9.38|8.89|8.96|8.946|0.0||
APVO|118|NASDAQ|2019|10|18|15|30|10800|9.1|8.693999999999999|8.946|9.1|0.0||
APVO|119|NASDAQ|2019|10|17|15|30|20400|9.66|8.834|8.988|8.96|0.0||
APVO|120|NASDAQ|2019|10|16|15|30|32100|9.002|7.91|8.89|8.022|0.0||
APVO|121|NASDAQ|2019|10|15|15|30|15400|8.26|7.84|7.896|7.84|1.0||
APVO|122|NASDAQ|2019|10|14|15|30|22200|8.134|7.7|7.952000000000001|8.134|0.0||
APVO|123|NASDAQ|2019|10|11|15|30|25900|8.26|7.84|7.938|8.022|||
APVO|124|NASDAQ|2019|10|10|15|30|9500|8.12|7.84|7.994|7.952000000000001|||
APVO|125|NASDAQ|2019|10|9|15|30|25100|8.344|7.91|7.98|8.344|||
APVO|126|NASDAQ|2019|10|8|15|30|282800|8.385997|7.909997|8.343997|8.119997|||
APXTU|0|NASDAQ|2020|4|8|20|12|132200|10.25|10.11|10.25|10.15|||
APXTU|1|NASDAQ|2020|4|7|15|30|0|10.300999999999998|10.300999999999998|10.300999999999998|10.300999999999998|||
APXTU|2|NASDAQ|2020|4|6|15|30|44900|10.300999999999998|10.15|10.300999999999998|10.15|||
APXTU|3|NASDAQ|2020|4|3|15|30|0|10.19|10.19|10.19|10.19|||
APXTU|4|NASDAQ|2020|4|2|15|30|0|10.19|10.19|10.19|10.19|||
APXTU|5|NASDAQ|2020|4|1|15|30|4900|10.19|9.9|10.19|9.9|0.0||
APXTU|6|NASDAQ|2020|3|31|15|30|1000|10.15|10.15|10.15|10.15|0.0||
APXTU|7|NASDAQ|2020|3|30|15|30|305000|10.0|10.0|10.0|10.0|0.0||
APXTU|8|NASDAQ|2020|3|27|14|30|5000|10.01|10.0|10.0|10.0|0.0||
APXTU|9|NASDAQ|2020|3|26|14|30|203000|10.05|9.856|10.0|9.856|0.0||
APXTU|10|NASDAQ|2020|3|25|14|30|300|10.12|10.05|10.12|10.05|0.0||
APXTU|11|NASDAQ|2020|3|24|14|30|0|10.09|10.09|10.09|10.09|0.0||
APXTU|12|NASDAQ|2020|3|23|14|30|900|10.09|9.9|10.09|9.9|0.0||
APXTU|13|NASDAQ|2020|3|20|14|30|1300|10.11|10.05|10.1|10.05|0.0||
APXTU|14|NASDAQ|2020|3|19|14|30|2500|10.0|9.8|9.99|9.8|0.0||
APXTU|15|NASDAQ|2020|3|18|14|30|1400|10.15|9.6|10.11|10.15|0.0||
APXTU|16|NASDAQ|2020|3|17|14|30|100|10.15|10.15|10.15|10.15|0.0||
APXTU|17|NASDAQ|2020|3|16|14|30|0|10.176|10.176|10.176|10.176|0.0||
APXTU|18|NASDAQ|2020|3|13|14|30|599200|10.49|10.176|10.176|10.36|0.0||
APXTU|19|NASDAQ|2020|3|12|14|30|151000|10.59|10.36|10.58|10.4|0.0||
APXTU|20|NASDAQ|2020|3|11|14|30|0|10.563|10.563|10.563|10.563|0.0||
APXTU|21|NASDAQ|2020|3|10|14|30|78100|10.61|10.55|10.563|10.61|0.0||
APXTU|22|NASDAQ|2020|3|9|14|30|5800|10.69|10.44|10.45|10.55|0.0||
APXTU|23|NASDAQ|2020|3|6|15|30|4700|10.65|10.56|10.56|10.6|0.0||
APXTU|24|NASDAQ|2020|3|5|15|30|93700|10.63|10.56|10.56|10.63|0.0||
APXTU|25|NASDAQ|2020|3|4|15|30|3700|10.64|10.6|10.64|10.64|0.0||
APXTU|26|NASDAQ|2020|3|3|15|30|14900|10.65|10.6|10.603|10.65|0.0||
APXTU|27|NASDAQ|2020|3|2|15|30|5700|10.71|10.56|10.65|10.65|0.0||
APXTU|28|NASDAQ|2020|2|28|15|30|43700|10.75|10.5|10.6|10.6|0.0||
APXTU|29|NASDAQ|2020|2|27|15|30|12700|10.7|10.65|10.7|10.685|0.0||
APXTU|30|NASDAQ|2020|2|26|15|30|1500|10.74|10.72|10.74|10.72|0.0||
APXTU|31|NASDAQ|2020|2|25|15|30|34000|10.72|10.69|10.69|10.7|0.0||
APXTU|32|NASDAQ|2020|2|24|15|30|100|10.75|10.75|10.75|10.75|0.0||
APXTU|33|NASDAQ|2020|2|21|15|30|1000|10.7|10.7|10.7|10.7|0.0||
APXTU|34|NASDAQ|2020|2|20|15|30|52600|10.75|10.651|10.73|10.7|0.0||
APXTU|35|NASDAQ|2020|2|19|15|30|400|10.838|10.697|10.838|10.697|0.0||
APXTU|36|NASDAQ|2020|2|18|15|30|0|10.592|10.592|10.592|10.592|0.0||
APXTU|37|NASDAQ|2020|2|14|15|30|8800|10.65|10.592|10.592|10.65|0.0||
APXTU|38|NASDAQ|2020|2|13|15|30|500|10.66|10.57|10.66|10.58|0.0||
APXTU|39|NASDAQ|2020|2|12|15|30|0|10.6|10.6|10.6|10.6|0.0||
APXTU|40|NASDAQ|2020|2|11|15|30|0|10.6|10.6|10.6|10.6|0.0||
APXTU|41|NASDAQ|2020|2|10|15|30|0|10.6|10.6|10.6|10.6|0.0||
APXTU|42|NASDAQ|2020|2|7|15|30|51400|10.65|10.6|10.6|10.64|0.0||
APXTU|43|NASDAQ|2020|2|6|15|30|9100|10.65|10.6|10.6|10.6|0.0||
APXTU|44|NASDAQ|2020|2|5|15|30|223700|10.65|10.55|10.65|10.6|0.0||
APXTU|45|NASDAQ|2020|2|4|15|30|36300|10.75|10.55|10.7|10.7|0.0||
APXTU|46|NASDAQ|2020|2|3|15|30|28700|10.701|10.586|10.7|10.64|0.0||
APXTU|47|NASDAQ|2020|1|31|15|30|37300|10.68|10.55|10.68|10.675|0.0||
APXTU|48|NASDAQ|2020|1|30|15|30|1700|10.7|10.65|10.7|10.65|0.0||
APXTU|49|NASDAQ|2020|1|29|15|30|50900|10.7|10.56|10.7|10.56|0.0||
APXTU|50|NASDAQ|2020|1|28|15|30|9700|10.8|10.64|10.7|10.8|0.0||
APXTU|51|NASDAQ|2020|1|27|15|30|3400|10.805|10.63|10.805|10.64|0.0||
APXTU|52|NASDAQ|2020|1|24|15|30|200|10.63|10.63|10.63|10.63|0.0||
APXTU|53|NASDAQ|2020|1|23|15|30|176400|10.65|10.43|10.65|10.43|0.0||
APXTU|54|NASDAQ|2020|1|22|15|30|4500|10.65|10.576|10.6|10.64|0.0||
APXTU|55|NASDAQ|2020|1|21|15|30|56900|11.89|10.5|11.89|10.6|0.0||
APXTU|56|NASDAQ|2020|1|17|15|30|0|10.6|10.6|10.6|10.6|0.0||
APXTU|57|NASDAQ|2020|1|16|15|30|237300|10.76|10.45|10.6|10.45|0.0||
APXTU|58|NASDAQ|2020|1|15|15|30|0|10.6|10.6|10.6|10.6|0.0||
APXTU|59|NASDAQ|2020|1|14|15|30|0|10.6|10.6|10.6|10.6|0.0||
APXTU|60|NASDAQ|2020|1|13|15|30|213800|10.6|10.6|10.6|10.6|0.0||
APXTU|61|NASDAQ|2020|1|10|15|30|111100|10.6|10.5|10.6|10.5|0.0||
APXTU|62|NASDAQ|2020|1|9|15|30|0|10.5|10.5|10.5|10.5|0.0||
APXTU|63|NASDAQ|2020|1|8|15|30|33600|10.62|10.5|10.5|10.5|0.0||
APXTU|64|NASDAQ|2020|1|7|15|30|0|10.550999999999998|10.550999999999998|10.550999999999998|10.550999999999998|0.0||
APXTU|65|NASDAQ|2020|1|6|15|30|100|10.550999999999998|10.550999999999998|10.550999999999998|10.550999999999998|0.0||
APXTU|66|NASDAQ|2020|1|3|15|30|95100|10.55|10.47|10.55|10.48|0.0||
APXTU|67|NASDAQ|2020|1|2|15|30|3200|10.46|10.46|10.46|10.46|0.0||
APXTU|68|NASDAQ|2019|12|31|15|30|173600|10.48|10.47|10.47|10.47|0.0||
APXTU|69|NASDAQ|2019|12|30|15|30|500|10.5|10.5|10.5|10.5|0.0||
APXTU|70|NASDAQ|2019|12|27|15|30|5100|10.5|10.47|10.5|10.47|0.0||
APXTU|71|NASDAQ|2019|12|26|15|30|0|10.55|10.55|10.55|10.55|0.0||
APXTU|72|NASDAQ|2019|12|24|15|30|500|11.2|10.32|10.55|11.2|0.0||
APXTU|73|NASDAQ|2019|12|23|15|30|0|10.39|10.39|10.39|10.39|0.0||
APXTU|74|NASDAQ|2019|12|20|15|30|0|10.39|10.39|10.39|10.39|0.0||
APXTU|75|NASDAQ|2019|12|19|15|30|0|10.39|10.39|10.39|10.39|0.0||
APXTU|76|NASDAQ|2019|12|18|15|30|3300|10.4|10.385|10.39|10.385|0.0||
APXTU|77|NASDAQ|2019|12|17|15|30|192200|10.4|10.33|10.4|10.33|0.0||
APXTU|78|NASDAQ|2019|12|16|15|30|0|10.39|10.39|10.39|10.39|0.0||
APXTU|79|NASDAQ|2019|12|13|15|30|97100|10.39|10.32|10.39|10.32|0.0||
APXTU|80|NASDAQ|2019|12|12|15|30|32900|10.4|10.25|10.35|10.32|0.0||
APXTU|81|NASDAQ|2019|12|11|15|30|0|10.35|10.35|10.35|10.35|0.0||
APXTU|82|NASDAQ|2019|12|10|15|30|5700|10.4|10.273|10.35|10.29|0.0||
APXTU|83|NASDAQ|2019|12|9|15|30|11900|10.35|10.3|10.325|10.35|0.0||
APXTU|84|NASDAQ|2019|12|6|15|30|14900|10.4|10.28|10.32|10.32|0.0||
APXTU|85|NASDAQ|2019|12|5|15|30|6100|10.32|10.291|10.32|10.32|0.0||
APXTU|86|NASDAQ|2019|12|4|15|30|101300|10.32|10.292|10.32|10.32|0.0||
APXTU|87|NASDAQ|2019|12|3|15|30|5500|10.35|10.294|10.35|10.33|0.0||
APXTU|88|NASDAQ|2019|12|2|15|30|1100|10.35|10.35|10.35|10.35|0.0||
APXTU|89|NASDAQ|2019|11|29|15|30|5700|10.31|10.31|10.31|10.31|0.0||
APXTU|90|NASDAQ|2019|11|27|15|30|3300|10.32|10.27|10.27|10.32|0.0||
APXTU|91|NASDAQ|2019|11|26|15|30|600|10.32|10.289|10.32|10.289|0.0||
APXTU|92|NASDAQ|2019|11|25|15|30|700|10.32|10.28|10.32|10.28|0.0||
APXTU|93|NASDAQ|2019|11|22|15|30|100|10.295|10.295|10.295|10.295|0.0||
APXTU|94|NASDAQ|2019|11|21|15|30|15000|10.32|10.294|10.32|10.294|0.0||
APXTU|95|NASDAQ|2019|11|20|15|30|21800|10.32|10.27|10.32|10.286|0.0||
APXTU|96|NASDAQ|2019|11|19|15|30|100800|10.3|10.27|10.29|10.27|0.0||
APXTU|97|NASDAQ|2019|11|18|15|30|500|10.297|10.297|10.297|10.297|0.0||
APXTU|98|NASDAQ|2019|11|15|15|30|400|10.34|10.34|10.34|10.34|0.0||
APXTU|99|NASDAQ|2019|11|14|15|30|0|10.33|10.33|10.33|10.33|0.0||
APXTU|100|NASDAQ|2019|11|13|15|30|200|10.33|10.31|10.33|10.31|0.0||
APXTU|101|NASDAQ|2019|11|12|15|30|600|10.33|10.27|10.33|10.27|0.0||
APXTU|102|NASDAQ|2019|11|11|15|30|400|10.34|10.27|10.34|10.296|0.0||
APXTU|103|NASDAQ|2019|11|8|15|30|4000|10.35|10.27|10.35|10.29|0.0||
APXTU|104|NASDAQ|2019|11|7|15|30|8900|10.35|10.1|10.35|10.1|0.0||
APXTU|105|NASDAQ|2019|11|6|15|30|27200|10.32|10.27|10.32|10.29|0.0||
APXTU|106|NASDAQ|2019|11|5|15|30|319000|10.3|10.3|10.3|10.3|0.0||
APXTU|107|NASDAQ|2019|11|4|15|30|800|10.27|10.25|10.27|10.25|0.0||
APXTU|108|NASDAQ|2019|11|1|14|30|1500|10.3|10.27|10.27|10.3|0.0||
APXTU|109|NASDAQ|2019|10|31|14|30|689700|10.28|10.25|10.25|10.25|0.0||
APXTU|110|NASDAQ|2019|10|30|14|30|25700|10.3|10.18|10.285|10.18|0.0||
APXTU|111|NASDAQ|2019|10|29|14|30|0|10.28|10.28|10.28|10.28|0.0||
APXTU|112|NASDAQ|2019|10|28|14|30|29100|10.28|10.216|10.28|10.24|0.0||
APXTU|113|NASDAQ|2019|10|25|15|30|12800|10.255|10.21|10.247|10.21|0.0||
APXTU|114|NASDAQ|2019|10|24|15|30|9800|10.25|10.201|10.25|10.201|0.0||
APXTU|115|NASDAQ|2019|10|23|15|30|10500|10.24|10.225|10.225|10.24|0.0||
APXTU|116|NASDAQ|2019|10|22|15|30|26200|10.25|10.22|10.24|10.25|0.0||
APXTU|117|NASDAQ|2019|10|21|15|30|36100|10.24|10.18|10.24|10.18|0.0||
APXTU|118|NASDAQ|2019|10|18|15|30|109700|10.24|10.22|10.24|10.22|0.0||
APXTU|119|NASDAQ|2019|10|17|15|30|90700|10.28|10.18|10.25|10.19|0.0||
APXTU|120|NASDAQ|2019|10|16|15|30|19100|10.24|10.2|10.24|10.22|0.0||
APXTU|121|NASDAQ|2019|10|15|15|30|12000|10.24|10.2|10.24|10.2|0.0||
APXTU|122|NASDAQ|2019|10|14|15|30|6200|10.25|10.2|10.2|10.25|0.0||
APXTU|123|NASDAQ|2019|10|11|15|30|61400|10.25|10.0|10.2|10.0|||
APXTU|124|NASDAQ|2019|10|10|15|30|6000|10.207|10.18|10.207|10.2|||
APXTU|125|NASDAQ|2019|10|9|15|30|100|10.2|10.2|10.2|10.2|||
APXTU|126|NASDAQ|2019|10|8|15|30|501300|10.186|10.17|10.183|10.18|||
APYX|0|NASDAQ|2020|4|8|20|16|24140|3.99|3.76|3.9|3.89|||
APYX|1|NASDAQ|2020|4|7|15|30|72200|3.98|3.7|3.79|3.88|||
APYX|2|NASDAQ|2020|4|6|15|30|89700|3.83|3.63|3.73|3.63|||
APYX|3|NASDAQ|2020|4|3|15|30|80000|3.91|3.47|3.58|3.78|||
APYX|4|NASDAQ|2020|4|2|15|30|60800|3.77|3.5|3.74|3.5|||
APYX|5|NASDAQ|2020|4|1|15|30|160500|3.55|3.335|3.49|3.44|0.0||
APYX|6|NASDAQ|2020|3|31|15|30|135300|3.73|3.39|3.59|3.57|0.0||
APYX|7|NASDAQ|2020|3|30|15|30|57800|3.71|3.49|3.57|3.68|0.0||
APYX|8|NASDAQ|2020|3|27|14|30|74900|3.92|3.545|3.63|3.75|0.0||
APYX|9|NASDAQ|2020|3|26|14|30|128600|4.08|3.75|3.95|3.84|0.0||
APYX|10|NASDAQ|2020|3|25|14|30|101400|3.941|3.49|3.67|3.58|0.0||
APYX|11|NASDAQ|2020|3|24|14|30|198100|3.58|3.15|3.46|3.58|0.0||
APYX|12|NASDAQ|2020|3|23|14|30|149500|3.55|2.92|3.24|3.55|0.0||
APYX|13|NASDAQ|2020|3|20|14|30|194200|4.06|3.53|3.53|3.86|0.0||
APYX|14|NASDAQ|2020|3|19|14|30|362900|4.465|3.18|3.84|3.83|0.0||
APYX|15|NASDAQ|2020|3|18|14|30|130900|4.29|3.63|4.08|4.03|0.0||
APYX|16|NASDAQ|2020|3|17|14|30|265200|4.503|3.77|4.36|4.43|0.0||
APYX|17|NASDAQ|2020|3|16|14|30|201400|5.0|4.38|4.59|4.69|0.0||
APYX|18|NASDAQ|2020|3|13|14|30|208600|5.54|4.76|5.54|4.85|0.0||
APYX|19|NASDAQ|2020|3|12|14|30|136900|4.97|4.502|4.66|4.64|0.0||
APYX|20|NASDAQ|2020|3|11|14|30|133900|5.4|4.96|5.06|5.3|0.0||
APYX|21|NASDAQ|2020|3|10|14|30|129100|5.82|5.0|5.53|5.77|0.0||
APYX|22|NASDAQ|2020|3|9|14|30|81700|5.997999999999998|5.47|5.73|5.47|0.0||
APYX|23|NASDAQ|2020|3|6|15|30|55200|6.68|6.125|6.3|6.27|0.0||
APYX|24|NASDAQ|2020|3|5|15|30|134200|7.09|6.46|6.57|6.74|0.0||
APYX|25|NASDAQ|2020|3|4|15|30|53400|7.04|6.6|6.98|6.74|0.0||
APYX|26|NASDAQ|2020|3|3|15|30|70600|6.92|6.37|6.55|6.37|0.0||
APYX|27|NASDAQ|2020|3|2|15|30|77400|6.46|6.02|6.41|6.18|0.0||
APYX|28|NASDAQ|2020|2|28|15|30|213800|6.52|5.75|6.05|6.26|0.0||
APYX|29|NASDAQ|2020|2|27|15|30|107900|6.9|6.43|6.6|6.76|0.0||
APYX|30|NASDAQ|2020|2|26|15|30|42200|7.17|6.9|6.96|7.16|0.0||
APYX|31|NASDAQ|2020|2|25|15|30|85800|7.23|7.03|7.1|7.23|0.0||
APYX|32|NASDAQ|2020|2|24|15|30|55200|7.39|7.18|7.22|7.32|0.0||
APYX|33|NASDAQ|2020|2|21|15|30|59500|7.7|7.37|7.62|7.59|0.0||
APYX|34|NASDAQ|2020|2|20|15|30|52300|7.7|7.463999999999999|7.58|7.56|0.0||
APYX|35|NASDAQ|2020|2|19|15|30|37100|7.7|7.54|7.6|7.608|0.0||
APYX|36|NASDAQ|2020|2|18|15|30|55000|7.84|7.457000000000002|7.57|7.81|0.0||
APYX|37|NASDAQ|2020|2|14|15|30|32900|7.885|7.78|7.83|7.84|0.0||
APYX|38|NASDAQ|2020|2|13|15|30|32800|8.04|7.75|7.91|7.82|0.0||
APYX|39|NASDAQ|2020|2|12|15|30|20900|8.12|7.88|7.9|8.11|0.0||
APYX|40|NASDAQ|2020|2|11|15|30|32900|8.11|7.9|8.02|7.99|0.0||
APYX|41|NASDAQ|2020|2|10|15|30|48500|7.91|7.58|7.89|7.58|0.0||
APYX|42|NASDAQ|2020|2|7|15|30|36600|7.59|7.37|7.55|7.495|0.0||
APYX|43|NASDAQ|2020|2|6|15|30|32000|7.6|7.41|7.55|7.59|0.0||
APYX|44|NASDAQ|2020|2|5|15|30|36100|7.66|7.46|7.5|7.66|0.0||
APYX|45|NASDAQ|2020|2|4|15|30|55000|7.67|7.42|7.53|7.51|0.0||
APYX|46|NASDAQ|2020|2|3|15|30|50200|7.75|7.37|7.4|7.65|0.0||
APYX|47|NASDAQ|2020|1|31|15|30|98300|7.7|7.301|7.59|7.57|0.0||
APYX|48|NASDAQ|2020|1|30|15|30|29200|7.59|7.421|7.56|7.48|0.0||
APYX|49|NASDAQ|2020|1|29|15|30|33500|7.77|7.45|7.59|7.69|0.0||
APYX|50|NASDAQ|2020|1|28|15|30|85400|7.89|7.68|7.73|7.89|0.0||
APYX|51|NASDAQ|2020|1|27|15|30|53000|8.085|7.82|7.82|7.97|0.0||
APYX|52|NASDAQ|2020|1|24|15|30|36000|8.25|7.99|8.01|8.18|0.0||
APYX|53|NASDAQ|2020|1|23|15|30|74900|8.27|8.02|8.235|8.25|0.0||
APYX|54|NASDAQ|2020|1|22|15|30|42200|8.29|8.205|8.285|8.205|0.0||
APYX|55|NASDAQ|2020|1|21|15|30|70800|8.25|8.095|8.21|8.12|0.0||
APYX|56|NASDAQ|2020|1|17|15|30|74400|8.48|8.1|8.12|8.4|0.0||
APYX|57|NASDAQ|2020|1|16|15|30|105200|8.44|8.227|8.38|8.27|0.0||
APYX|58|NASDAQ|2020|1|15|15|30|62100|8.19|7.97|8.18|7.97|0.0||
APYX|59|NASDAQ|2020|1|14|15|30|136500|8.21|7.91|8.025|8.19|0.0||
APYX|60|NASDAQ|2020|1|13|15|30|78300|8.22|8.05|8.2|8.12|0.0||
APYX|61|NASDAQ|2020|1|10|15|30|82200|8.34|7.872999999999998|8.12|8.07|0.0||
APYX|62|NASDAQ|2020|1|9|15|30|59000|8.33|8.08|8.1|8.26|0.0||
APYX|63|NASDAQ|2020|1|8|15|30|58500|8.34|8.2|8.23|8.27|0.0||
APYX|64|NASDAQ|2020|1|7|15|30|92300|8.37|8.24|8.27|8.24|0.0||
APYX|65|NASDAQ|2020|1|6|15|30|82200|8.485|8.29|8.29|8.4|0.0||
APYX|66|NASDAQ|2020|1|3|15|30|99100|8.56|8.37|8.47|8.41|0.0||
APYX|67|NASDAQ|2020|1|2|15|30|220800|8.59|8.22|8.51|8.41|0.0||
APYX|68|NASDAQ|2019|12|31|15|30|117900|8.49|8.24|8.46|8.24|0.0||
APYX|69|NASDAQ|2019|12|30|15|30|93200|8.33|8.122|8.32|8.2|0.0||
APYX|70|NASDAQ|2019|12|27|15|30|118000|8.31|8.02|8.23|8.1|0.0||
APYX|71|NASDAQ|2019|12|26|15|30|54100|8.13|7.76|8.1|7.76|0.0||
APYX|72|NASDAQ|2019|12|24|15|30|16800|7.84|7.71|7.84|7.8|0.0||
APYX|73|NASDAQ|2019|12|23|15|30|37100|7.81|7.52|7.805|7.57|0.0||
APYX|74|NASDAQ|2019|12|20|15|30|98700|7.77|7.53|7.62|7.75|0.0||
APYX|75|NASDAQ|2019|12|19|15|30|40200|7.86|7.65|7.72|7.82|0.0||
APYX|76|NASDAQ|2019|12|18|15|30|43800|7.93|7.69|7.795|7.82|0.0||
APYX|77|NASDAQ|2019|12|17|15|30|60000|7.99|7.715|7.79|7.93|0.0||
APYX|78|NASDAQ|2019|12|16|15|30|44200|8.2|7.87|7.9|8.17|0.0||
APYX|79|NASDAQ|2019|12|13|15|30|58300|8.2|7.96|8.08|8.05|0.0||
APYX|80|NASDAQ|2019|12|12|15|30|118700|8.3|7.98|8.05|7.98|0.0||
APYX|81|NASDAQ|2019|12|11|15|30|43600|8.01|7.83|7.99|8.01|0.0||
APYX|82|NASDAQ|2019|12|10|15|30|47600|8.0|7.895|7.98|7.96|0.0||
APYX|83|NASDAQ|2019|12|9|15|30|42200|8.07|7.875|7.92|8.01|0.0||
APYX|84|NASDAQ|2019|12|6|15|30|102800|8.07|7.78|8.035|7.89|0.0||
APYX|85|NASDAQ|2019|12|5|15|30|90900|8.075|7.69|7.76|7.98|0.0||
APYX|86|NASDAQ|2019|12|4|15|30|122200|7.99|7.38|7.94|7.39|0.0||
APYX|87|NASDAQ|2019|12|3|15|30|64700|7.49|7.24|7.33|7.27|0.0||
APYX|88|NASDAQ|2019|12|2|15|30|232900|7.97|7.39|7.44|7.97|0.0||
APYX|89|NASDAQ|2019|11|29|15|30|54900|8.01|7.74|7.98|7.8|0.0||
APYX|90|NASDAQ|2019|11|27|15|30|68500|7.95|7.7|7.815|7.81|0.0||
APYX|91|NASDAQ|2019|11|26|15|30|144300|7.83|7.42|7.76|7.42|0.0||
APYX|92|NASDAQ|2019|11|25|15|30|101000|7.54|7.13|7.5|7.13|0.0||
APYX|93|NASDAQ|2019|11|22|15|30|46600|7.24|7.0|7.06|7.16|0.0||
APYX|94|NASDAQ|2019|11|21|15|30|70400|7.24|6.85|7.18|7.1|0.0||
APYX|95|NASDAQ|2019|11|20|15|30|171100|7.3|6.7|7.08|6.71|0.0||
APYX|96|NASDAQ|2019|11|19|15|30|140100|7.584|6.71|6.75|7.05|0.0||
APYX|97|NASDAQ|2019|11|18|15|30|103200|7.53|6.97|6.99|7.53|0.0||
APYX|98|NASDAQ|2019|11|15|15|30|102200|7.915|7.35|7.39|7.9|0.0||
APYX|99|NASDAQ|2019|11|14|15|30|226100|7.98|7.67|7.85|7.86|0.0||
APYX|100|NASDAQ|2019|11|13|15|30|162200|8.05|7.58|7.89|7.86|0.0||
APYX|101|NASDAQ|2019|11|12|15|30|494800|8.5|7.739|8.0|7.75|0.0||
APYX|102|NASDAQ|2019|11|11|15|30|85100|7.25|6.95|7.22|6.96|0.0||
APYX|103|NASDAQ|2019|11|8|15|30|110600|7.05|6.7|7.01|6.7|0.0||
APYX|104|NASDAQ|2019|11|7|15|30|62300|6.89|6.74|6.84|6.86|1.0||
APYX|105|NASDAQ|2019|11|6|15|30|41300|6.87|6.72|6.82|6.75|1.0||
APYX|106|NASDAQ|2019|11|5|15|30|36800|6.82|6.69|6.78|6.8|0.0||
APYX|107|NASDAQ|2019|11|4|15|30|70800|6.84|6.69|6.78|6.75|0.0||
APYX|108|NASDAQ|2019|11|1|14|30|97500|6.88|6.6|6.72|6.6|0.0||
APYX|109|NASDAQ|2019|10|31|14|30|67000|6.67|6.45|6.6|6.5|0.0||
APYX|110|NASDAQ|2019|10|30|14|30|70800|6.77|6.38|6.57|6.48|0.0||
APYX|111|NASDAQ|2019|10|29|14|30|144700|6.56|6.38|6.48|6.38|0.0||
APYX|112|NASDAQ|2019|10|28|14|30|151600|6.5|6.29|6.44|6.4|0.0||
APYX|113|NASDAQ|2019|10|25|15|30|85100|6.54|6.3|6.35|6.43|0.0||
APYX|114|NASDAQ|2019|10|24|15|30|110500|6.67|6.41|6.46|6.64|0.0||
APYX|115|NASDAQ|2019|10|23|15|30|115800|6.74|6.36|6.55|6.61|0.0||
APYX|116|NASDAQ|2019|10|22|15|30|76900|6.95|6.55|6.59|6.74|0.0||
APYX|117|NASDAQ|2019|10|21|15|30|66200|6.9|6.69|6.77|6.88|0.0||
APYX|118|NASDAQ|2019|10|18|15|30|131600|6.98|6.7|6.75|6.78|0.0||
APYX|119|NASDAQ|2019|10|17|15|30|86900|6.98|6.49|6.9|6.61|0.0||
APYX|120|NASDAQ|2019|10|16|15|30|61300|6.62|6.31|6.55|6.51|0.0||
APYX|121|NASDAQ|2019|10|15|15|30|129000|6.88|6.5|6.57|6.85|0.0||
APYX|122|NASDAQ|2019|10|14|15|30|159900|7.26|6.71|6.79|6.94|0.0||
APYX|123|NASDAQ|2019|10|11|15|30|96700|7.1|6.622000000000001|6.94|6.71|||
APYX|124|NASDAQ|2019|10|10|15|30|54200|6.67|6.51|6.57|6.66|||
APYX|125|NASDAQ|2019|10|9|15|30|38800|6.76|6.37|6.61|6.39|||
APYX|126|NASDAQ|2019|10|8|15|30|22600|6.37|6.23|6.31|6.3|||
AQB|0|NASDAQ|2020|4|8|20|15|30814|1.73|1.66|1.7273|1.71|||
AQB|1|NASDAQ|2020|4|7|15|30|49400|1.74|1.67|1.67|1.7|||
AQB|2|NASDAQ|2020|4|6|15|30|45800|1.78|1.679|1.7|1.69|||
AQB|3|NASDAQ|2020|4|3|15|30|18000|1.7|1.63|1.69|1.63|||
AQB|4|NASDAQ|2020|4|2|15|30|53000|1.71|1.61|1.65|1.66|||
AQB|5|NASDAQ|2020|4|1|15|30|52500|1.72|1.6|1.65|1.64|0.0||
AQB|6|NASDAQ|2020|3|31|15|30|87300|1.78|1.63|1.63|1.72|0.0||
AQB|7|NASDAQ|2020|3|30|15|30|91200|1.8|1.68|1.69|1.79|0.0||
AQB|8|NASDAQ|2020|3|27|14|30|46800|1.84|1.724|1.836|1.78|0.0||
AQB|9|NASDAQ|2020|3|26|14|30|33600|1.86|1.791|1.83|1.8|0.0||
AQB|10|NASDAQ|2020|3|25|14|30|52100|1.812|1.7|1.81|1.78|0.0||
AQB|11|NASDAQ|2020|3|24|14|30|91300|1.76|1.69|1.76|1.72|0.0||
AQB|12|NASDAQ|2020|3|23|14|30|110200|1.76|1.6|1.69|1.68|0.0||
AQB|13|NASDAQ|2020|3|20|14|30|82700|1.832|1.69|1.75|1.82|0.0||
AQB|14|NASDAQ|2020|3|19|14|30|56700|1.87|1.725|1.816|1.78|0.0||
AQB|15|NASDAQ|2020|3|18|14|30|133600|1.84|1.59|1.79|1.71|0.0||
AQB|16|NASDAQ|2020|3|17|14|30|83000|1.78|1.7|1.74|1.72|0.0||
AQB|17|NASDAQ|2020|3|16|14|30|141200|1.85|1.66|1.74|1.7|0.0||
AQB|18|NASDAQ|2020|3|13|14|30|116000|1.9|1.77|1.85|1.9|0.0||
AQB|19|NASDAQ|2020|3|12|14|30|179100|1.93|1.72|1.88|1.79|0.0||
AQB|20|NASDAQ|2020|3|11|14|30|97700|2.01|1.83|1.85|2.0|0.0||
AQB|21|NASDAQ|2020|3|10|14|30|36900|2.03|1.92|2.03|1.93|0.0||
AQB|22|NASDAQ|2020|3|9|14|30|107400|2.06|1.86|1.91|1.94|0.0||
AQB|23|NASDAQ|2020|3|6|15|30|65500|2.2880000000000003|2.14|2.16|2.28|0.0||
AQB|24|NASDAQ|2020|3|5|15|30|181400|2.37|2.15|2.3|2.18|0.0||
AQB|25|NASDAQ|2020|3|4|15|30|96300|2.3|2.1|2.23|2.3|0.0||
AQB|26|NASDAQ|2020|3|3|15|30|239700|2.4|2.12|2.22|2.3|0.0||
AQB|27|NASDAQ|2020|3|2|15|30|1098400|2.43|1.9|2.26|2.01|0.0||
AQB|28|NASDAQ|2020|2|28|15|30|77400|1.79|1.7|1.76|1.73|1.0||
AQB|29|NASDAQ|2020|2|27|15|30|129700|1.82|1.7|1.78|1.82|1.0||
AQB|30|NASDAQ|2020|2|26|15|30|139100|2.08|1.82|1.85|2.08|1.0||
AQB|31|NASDAQ|2020|2|25|15|30|243000|2.12|1.96|2.03|2.0|0.0||
AQB|32|NASDAQ|2020|2|24|15|30|193100|1.97|1.81|1.96|1.81|0.0||
AQB|33|NASDAQ|2020|2|21|15|30|164700|1.81|1.715|1.81|1.72|0.0||
AQB|34|NASDAQ|2020|2|20|15|30|152100|1.794|1.7|1.72|1.74|0.0||
AQB|35|NASDAQ|2020|2|19|15|30|270900|2.05|1.77|1.8|2.05|0.0||
AQB|36|NASDAQ|2020|2|18|15|30|294800|1.98|1.76|1.87|1.76|0.0||
AQB|37|NASDAQ|2020|2|14|15|30|129400|1.869|1.65|1.65|1.8|0.0||
AQB|38|NASDAQ|2020|2|13|15|30|129400|1.789|1.62|1.76|1.72|0.0||
AQB|39|NASDAQ|2020|2|12|15|30|686100|1.85|1.517|1.7|1.55|0.0||
AQB|40|NASDAQ|2020|2|11|15|30|1548800|1.77|1.52|1.52|1.68|1.0||
AQB|41|NASDAQ|2020|2|10|15|30|312900|1.94|1.71|1.72|1.94|0.0||
AQB|42|NASDAQ|2020|2|7|15|30|261600|2.14|1.9|1.94|2.14|0.0||
AQB|43|NASDAQ|2020|2|6|15|30|22300|2.113|2.06|2.1|2.09|0.0||
AQB|44|NASDAQ|2020|2|5|15|30|25800|2.12|2.019|2.1|2.02|0.0||
AQB|45|NASDAQ|2020|2|4|15|30|62500|2.1|1.99|2.05|1.99|0.0||
AQB|46|NASDAQ|2020|2|3|15|30|56500|2.03|1.98|2.0|1.98|0.0||
AQB|47|NASDAQ|2020|1|31|15|30|48500|2.07|2.0|2.04|2.02|0.0||
AQB|48|NASDAQ|2020|1|30|15|30|93900|2.09|1.96|2.04|2.09|0.0||
AQB|49|NASDAQ|2020|1|29|15|30|68200|2.15|2.09|2.105|2.13|0.0||
AQB|50|NASDAQ|2020|1|28|15|30|289300|2.135|1.705|2.09|2.02|0.0||
AQB|51|NASDAQ|2020|1|27|15|30|108300|2.2|2.02|2.04|2.2|0.0||
AQB|52|NASDAQ|2020|1|24|15|30|53000|2.39|2.15|2.2|2.21|0.0||
AQB|53|NASDAQ|2020|1|23|15|30|44200|2.3|2.195|2.29|2.2|0.0||
AQB|54|NASDAQ|2020|1|22|15|30|104900|2.25|2.1|2.2|2.14|0.0||
AQB|55|NASDAQ|2020|1|21|15|30|84900|2.3|2.13|2.17|2.2|0.0||
AQB|56|NASDAQ|2020|1|17|15|30|153800|2.46|2.23|2.245|2.46|0.0||
AQB|57|NASDAQ|2020|1|16|15|30|27700|2.48|2.41|2.43|2.42|0.0||
AQB|58|NASDAQ|2020|1|15|15|30|235000|2.57|2.35|2.41|2.5|0.0||
AQB|59|NASDAQ|2020|1|14|15|30|221500|2.76|2.5|2.66|2.5|0.0||
AQB|60|NASDAQ|2020|1|13|15|30|50300|2.6|2.35|2.46|2.54|0.0||
AQB|61|NASDAQ|2020|1|10|15|30|18500|2.508|2.37|2.386|2.5|0.0||
AQB|62|NASDAQ|2020|1|9|15|30|40300|2.52|2.45|2.475|2.49|0.0||
AQB|63|NASDAQ|2020|1|8|15|30|72000|2.52|2.45|2.52|2.49|0.0||
AQB|64|NASDAQ|2020|1|7|15|30|36600|2.49|2.38|2.487|2.48|0.0||
AQB|65|NASDAQ|2020|1|6|15|30|50500|2.48|2.3|2.42|2.47|0.0||
AQB|66|NASDAQ|2020|1|3|15|30|81500|2.64|2.3|2.41|2.64|0.0||
AQB|67|NASDAQ|2020|1|2|15|30|332500|2.53|2.18|2.47|2.2|0.0||
AQB|68|NASDAQ|2019|12|31|15|30|132500|2.2|2.03|2.17|2.03|1.0||
AQB|69|NASDAQ|2019|12|30|15|30|38400|2.05|2.01|2.03|2.01|1.0||
AQB|70|NASDAQ|2019|12|27|15|30|87400|2.05|2.0|2.01|2.05|1.0||
AQB|71|NASDAQ|2019|12|26|15|30|46500|2.13|2.04|2.04|2.13|1.0||
AQB|72|NASDAQ|2019|12|24|15|30|25000|2.14|2.08|2.13|2.08|0.0||
AQB|73|NASDAQ|2019|12|23|15|30|61600|2.09|2.0|2.08|2.02|0.0||
AQB|74|NASDAQ|2019|12|20|15|30|31400|2.04|2.0|2.03|2.0|0.0||
AQB|75|NASDAQ|2019|12|19|15|30|50100|2.04|2.0|2.0|2.0|0.0||
AQB|76|NASDAQ|2019|12|18|15|30|57300|2.02|2.0|2.01|2.01|0.0||
AQB|77|NASDAQ|2019|12|17|15|30|23600|2.05|2.01|2.03|2.01|0.0||
AQB|78|NASDAQ|2019|12|16|15|30|36800|2.04|2.014|2.04|2.04|0.0||
AQB|79|NASDAQ|2019|12|13|15|30|63200|2.05|2.0|2.03|2.02|0.0||
AQB|80|NASDAQ|2019|12|12|15|30|131100|2.1|2.0|2.02|2.1|0.0||
AQB|81|NASDAQ|2019|12|11|15|30|52600|2.14|2.07|2.1|2.11|0.0||
AQB|82|NASDAQ|2019|12|10|15|30|45900|2.15|2.08|2.108|2.11|0.0||
AQB|83|NASDAQ|2019|12|9|15|30|80700|2.25|2.1|2.1|2.2|0.0||
AQB|84|NASDAQ|2019|12|6|15|30|60300|2.22|2.11|2.2|2.12|0.0||
AQB|85|NASDAQ|2019|12|5|15|30|50700|2.21|2.09|2.14|2.21|0.0||
AQB|86|NASDAQ|2019|12|4|15|30|22100|2.25|2.2|2.23|2.22|0.0||
AQB|87|NASDAQ|2019|12|3|15|30|37900|2.29|2.18|2.21|2.29|0.0||
AQB|88|NASDAQ|2019|12|2|15|30|154200|2.28|2.06|2.27|2.19|0.0||
AQB|89|NASDAQ|2019|11|29|15|30|35700|2.278|2.1|2.265|2.19|0.0||
AQB|90|NASDAQ|2019|11|27|15|30|119700|2.19|2.06|2.19|2.06|0.0||
AQB|91|NASDAQ|2019|11|26|15|30|201000|2.04|1.97|2.04|2.03|0.0||
AQB|92|NASDAQ|2019|11|25|15|30|128200|2.06|1.946|2.0|2.04|1.0||
AQB|93|NASDAQ|2019|11|22|15|30|41600|2.08|2.02|2.06|2.02|0.0||
AQB|94|NASDAQ|2019|11|21|15|30|106600|2.096|2.0|2.04|2.09|0.0||
AQB|95|NASDAQ|2019|11|20|15|30|37900|2.14|2.09|2.1|2.11|0.0||
AQB|96|NASDAQ|2019|11|19|15|30|43800|2.15|2.09|2.092|2.14|0.0||
AQB|97|NASDAQ|2019|11|18|15|30|55900|2.19|2.091|2.15|2.13|0.0||
AQB|98|NASDAQ|2019|11|15|15|30|26200|2.195|2.14|2.14|2.14|0.0||
AQB|99|NASDAQ|2019|11|14|15|30|34500|2.16|2.12|2.16|2.14|0.0||
AQB|100|NASDAQ|2019|11|13|15|30|53800|2.19|2.09|2.1|2.15|0.0||
AQB|101|NASDAQ|2019|11|12|15|30|91800|2.213|2.145|2.15|2.2|0.0||
AQB|102|NASDAQ|2019|11|11|15|30|16000|2.23|2.161|2.19|2.23|0.0||
AQB|103|NASDAQ|2019|11|8|15|30|86100|2.24|2.15|2.2|2.24|0.0||
AQB|104|NASDAQ|2019|11|7|15|30|74500|2.32|2.2|2.2|2.24|0.0||
AQB|105|NASDAQ|2019|11|6|15|30|61700|2.383|2.17|2.22|2.35|0.0||
AQB|106|NASDAQ|2019|11|5|15|30|37000|2.45|2.31|2.31|2.45|0.0||
AQB|107|NASDAQ|2019|11|4|15|30|54300|2.47|2.4|2.45|2.41|0.0||
AQB|108|NASDAQ|2019|11|1|14|30|26200|2.44|2.33|2.37|2.388|0.0||
AQB|109|NASDAQ|2019|10|31|14|30|32500|2.42|2.3|2.33|2.4|0.0||
AQB|110|NASDAQ|2019|10|30|14|30|69500|2.5|2.32|2.43|2.32|0.0||
AQB|111|NASDAQ|2019|10|29|14|30|41600|2.4|2.3|2.32|2.36|0.0||
AQB|112|NASDAQ|2019|10|28|14|30|22600|2.4|2.3|2.38|2.36|0.0||
AQB|113|NASDAQ|2019|10|25|15|30|33400|2.49|2.33|2.42|2.406|0.0||
AQB|114|NASDAQ|2019|10|24|15|30|18100|2.629|2.39|2.45|2.51|0.0||
AQB|115|NASDAQ|2019|10|23|15|30|14800|2.49|2.4|2.48|2.435|0.0||
AQB|116|NASDAQ|2019|10|22|15|30|36500|2.54|2.388|2.39|2.5|0.0||
AQB|117|NASDAQ|2019|10|21|15|30|35300|2.64|2.46|2.52|2.6|0.0||
AQB|118|NASDAQ|2019|10|18|15|30|14500|2.62|2.511|2.6|2.511|0.0||
AQB|119|NASDAQ|2019|10|17|15|30|17900|2.65|2.574|2.63|2.65|0.0||
AQB|120|NASDAQ|2019|10|16|15|30|37600|2.65|2.47|2.64|2.506|0.0||
AQB|121|NASDAQ|2019|10|15|15|30|34100|2.525|2.35|2.51|2.38|0.0||
AQB|122|NASDAQ|2019|10|14|15|30|8800|2.39|2.321|2.37|2.36|0.0||
AQB|123|NASDAQ|2019|10|11|15|30|43500|2.51|2.31|2.36|2.38|||
AQB|124|NASDAQ|2019|10|10|15|30|52000|2.509|2.26|2.38|2.26|||
AQB|125|NASDAQ|2019|10|9|15|30|64500|2.49|2.28|2.3|2.47|||
AQB|126|NASDAQ|2019|10|8|15|30|16900|2.47|2.4|2.47|2.44|||
AQMS|0|NASDAQ|2020|4|8|20|13|524101|0.43|0.3998|0.43|0.4|||
AQMS|1|NASDAQ|2020|4|7|15|30|415100|0.41|0.38|0.38|0.4|||
AQMS|2|NASDAQ|2020|4|6|15|30|227200|0.41|0.35|0.39|0.4|||
AQMS|3|NASDAQ|2020|4|3|15|30|440700|0.4|0.35|0.381|0.389|||
AQMS|4|NASDAQ|2020|4|2|15|30|446700|0.44|0.35100000000000003|0.38|0.41|||
AQMS|5|NASDAQ|2020|4|1|15|30|173500|0.462|0.4|0.41|0.462|0.0||
AQMS|6|NASDAQ|2020|3|31|15|30|418300|0.49|0.44|0.45|0.45|0.0||
AQMS|7|NASDAQ|2020|3|30|15|30|304200|0.504|0.45|0.45|0.452|0.0||
AQMS|8|NASDAQ|2020|3|27|14|30|130000|0.46|0.421|0.43|0.45|0.0||
AQMS|9|NASDAQ|2020|3|26|14|30|487000|0.47|0.41|0.455|0.428|0.0||
AQMS|10|NASDAQ|2020|3|25|14|30|402300|0.47|0.38|0.417|0.44|0.0||
AQMS|11|NASDAQ|2020|3|24|14|30|489300|0.44|0.36|0.42|0.38|0.0||
AQMS|12|NASDAQ|2020|3|23|14|30|623400|0.46|0.33|0.34|0.45|1.0||
AQMS|13|NASDAQ|2020|3|20|14|30|585500|0.47|0.35|0.366|0.41|0.0||
AQMS|14|NASDAQ|2020|3|19|14|30|729100|0.41|0.36|0.39|0.38|0.0||
AQMS|15|NASDAQ|2020|3|18|14|30|529800|0.41|0.33|0.38|0.41|0.0||
AQMS|16|NASDAQ|2020|3|17|14|30|393400|0.41|0.358|0.402|0.4|0.0||
AQMS|17|NASDAQ|2020|3|16|14|30|374500|0.49|0.4|0.401|0.49|0.0||
AQMS|18|NASDAQ|2020|3|13|14|30|961600|0.54|0.411|0.5|0.46|0.0||
AQMS|19|NASDAQ|2020|3|12|14|30|1005600|0.573|0.402|0.42|0.51|0.0||
AQMS|20|NASDAQ|2020|3|11|14|30|395900|0.65|0.58|0.625|0.62|0.0||
AQMS|21|NASDAQ|2020|3|10|14|30|376300|0.746|0.59|0.639|0.73|0.0||
AQMS|22|NASDAQ|2020|3|9|14|30|336600|0.75|0.67|0.69|0.742|0.0||
AQMS|23|NASDAQ|2020|3|6|15|30|460300|0.797|0.7|0.757|0.73|0.0||
AQMS|24|NASDAQ|2020|3|5|15|30|274300|0.74|0.655|0.7340000000000001|0.708|0.0||
AQMS|25|NASDAQ|2020|3|4|15|30|222500|0.75|0.6920000000000001|0.71|0.7290000000000001|0.0||
AQMS|26|NASDAQ|2020|3|3|15|30|189700|0.75|0.6509999999999999|0.72|0.72|0.0||
AQMS|27|NASDAQ|2020|3|2|15|30|329300|0.71|0.61|0.682|0.64|0.0||
AQMS|28|NASDAQ|2020|2|28|15|30|596400|0.69|0.55|0.69|0.6|0.0||
AQMS|29|NASDAQ|2020|2|27|15|30|387200|0.75|0.68|0.6890000000000001|0.74|0.0||
AQMS|30|NASDAQ|2020|2|26|15|30|165200|0.79|0.76|0.77|0.76|0.0||
AQMS|31|NASDAQ|2020|2|25|15|30|140400|0.84|0.777|0.79|0.81|0.0||
AQMS|32|NASDAQ|2020|2|24|15|30|285500|0.84|0.76|0.807|0.828|0.0||
AQMS|33|NASDAQ|2020|2|21|15|30|191400|0.87|0.825|0.848|0.8370000000000001|0.0||
AQMS|34|NASDAQ|2020|2|20|15|30|190500|0.8590000000000001|0.804|0.84|0.84|0.0||
AQMS|35|NASDAQ|2020|2|19|15|30|464400|0.85|0.79|0.8390000000000001|0.805|0.0||
AQMS|36|NASDAQ|2020|2|18|15|30|393000|0.82|0.76|0.802|0.76|0.0||
AQMS|37|NASDAQ|2020|2|14|15|30|160000|0.79|0.7509999999999999|0.755|0.78|0.0||
AQMS|38|NASDAQ|2020|2|13|15|30|243900|0.799|0.74|0.78|0.74|0.0||
AQMS|39|NASDAQ|2020|2|12|15|30|522300|0.785|0.742|0.7559999999999999|0.76|0.0||
AQMS|40|NASDAQ|2020|2|11|15|30|321400|0.81|0.75|0.759|0.7609999999999999|0.0||
AQMS|41|NASDAQ|2020|2|10|15|30|282600|0.81|0.75|0.77|0.8|0.0||
AQMS|42|NASDAQ|2020|2|7|15|30|264300|0.8|0.753|0.7859999999999999|0.775|0.0||
AQMS|43|NASDAQ|2020|2|6|15|30|101500|0.809|0.77|0.775|0.8|0.0||
AQMS|44|NASDAQ|2020|2|5|15|30|196000|0.799|0.753|0.785|0.753|0.0||
AQMS|45|NASDAQ|2020|2|4|15|30|267400|0.79|0.73|0.752|0.75|0.0||
AQMS|46|NASDAQ|2020|2|3|15|30|380400|0.79|0.733|0.75|0.768|0.0||
AQMS|47|NASDAQ|2020|1|31|15|30|631900|0.79|0.71|0.7659999999999999|0.79|0.0||
AQMS|48|NASDAQ|2020|1|30|15|30|928000|0.84|0.731|0.752|0.804|0.0||
AQMS|49|NASDAQ|2020|1|29|15|30|696900|0.86|0.7879999999999999|0.8|0.85|0.0||
AQMS|50|NASDAQ|2020|1|28|15|30|404400|0.83|0.75|0.78|0.795|0.0||
AQMS|51|NASDAQ|2020|1|27|15|30|968700|0.84|0.722|0.79|0.79|0.0||
AQMS|52|NASDAQ|2020|1|24|15|30|814300|0.816|0.701|0.78|0.725|0.0||
AQMS|53|NASDAQ|2020|1|23|15|30|616800|0.759|0.701|0.725|0.72|0.0||
AQMS|54|NASDAQ|2020|1|22|15|30|271300|0.71|0.68|0.7|0.71|0.0||
AQMS|55|NASDAQ|2020|1|21|15|30|389200|0.7240000000000001|0.69|0.69|0.7240000000000001|1.0||
AQMS|56|NASDAQ|2020|1|17|15|30|913500|0.747|0.685|0.71|0.73|0.0||
AQMS|57|NASDAQ|2020|1|16|15|30|928700|0.76|0.6890000000000001|0.73|0.755|0.0||
AQMS|58|NASDAQ|2020|1|15|15|30|633300|0.7759999999999999|0.743|0.755|0.75|0.0||
AQMS|59|NASDAQ|2020|1|14|15|30|1709900|0.92|0.75|0.7609999999999999|0.92|0.0||
AQMS|60|NASDAQ|2020|1|13|15|30|471700|0.93|0.868|0.905|0.91|0.0||
AQMS|61|NASDAQ|2020|1|10|15|30|671600|0.97|0.8590000000000001|0.866|0.97|0.0||
AQMS|62|NASDAQ|2020|1|9|15|30|562900|0.97|0.903|0.962|0.933|0.0||
AQMS|63|NASDAQ|2020|1|8|15|30|1054500|0.96|0.86|0.905|0.94|0.0||
AQMS|64|NASDAQ|2020|1|7|15|30|2296500|1.0|0.8|0.985|0.8|0.0||
AQMS|65|NASDAQ|2020|1|6|15|30|810500|0.81|0.73|0.8|0.77|0.0||
AQMS|66|NASDAQ|2020|1|3|15|30|822500|0.75|0.6809999999999999|0.7390000000000001|0.73|1.0||
AQMS|67|NASDAQ|2020|1|2|15|30|1059600|0.82|0.7|0.736|0.79|1.0||
AQMS|68|NASDAQ|2019|12|31|15|30|1766900|0.83|0.74|0.755|0.83|1.0||
AQMS|69|NASDAQ|2019|12|30|15|30|1988600|0.88|0.75|0.83|0.8|0.0||
AQMS|70|NASDAQ|2019|12|27|15|30|12229600|1.1|0.61|0.83|0.63|0.0||
AQMS|71|NASDAQ|2019|12|26|15|30|846200|0.53|0.5|0.52|0.521|1.0||
AQMS|72|NASDAQ|2019|12|24|15|30|395100|0.52|0.46|0.496|0.48|1.0||
AQMS|73|NASDAQ|2019|12|23|15|30|809600|0.53|0.462|0.488|0.5|1.0||
AQMS|74|NASDAQ|2019|12|20|15|30|920900|0.5429999999999999|0.473|0.4920000000000001|0.505|1.0||
AQMS|75|NASDAQ|2019|12|19|15|30|2410500|0.534|0.415|0.51|0.42|0.0||
AQMS|76|NASDAQ|2019|12|18|15|30|1199900|0.464|0.41|0.42|0.46|1.0||
AQMS|77|NASDAQ|2019|12|17|15|30|1559500|0.476|0.43|0.452|0.454|0.0||
AQMS|78|NASDAQ|2019|12|16|15|30|2438100|0.56|0.45|0.452|0.56|0.0||
AQMS|79|NASDAQ|2019|12|13|15|30|1347800|0.629|0.55|0.564|0.606|0.0||
AQMS|80|NASDAQ|2019|12|12|15|30|1292800|0.6679999999999999|0.6|0.613|0.65|0.0||
AQMS|81|NASDAQ|2019|12|11|15|30|1203900|0.65|0.611|0.65|0.611|0.0||
AQMS|82|NASDAQ|2019|12|10|15|30|1155200|0.65|0.612|0.637|0.65|0.0||
AQMS|83|NASDAQ|2019|12|9|15|30|661400|0.65|0.602|0.628|0.649|0.0||
AQMS|84|NASDAQ|2019|12|6|15|30|1579600|0.72|0.611|0.628|0.69|0.0||
AQMS|85|NASDAQ|2019|12|5|15|30|916100|0.765|0.68|0.73|0.759|0.0||
AQMS|86|NASDAQ|2019|12|4|15|30|928800|0.7859999999999999|0.727|0.7609999999999999|0.764|0.0||
AQMS|87|NASDAQ|2019|12|3|15|30|1582300|0.81|0.7120000000000001|0.747|0.8|0.0||
AQMS|88|NASDAQ|2019|12|2|15|30|3669400|0.815|0.67|0.8109999999999999|0.7609999999999999|0.0||
AQMS|89|NASDAQ|2019|11|29|15|30|137300|1.385|1.32|1.35|1.37|0.0||
AQMS|90|NASDAQ|2019|11|27|15|30|314300|1.45|1.35|1.37|1.45|0.0||
AQMS|91|NASDAQ|2019|11|26|15|30|827900|1.57|1.24|1.45|1.35|0.0||
AQMS|92|NASDAQ|2019|11|25|15|30|401500|1.46|1.32|1.38|1.38|0.0||
AQMS|93|NASDAQ|2019|11|22|15|30|182200|1.43|1.36|1.42|1.368|0.0||
AQMS|94|NASDAQ|2019|11|21|15|30|843200|1.38|1.17|1.36|1.29|0.0||
AQMS|95|NASDAQ|2019|11|20|15|30|645600|1.45|1.26|1.27|1.43|0.0||
AQMS|96|NASDAQ|2019|11|19|15|30|415100|1.54|1.42|1.42|1.54|0.0||
AQMS|97|NASDAQ|2019|11|18|15|30|284700|1.5630000000000002|1.47|1.53|1.5590000000000002|0.0||
AQMS|98|NASDAQ|2019|11|15|15|30|198600|1.62|1.54|1.56|1.59|0.0||
AQMS|99|NASDAQ|2019|11|14|15|30|258400|1.59|1.5|1.58|1.58|0.0||
AQMS|100|NASDAQ|2019|11|13|15|30|474700|1.69|1.46|1.58|1.51|0.0||
AQMS|101|NASDAQ|2019|11|12|15|30|324200|1.53|1.41|1.45|1.53|0.0||
AQMS|102|NASDAQ|2019|11|11|15|30|225300|1.54|1.45|1.52|1.51|0.0||
AQMS|103|NASDAQ|2019|11|8|15|30|230000|1.53|1.45|1.51|1.53|0.0||
AQMS|104|NASDAQ|2019|11|7|15|30|230300|1.52|1.46|1.49|1.47|0.0||
AQMS|105|NASDAQ|2019|11|6|15|30|400600|1.59|1.48|1.49|1.59|0.0||
AQMS|106|NASDAQ|2019|11|5|15|30|281400|1.64|1.57|1.59|1.64|0.0||
AQMS|107|NASDAQ|2019|11|4|15|30|242400|1.66|1.6|1.64|1.6|0.0||
AQMS|108|NASDAQ|2019|11|1|14|30|146500|1.65|1.6|1.62|1.61|0.0||
AQMS|109|NASDAQ|2019|10|31|14|30|270100|1.68|1.59|1.6|1.62|0.0||
AQMS|110|NASDAQ|2019|10|30|14|30|115000|1.7|1.61|1.62|1.63|0.0||
AQMS|111|NASDAQ|2019|10|29|14|30|228400|1.68|1.62|1.65|1.68|0.0||
AQMS|112|NASDAQ|2019|10|28|14|30|270000|1.8|1.67|1.69|1.79|0.0||
AQMS|113|NASDAQ|2019|10|25|15|30|161400|1.84|1.76|1.79|1.84|0.0||
AQMS|114|NASDAQ|2019|10|24|15|30|243900|1.83|1.7|1.82|1.82|0.0||
AQMS|115|NASDAQ|2019|10|23|15|30|231800|1.84|1.76|1.83|1.8|0.0||
AQMS|116|NASDAQ|2019|10|22|15|30|123400|1.825|1.8|1.81|1.81|0.0||
AQMS|117|NASDAQ|2019|10|21|15|30|136000|1.87|1.8|1.81|1.85|0.0||
AQMS|118|NASDAQ|2019|10|18|15|30|74400|1.87|1.83|1.84|1.83|0.0||
AQMS|119|NASDAQ|2019|10|17|15|30|224400|1.88|1.81|1.84|1.82|0.0||
AQMS|120|NASDAQ|2019|10|16|15|30|158100|1.85|1.77|1.795|1.77|0.0||
AQMS|121|NASDAQ|2019|10|15|15|30|168800|1.82|1.75|1.77|1.78|0.0||
AQMS|122|NASDAQ|2019|10|14|15|30|130800|1.808|1.75|1.78|1.8|0.0||
AQMS|123|NASDAQ|2019|10|11|15|30|252700|1.86|1.73|1.81|1.73|||
AQMS|124|NASDAQ|2019|10|10|15|30|248000|1.84|1.72|1.73|1.78|||
AQMS|125|NASDAQ|2019|10|9|15|30|167900|1.84|1.76|1.78|1.81|||
AQMS|126|NASDAQ|2019|10|8|15|30|169600|1.9|1.78|1.79|1.85|||
AQST|0|NASDAQ|2020|4|8|20|17|541763|2.68|2.0801|2.5|2.09|||
AQST|1|NASDAQ|2020|4|7|15|30|309600|2.25|2.02|2.06|2.21|||
AQST|2|NASDAQ|2020|4|6|15|30|299300|2.18|1.901|2.11|1.92|||
AQST|3|NASDAQ|2020|4|3|15|30|326600|2.04|1.75|1.84|1.91|||
AQST|4|NASDAQ|2020|4|2|15|30|232800|2.0|1.85|1.88|1.92|||
AQST|5|NASDAQ|2020|4|1|15|30|353000|2.15|1.9|1.95|2.15|0.0||
AQST|6|NASDAQ|2020|3|31|15|30|253100|2.35|2.12|2.19|2.31|0.0||
AQST|7|NASDAQ|2020|3|30|15|30|270500|2.44|2.15|2.27|2.33|0.0||
AQST|8|NASDAQ|2020|3|27|14|30|481400|2.35|1.96|2.29|2.02|0.0||
AQST|9|NASDAQ|2020|3|26|14|30|335300|2.16|1.94|2.02|2.0|0.0||
AQST|10|NASDAQ|2020|3|25|14|30|287600|2.14|1.86|2.01|2.0|0.0||
AQST|11|NASDAQ|2020|3|24|14|30|409400|2.14|1.9|1.96|1.95|1.0||
AQST|12|NASDAQ|2020|3|23|14|30|279300|1.99|1.8|1.83|1.86|1.0||
AQST|13|NASDAQ|2020|3|20|14|30|370400|2.04|1.8|1.86|1.84|0.0||
AQST|14|NASDAQ|2020|3|19|14|30|316200|1.79|1.55|1.76|1.56|1.0||
AQST|15|NASDAQ|2020|3|18|14|30|439600|1.815|1.51|1.59|1.77|1.0||
AQST|16|NASDAQ|2020|3|17|14|30|459100|1.87|1.53|1.78|1.63|0.0||
AQST|17|NASDAQ|2020|3|16|14|30|792000|1.82|1.41|1.54|1.5|1.0||
AQST|18|NASDAQ|2020|3|13|14|30|871000|2.05|1.52|1.68|1.91|0.0||
AQST|19|NASDAQ|2020|3|12|14|30|1057800|2.52|1.61|1.92|2.35|0.0||
AQST|20|NASDAQ|2020|3|11|14|30|482700|3.4|2.93|2.94|3.35|0.0||
AQST|21|NASDAQ|2020|3|10|14|30|499800|3.48|3.11|3.44|3.44|0.0||
AQST|22|NASDAQ|2020|3|9|14|30|648400|3.635|3.165|3.19|3.57|0.0||
AQST|23|NASDAQ|2020|3|6|15|30|615100|4.1|3.75|3.82|4.04|0.0||
AQST|24|NASDAQ|2020|3|5|15|30|665700|4.36|4.0|4.14|4.26|0.0||
AQST|25|NASDAQ|2020|3|4|15|30|1147800|4.32|3.73|4.24|3.82|0.0||
AQST|26|NASDAQ|2020|3|3|15|30|348900|3.79|3.51|3.66|3.52|0.0||
AQST|27|NASDAQ|2020|3|2|15|30|517100|3.99|3.5|3.52|3.77|0.0||
AQST|28|NASDAQ|2020|2|28|15|30|537000|3.74|3.27|3.73|3.3|0.0||
AQST|29|NASDAQ|2020|2|27|15|30|958000|3.94|3.5|3.56|3.87|1.0||
AQST|30|NASDAQ|2020|2|26|15|30|774700|4.12|3.9|3.98|4.01|0.0||
AQST|31|NASDAQ|2020|2|25|15|30|577500|4.19|3.91|4.02|4.07|0.0||
AQST|32|NASDAQ|2020|2|24|15|30|338600|4.15|3.96|4.09|4.08|0.0||
AQST|33|NASDAQ|2020|2|21|15|30|389100|4.46|4.13|4.22|4.37|0.0||
AQST|34|NASDAQ|2020|2|20|15|30|317500|4.5|4.21|4.4|4.22|0.0||
AQST|35|NASDAQ|2020|2|19|15|30|417400|4.309|4.16|4.28|4.28|0.0||
AQST|36|NASDAQ|2020|2|18|15|30|585500|4.42|4.2|4.24|4.37|0.0||
AQST|37|NASDAQ|2020|2|14|15|30|434900|4.525|4.3|4.38|4.4|0.0||
AQST|38|NASDAQ|2020|2|13|15|30|351700|4.5|4.3|4.38|4.47|0.0||
AQST|39|NASDAQ|2020|2|12|15|30|548200|4.6|4.25|4.48|4.6|0.0||
AQST|40|NASDAQ|2020|2|11|15|30|940200|4.76|4.39|4.6|4.75|0.0||
AQST|41|NASDAQ|2020|2|10|15|30|2248300|4.77|3.99|4.67|4.2|0.0||
AQST|42|NASDAQ|2020|2|7|15|30|658600|4.17|3.86|3.96|4.15|0.0||
AQST|43|NASDAQ|2020|2|6|15|30|1704500|4.44|3.86|4.13|4.31|0.0||
AQST|44|NASDAQ|2020|2|5|15|30|413100|4.02|3.89|4.02|3.97|1.0||
AQST|45|NASDAQ|2020|2|4|15|30|440700|4.03|3.81|3.94|3.97|1.0||
AQST|46|NASDAQ|2020|2|3|15|30|369600|4.17|3.95|3.95|4.07|0.0||
AQST|47|NASDAQ|2020|1|31|15|30|410000|4.07|3.89|4.05|4.0|0.0||
AQST|48|NASDAQ|2020|1|30|15|30|639800|4.12|3.79|4.01|4.09|0.0||
AQST|49|NASDAQ|2020|1|29|15|30|479400|4.1|3.93|4.0|4.04|0.0||
AQST|50|NASDAQ|2020|1|28|15|30|481000|4.1|3.84|4.06|3.95|0.0||
AQST|51|NASDAQ|2020|1|27|15|30|411500|3.985|3.76|3.9|3.82|0.0||
AQST|52|NASDAQ|2020|1|24|15|30|414800|4.06|3.815|3.88|4.06|0.0||
AQST|53|NASDAQ|2020|1|23|15|30|279500|4.02|3.81|3.97|3.92|0.0||
AQST|54|NASDAQ|2020|1|22|15|30|463500|4.1|3.88|3.9|4.1|0.0||
AQST|55|NASDAQ|2020|1|21|15|30|871800|4.15|3.77|4.1|4.15|0.0||
AQST|56|NASDAQ|2020|1|17|15|30|961700|4.3|4.06|4.1|4.14|0.0||
AQST|57|NASDAQ|2020|1|16|15|30|1086300|4.45|4.06|4.14|4.41|0.0||
AQST|58|NASDAQ|2020|1|15|15|30|1006000|4.52|4.17|4.36|4.17|0.0||
AQST|59|NASDAQ|2020|1|14|15|30|1249200|4.4|4.07|4.17|4.37|0.0||
AQST|60|NASDAQ|2020|1|13|15|30|4032100|5.72|4.3|4.36|5.69|0.0||
AQST|61|NASDAQ|2020|1|10|15|30|675000|6.75|6.43|6.61|6.67|0.0||
AQST|62|NASDAQ|2020|1|9|15|30|469600|6.627999999999999|6.2|6.39|6.43|0.0||
AQST|63|NASDAQ|2020|1|8|15|30|682200|6.939|6.38|6.39|6.76|0.0||
AQST|64|NASDAQ|2020|1|7|15|30|1542300|6.96|5.82|6.75|5.84|0.0||
AQST|65|NASDAQ|2020|1|6|15|30|353600|5.884|5.62|5.84|5.8|0.0||
AQST|66|NASDAQ|2020|1|3|15|30|473300|6.01|5.71|5.86|5.87|0.0||
AQST|67|NASDAQ|2020|1|2|15|30|955100|6.07|5.517|6.03|5.9|0.0||
AQST|68|NASDAQ|2019|12|31|15|30|1360800|5.89|5.32|5.82|5.35|1.0||
AQST|69|NASDAQ|2019|12|30|15|30|780500|5.61|5.33|5.37|5.55|0.0||
AQST|70|NASDAQ|2019|12|27|15|30|2104200|6.2189999999999985|5.5|5.535|6.15|0.0||
AQST|71|NASDAQ|2019|12|26|15|30|1226700|6.16|5.76|6.1|5.82|0.0||
AQST|72|NASDAQ|2019|12|24|15|30|880500|5.84|5.45|5.8|5.45|0.0||
AQST|73|NASDAQ|2019|12|23|15|30|674700|5.56|5.34|5.48|5.49|0.0||
AQST|74|NASDAQ|2019|12|20|15|30|1638200|5.54|5.375|5.44|5.46|0.0||
AQST|75|NASDAQ|2019|12|19|15|30|1172000|5.49|5.1|5.44|5.23|0.0||
AQST|76|NASDAQ|2019|12|18|15|30|744000|5.39|5.18|5.21|5.27|0.0||
AQST|77|NASDAQ|2019|12|17|15|30|1209400|5.44|5.16|5.38|5.29|0.0||
AQST|78|NASDAQ|2019|12|16|15|30|1442700|5.42|5.2|5.29|5.35|0.0||
AQST|79|NASDAQ|2019|12|13|15|30|7593100|5.59|5.1|5.27|5.27|0.0||
AQST|80|NASDAQ|2019|12|12|15|30|1714000|7.97|6.5|6.7|7.7|0.0||
AQST|81|NASDAQ|2019|12|11|15|30|1417800|8.13|6.5|7.7|6.8|0.0||
AQST|82|NASDAQ|2019|12|10|15|30|642700|7.77|7.25|7.51|7.51|0.0||
AQST|83|NASDAQ|2019|12|9|15|30|538400|8.306000000000001|7.73|7.73|8.08|0.0||
AQST|84|NASDAQ|2019|12|6|15|30|637500|8.482000000000001|7.86|8.01|8.3|0.0||
AQST|85|NASDAQ|2019|12|5|15|30|687100|8.8|8.3|8.34|8.79|0.0||
AQST|86|NASDAQ|2019|12|4|15|30|940400|8.82|8.07|8.78|8.82|0.0||
AQST|87|NASDAQ|2019|12|3|15|30|1020100|8.927|8.22|8.75|8.6|0.0||
AQST|88|NASDAQ|2019|12|2|15|30|3556100|10.0|8.25|8.74|8.55|0.0||
AQST|89|NASDAQ|2019|11|29|15|30|635400|7.89|7.3|7.79|7.36|0.0||
AQST|90|NASDAQ|2019|11|27|15|30|627600|7.5|6.9|7.27|7.2|1.0||
AQST|91|NASDAQ|2019|11|26|15|30|1236900|7.43|7.05|7.21|7.25|1.0||
AQST|92|NASDAQ|2019|11|25|15|30|8422300|8.1|6.89|7.54|7.24|1.0||
AQST|93|NASDAQ|2019|11|22|15|30|1383000|7.2|6.4|6.43|6.4|1.0||
AQST|94|NASDAQ|2019|11|21|15|30|396300|6.29|5.72|6.2|5.88|1.0||
AQST|95|NASDAQ|2019|11|20|15|30|377600|5.9|5.5|5.78|5.5|1.0||
AQST|96|NASDAQ|2019|11|19|15|30|395700|5.87|5.36|5.44|5.47|1.0||
AQST|97|NASDAQ|2019|11|18|15|30|387600|6.09|5.27|5.41|6.085|1.0||
AQST|98|NASDAQ|2019|11|15|15|30|183200|6.14|5.78|6.0|6.14|0.0||
AQST|99|NASDAQ|2019|11|14|15|30|259600|6.2|5.74|6.14|5.9|0.0||
AQST|100|NASDAQ|2019|11|13|15|30|251700|6.19|5.63|5.86|6.15|0.0||
AQST|101|NASDAQ|2019|11|12|15|30|330500|6.27|5.55|5.74|6.18|0.0||
AQST|102|NASDAQ|2019|11|11|15|30|705800|6.65|5.45|5.985|5.45|0.0||
AQST|103|NASDAQ|2019|11|8|15|30|290000|5.58|5.16|5.4|5.16|1.0||
AQST|104|NASDAQ|2019|11|7|15|30|286200|5.52|5.07|5.22|5.37|0.0||
AQST|105|NASDAQ|2019|11|6|15|30|1002800|5.74|4.33|5.23|4.33|0.0||
AQST|106|NASDAQ|2019|11|5|15|30|208400|4.44|4.16|4.23|4.35|1.0||
AQST|107|NASDAQ|2019|11|4|15|30|245400|4.41|4.16|4.26|4.19|1.0||
AQST|108|NASDAQ|2019|11|1|14|30|115600|4.3|3.7|4.09|3.7|1.0||
AQST|109|NASDAQ|2019|10|31|14|30|144600|4.07|3.67|3.84|4.07|1.0||
AQST|110|NASDAQ|2019|10|30|14|30|86400|4.245|3.963|4.08|4.09|0.0||
AQST|111|NASDAQ|2019|10|29|14|30|206500|4.4|3.9|4.03|4.18|0.0||
AQST|112|NASDAQ|2019|10|28|14|30|482100|4.19|3.41|4.12|3.47|0.0||
AQST|113|NASDAQ|2019|10|25|15|30|84300|3.39|3.2|3.31|3.2|1.0||
AQST|114|NASDAQ|2019|10|24|15|30|67100|3.29|3.15|3.15|3.25|1.0||
AQST|115|NASDAQ|2019|10|23|15|30|158000|3.24|3.03|3.24|3.22|1.0||
AQST|116|NASDAQ|2019|10|22|15|30|143200|3.25|3.12|3.21|3.23|1.0||
AQST|117|NASDAQ|2019|10|21|15|30|58700|3.32|3.16|3.18|3.32|0.0||
AQST|118|NASDAQ|2019|10|18|15|30|76500|3.36|3.14|3.35|3.34|0.0||
AQST|119|NASDAQ|2019|10|17|15|30|330600|3.5|3.25|3.31|3.45|0.0||
AQST|120|NASDAQ|2019|10|16|15|30|100800|3.66|3.27|3.42|3.39|0.0||
AQST|121|NASDAQ|2019|10|15|15|30|42400|3.39|3.14|3.34|3.16|0.0||
AQST|122|NASDAQ|2019|10|14|15|30|23700|3.252|3.11|3.18|3.2|0.0||
AQST|123|NASDAQ|2019|10|11|15|30|24000|3.26|3.15|3.23|3.26|||
AQST|124|NASDAQ|2019|10|10|15|30|27300|3.26|3.07|3.17|3.26|||
AQST|125|NASDAQ|2019|10|9|15|30|74600|3.3|3.03|3.26|3.03|||
AQST|126|NASDAQ|2019|10|8|15|30|43200|3.21|3.03|3.06|3.075|||
ARCC|0|NASDAQ|2020|4|8|20|19|3143455|12.14|11.26|11.815|11.4242|||
ARCC|1|NASDAQ|2020|4|7|15|30|5911300|11.33|10.51|11.01|10.52|||
ARCC|2|NASDAQ|2020|4|6|15|30|4680700|10.46|9.56|9.71|9.91|||
ARCC|3|NASDAQ|2020|4|3|15|30|5435500|9.73|8.89|9.13|9.7|||
ARCC|4|NASDAQ|2020|4|2|15|30|5024100|10.11|9.47|9.65|10.03|||
ARCC|5|NASDAQ|2020|4|1|15|30|6437300|10.73|9.74|9.91|10.25|0.0||
ARCC|6|NASDAQ|2020|3|31|15|30|4677400|11.44|10.65|10.78|10.7|0.0||
ARCC|7|NASDAQ|2020|3|30|15|30|6248500|11.0|10.06|10.64|10.85|0.0||
ARCC|8|NASDAQ|2020|3|27|14|30|5375300|12.38|10.72|11.29|11.53|0.0||
ARCC|9|NASDAQ|2020|3|26|14|30|8234300|13.36|11.6|11.92|11.69|0.0||
ARCC|10|NASDAQ|2020|3|25|14|30|10433500|12.57|10.2|11.2|10.24|0.0||
ARCC|11|NASDAQ|2020|3|24|14|30|7307800|10.24|9.21|9.87|10.11|0.0||
ARCC|12|NASDAQ|2020|3|23|14|30|12424000|10.16|8.0|8.08|10.02|1.0||
ARCC|13|NASDAQ|2020|3|20|14|30|8657300|11.75|10.37|10.39|11.06|0.0||
ARCC|14|NASDAQ|2020|3|19|14|30|13463500|11.64|7.9|10.62|8.84|0.0||
ARCC|15|NASDAQ|2020|3|18|14|30|15944800|11.15|8.11|8.99|11.1|0.0||
ARCC|16|NASDAQ|2020|3|17|14|30|12023100|12.64|11.25|11.76|12.44|0.0||
ARCC|17|NASDAQ|2020|3|16|14|30|9660300|13.59|12.0|12.37|12.0|0.0||
ARCC|18|NASDAQ|2020|3|13|14|30|7173600|15.32|13.52|14.65|14.91|0.0||
ARCC|19|NASDAQ|2020|3|12|14|30|11883500|15.12|14.25|14.25|14.99|0.0||
ARCC|20|NASDAQ|2020|3|11|14|30|7257800|16.200001|15.61|15.9|16.059998999999998|0.0||
ARCC|21|NASDAQ|2020|3|10|14|30|5433800|17.040001|15.91|16.42|16.93|0.0||
ARCC|22|NASDAQ|2020|3|9|14|30|7476000|16.799999|15.5|16.370001000000002|16.299999|0.0||
ARCC|23|NASDAQ|2020|3|6|15|30|5730600|17.48|16.98|17.389999|17.43|0.0||
ARCC|24|NASDAQ|2020|3|5|15|30|3303100|18.02|17.68|17.75|17.76|0.0||
ARCC|25|NASDAQ|2020|3|4|15|30|2493200|18.129999|17.76|18.030001|18.0|0.0||
ARCC|26|NASDAQ|2020|3|3|15|30|5039200|18.139999|17.469998999999998|17.690001000000006|17.83|0.0||
ARCC|27|NASDAQ|2020|3|2|15|30|5770300|17.790001|17.200001|17.75|17.219998999999998|0.0||
ARCC|28|NASDAQ|2020|2|28|15|30|12853900|17.77|16.709999|17.190001000000002|17.030001000000002|0.0||
ARCC|29|NASDAQ|2020|2|27|15|30|7886500|17.91|17.190001000000002|17.389999|17.799999|0.0||
ARCC|30|NASDAQ|2020|2|26|15|30|3834300|18.23|17.93|17.98|17.950001|0.0||
ARCC|31|NASDAQ|2020|2|25|15|30|5786100|18.75|17.790001|17.83|18.68|0.0||
ARCC|32|NASDAQ|2020|2|24|15|30|3371200|18.75|18.5|18.68|18.75|0.0||
ARCC|33|NASDAQ|2020|2|21|15|30|1634700|19.07|18.92|19.0|19.01|0.0||
ARCC|34|NASDAQ|2020|2|20|15|30|2152400|19.040001|18.9|19.030001|18.91|0.0||
ARCC|35|NASDAQ|2020|2|19|15|30|1995000|19.040001|18.879999|18.889999|19.01|0.0||
ARCC|36|NASDAQ|2020|2|18|15|30|1732200|19.059999|18.950001|19.01|19.0|0.0||
ARCC|37|NASDAQ|2020|2|14|15|30|2136200|19.23|19.0|19.02|19.200001|0.0||
ARCC|38|NASDAQ|2020|2|13|15|30|2114200|19.190001|18.879999|19.17|19.0|0.0||
ARCC|39|NASDAQ|2020|2|12|15|30|2102400|19.33|18.92|18.99|19.209999|0.0||
ARCC|40|NASDAQ|2020|2|11|15|30|1825700|19.32|19.16|19.209999|19.200001|0.0||
ARCC|41|NASDAQ|2020|2|10|15|30|1400100|19.23|19.1|19.200001|19.219999|0.0||
ARCC|42|NASDAQ|2020|2|7|15|30|1826900|19.24|19.040001|19.23|19.129999|0.0||
ARCC|43|NASDAQ|2020|2|6|15|30|1841900|19.18|19.059999|19.120001|19.139999|0.0||
ARCC|44|NASDAQ|2020|2|5|15|30|1413900|19.07|18.969999|19.059999|19.02|0.0||
ARCC|45|NASDAQ|2020|2|4|15|30|1280100|19.0|18.92|18.940001|18.969999|0.0||
ARCC|46|NASDAQ|2020|2|3|15|30|1329400|18.98|18.84|18.85|18.85|0.0||
ARCC|47|NASDAQ|2020|1|31|15|30|1359100|19.040001|18.780001|18.82|19.01|0.0||
ARCC|48|NASDAQ|2020|1|30|15|30|1611800|19.030001|18.82|19.02|18.879999|0.0||
ARCC|49|NASDAQ|2020|1|29|15|30|1513300|19.01|18.9|18.940001|18.950001|0.0||
ARCC|50|NASDAQ|2020|1|28|15|30|1578700|18.99|18.809999|18.92|18.84|0.0||
ARCC|51|NASDAQ|2020|1|27|15|30|1558600|18.91|18.780001|18.799999|18.85|0.0||
ARCC|52|NASDAQ|2020|1|24|15|30|1608100|19.17|18.889999|18.9|19.16|0.0||
ARCC|53|NASDAQ|2020|1|23|15|30|1300200|19.200001|18.950001|19.120001|19.15|0.0||
ARCC|54|NASDAQ|2020|1|22|15|30|1749400|19.200001|19.059999|19.16|19.08|0.0||
ARCC|55|NASDAQ|2020|1|21|15|30|3533100|19.15|18.91|19.040001|18.959999|0.0||
ARCC|56|NASDAQ|2020|1|17|15|30|3544700|19.139999|18.889999|18.959999|19.07|0.0||
ARCC|57|NASDAQ|2020|1|16|15|30|1998600|19.049999|18.9|19.0|18.950001|0.0||
ARCC|58|NASDAQ|2020|1|15|15|30|1286800|18.940001|18.780001|18.860001|18.83|0.0||
ARCC|59|NASDAQ|2020|1|14|15|30|1294100|18.879999|18.75|18.870001|18.76|0.0||
ARCC|60|NASDAQ|2020|1|13|15|30|1520700|18.780001|18.66|18.74|18.700001|0.0||
ARCC|61|NASDAQ|2020|1|10|15|30|1081100|18.76|18.639999|18.66|18.709999|0.0||
ARCC|62|NASDAQ|2020|1|9|15|30|1821900|18.780001|18.66|18.709999|18.76|0.0||
ARCC|63|NASDAQ|2020|1|8|15|30|1742400|18.780001|18.65|18.73|18.67|0.0||
ARCC|64|NASDAQ|2020|1|7|15|30|1551800|18.74|18.629999|18.639999|18.67|0.0||
ARCC|65|NASDAQ|2020|1|6|15|30|1995000|18.74|18.6|18.690001|18.639999|0.0||
ARCC|66|NASDAQ|2020|1|3|15|30|1714100|18.67|18.58|18.66|18.59|0.0||
ARCC|67|NASDAQ|2020|1|2|15|30|1957200|18.73|18.59|18.66|18.690001|0.0||
ARCC|68|NASDAQ|2019|12|31|15|30|1600300|18.68|18.52|18.65|18.52|0.0||
ARCC|69|NASDAQ|2019|12|30|15|30|1872600|18.73|18.52|18.559999|18.719999|0.0||
ARCC|70|NASDAQ|2019|12|27|15|30|1152200|18.66|18.559999|18.629999|18.57|0.0||
ARCC|71|NASDAQ|2019|12|26|15|30|1418900|18.65|18.559999|18.58|18.59|0.0||
ARCC|72|NASDAQ|2019|12|24|15|30|673400|18.6|18.540001|18.58|18.57|0.0||
ARCC|73|NASDAQ|2019|12|23|15|30|1781000|18.690001|18.51|18.540001|18.66|0.0||
ARCC|74|NASDAQ|2019|12|20|15|30|2535600|18.67|18.59|18.66|18.629999|0.0||
ARCC|75|NASDAQ|2019|12|19|15|30|2615400|18.66|18.57|18.610001|18.639999|0.0||
ARCC|76|NASDAQ|2019|12|18|15|30|1456500|18.65|18.59|18.620001|18.6|0.0||
ARCC|77|NASDAQ|2019|12|17|15|30|5719900|18.629999|18.540001|18.59|18.549999|0.0||
ARCC|78|NASDAQ|2019|12|16|15|30|3229500|18.620001|18.48|18.540001|18.52|0.0||
ARCC|79|NASDAQ|2019|12|13|15|30|4471600|18.690001|18.42|18.5|18.6|0.0||
ARCC|80|NASDAQ|2019|12|12|15|30|1574700|19.040001|18.950001|19.02|18.969999|0.0||
ARCC|81|NASDAQ|2019|12|11|15|30|1740600|19.0|18.85|18.969999|18.879999|0.0||
ARCC|82|NASDAQ|2019|12|10|15|30|2376400|18.9|18.780001|18.85|18.84|0.0||
ARCC|83|NASDAQ|2019|12|9|15|30|2223900|18.9|18.75|18.83|18.799999|0.0||
ARCC|84|NASDAQ|2019|12|6|15|30|2289400|18.860001|18.73|18.74|18.809999|0.0||
ARCC|85|NASDAQ|2019|12|5|15|30|1469800|18.780001|18.700001|18.73|18.73|0.0||
ARCC|86|NASDAQ|2019|12|4|15|30|1622300|18.75|18.66|18.67|18.709999|0.0||
ARCC|87|NASDAQ|2019|12|3|15|30|1854800|18.719999|18.530001|18.709999|18.629999|0.0||
ARCC|88|NASDAQ|2019|12|2|15|30|2388500|18.790001|18.66|18.690001|18.790001|0.0||
ARCC|89|NASDAQ|2019|11|29|15|30|1174500|18.9|18.68|18.73|18.85|0.0||
ARCC|90|NASDAQ|2019|11|27|15|30|1336400|18.84|18.690001|18.84|18.75|0.0||
ARCC|91|NASDAQ|2019|11|26|15|30|1833100|18.809999|18.690001|18.73|18.790001|0.0||
ARCC|92|NASDAQ|2019|11|25|15|30|1796100|18.809999|18.6|18.73|18.629999|0.0||
ARCC|93|NASDAQ|2019|11|22|15|30|1071300|18.65|18.549999|18.559999|18.620001|0.0||
ARCC|94|NASDAQ|2019|11|21|15|30|1592000|18.75|18.57|18.6|18.74|0.0||
ARCC|95|NASDAQ|2019|11|20|15|30|1671600|18.74|18.610001|18.709999|18.700001|0.0||
ARCC|96|NASDAQ|2019|11|19|15|30|2046400|18.73|18.639999|18.709999|18.719999|0.0||
ARCC|97|NASDAQ|2019|11|18|15|30|1708600|18.719999|18.65|18.709999|18.700001|0.0||
ARCC|98|NASDAQ|2019|11|15|15|30|1561900|18.73|18.65|18.66|18.68|0.0||
ARCC|99|NASDAQ|2019|11|14|15|30|1736400|18.700001|18.6|18.65|18.66|0.0||
ARCC|100|NASDAQ|2019|11|13|15|30|2122500|18.67|18.52|18.66|18.559999|0.0||
ARCC|101|NASDAQ|2019|11|12|15|30|2081300|18.65|18.549999|18.610001|18.610001|0.0||
ARCC|102|NASDAQ|2019|11|11|15|30|1250000|18.57|18.41|18.549999|18.5|0.0||
ARCC|103|NASDAQ|2019|11|8|15|30|1217600|18.68|18.5|18.530001|18.57|0.0||
ARCC|104|NASDAQ|2019|11|7|15|30|1642500|18.700001|18.549999|18.58|18.68|0.0||
ARCC|105|NASDAQ|2019|11|6|15|30|1821900|18.690001|18.58|18.66|18.639999|0.0||
ARCC|106|NASDAQ|2019|11|5|15|30|1301800|18.690001|18.549999|18.58|18.6|0.0||
ARCC|107|NASDAQ|2019|11|4|15|30|1189700|18.68|18.459999|18.540001|18.6|0.0||
ARCC|108|NASDAQ|2019|11|1|14|30|2146400|18.52|18.370001|18.5|18.370001|0.0||
ARCC|109|NASDAQ|2019|10|31|14|30|3395300|18.6|18.290001|18.299999|18.51|0.0||
ARCC|110|NASDAQ|2019|10|30|14|30|2128800|18.629999|18.440001|18.530001|18.629999|0.0||
ARCC|111|NASDAQ|2019|10|29|14|30|1780800|18.6|18.4|18.530001|18.440001|0.0||
ARCC|112|NASDAQ|2019|10|28|14|30|1195400|18.58|18.41|18.469999|18.450001|0.0||
ARCC|113|NASDAQ|2019|10|25|15|30|923700|18.5|18.379999|18.379999|18.450001|0.0||
ARCC|114|NASDAQ|2019|10|24|15|30|843300|18.549999|18.379999|18.43|18.530001|0.0||
ARCC|115|NASDAQ|2019|10|23|15|30|1438700|18.690001|18.43|18.459999|18.639999|0.0||
ARCC|116|NASDAQ|2019|10|22|15|30|1407100|18.68|18.5|18.610001|18.620001|0.0||
ARCC|117|NASDAQ|2019|10|21|15|30|1003500|18.76|18.549999|18.690001|18.57|0.0||
ARCC|118|NASDAQ|2019|10|18|15|30|804500|18.620001|18.48|18.559999|18.5|0.0||
ARCC|119|NASDAQ|2019|10|17|15|30|1050100|18.540001|18.43|18.52|18.440001|0.0||
ARCC|120|NASDAQ|2019|10|16|15|30|1088200|18.5|18.379999|18.379999|18.4|0.0||
ARCC|121|NASDAQ|2019|10|15|15|30|1100100|18.48|18.280001|18.4|18.280001|0.0||
ARCC|122|NASDAQ|2019|10|14|15|30|858100|18.360001|18.27|18.27|18.33|0.0||
ARCC|123|NASDAQ|2019|10|11|15|30|1209200|18.48|18.35|18.360001|18.41|||
ARCC|124|NASDAQ|2019|10|10|15|30|1383300|18.459999|18.290001|18.33|18.4|||
ARCC|125|NASDAQ|2019|10|9|15|30|1037900|18.41|18.27|18.35|18.280001|||
ARCC|126|NASDAQ|2019|10|8|15|30|1362200|18.360001|18.18|18.190001|18.32|||
ARCT|0|NASDAQ|2020|4|8|20|15|54004|14.06|13.6025|13.6801|13.79|||
ARCT|1|NASDAQ|2020|4|7|15|30|107000|14.15|13.09|13.68|13.49|||
ARCT|2|NASDAQ|2020|4|6|15|30|122900|13.96|12.92|13.2|13.5|||
ARCT|3|NASDAQ|2020|4|3|15|30|95200|13.19|11.93|12.99|12.82|||
ARCT|4|NASDAQ|2020|4|2|15|30|113900|13.18|12.39|12.66|12.76|||
ARCT|5|NASDAQ|2020|4|1|15|30|375700|13.7|12.28|12.66|13.61|0.0||
ARCT|6|NASDAQ|2020|3|31|15|30|131700|14.31|13.0|13.59|13.47|0.0||
ARCT|7|NASDAQ|2020|3|30|15|30|273400|16.27|13.03|13.25|15.94|0.0||
ARCT|8|NASDAQ|2020|3|27|14|30|271000|16.5|15.0|15.82|15.0|0.0||
ARCT|9|NASDAQ|2020|3|26|14|30|128000|16.5|14.11|15.25|16.09|0.0||
ARCT|10|NASDAQ|2020|3|25|14|30|255000|16.120001000000002|14.98|15.76|15.44|0.0||
ARCT|11|NASDAQ|2020|3|24|14|30|373600|16.469998999999998|12.62|15.35|13.2|0.0||
ARCT|12|NASDAQ|2020|3|23|14|30|104100|13.17|11.71|12.87|12.38|0.0||
ARCT|13|NASDAQ|2020|3|20|14|30|145400|12.97|11.22|12.08|12.84|1.0||
ARCT|14|NASDAQ|2020|3|19|14|30|173400|14.54|12.6|12.82|13.66|0.0||
ARCT|15|NASDAQ|2020|3|18|14|30|401700|16.16|13.01|13.65|14.0|0.0||
ARCT|16|NASDAQ|2020|3|17|14|30|327900|14.11|12.51|13.99|13.13|0.0||
ARCT|17|NASDAQ|2020|3|16|14|30|442400|12.93|9.77|12.21|10.07|0.0||
ARCT|18|NASDAQ|2020|3|13|14|30|203500|11.11|8.51|9.31|10.92|1.0||
ARCT|19|NASDAQ|2020|3|12|14|30|276900|13.78|9.8|9.9|13.66|0.0||
ARCT|20|NASDAQ|2020|3|11|14|30|183800|14.18|13.0|13.09|13.35|0.0||
ARCT|21|NASDAQ|2020|3|10|14|30|222600|15.33|12.79|13.54|15.33|0.0||
ARCT|22|NASDAQ|2020|3|9|14|30|328500|18.18|14.01|14.52|17.07|0.0||
ARCT|23|NASDAQ|2020|3|6|15|30|416600|19.0|17.15|18.0|18.25|0.0||
ARCT|24|NASDAQ|2020|3|5|15|30|503700|18.99|16.389999|18.26|16.49|0.0||
ARCT|25|NASDAQ|2020|3|4|15|30|1366700|18.75|15.18|16.780001000000002|15.96|0.0||
ARCT|26|NASDAQ|2020|3|3|15|30|97300|14.88|14.03|14.5|14.22|0.0||
ARCT|27|NASDAQ|2020|3|2|15|30|76700|14.32|13.27|14.1|13.91|0.0||
ARCT|28|NASDAQ|2020|2|28|15|30|82400|14.16|12.75|13.85|13.0|1.0||
ARCT|29|NASDAQ|2020|2|27|15|30|71000|14.0|12.91|13.45|13.53|1.0||
ARCT|30|NASDAQ|2020|2|26|15|30|63500|14.79|13.75|13.99|13.91|0.0||
ARCT|31|NASDAQ|2020|2|25|15|30|42600|13.97|13.37|13.75|13.97|0.0||
ARCT|32|NASDAQ|2020|2|24|15|30|100000|14.47|13.0|13.72|14.4|0.0||
ARCT|33|NASDAQ|2020|2|21|15|30|72500|15.01|14.23|14.93|14.73|0.0||
ARCT|34|NASDAQ|2020|2|20|15|30|157500|15.65|14.68|14.75|14.96|0.0||
ARCT|35|NASDAQ|2020|2|19|15|30|127600|15.03|14.06|14.86|14.28|0.0||
ARCT|36|NASDAQ|2020|2|18|15|30|194100|14.34|13.45|14.12|13.89|0.0||
ARCT|37|NASDAQ|2020|2|14|15|30|47500|13.95|13.44|13.84|13.89|0.0||
ARCT|38|NASDAQ|2020|2|13|15|30|45100|13.9|13.24|13.87|13.9|0.0||
ARCT|39|NASDAQ|2020|2|12|15|30|95000|14.2|13.55|13.66|14.0|0.0||
ARCT|40|NASDAQ|2020|2|11|15|30|232800|14.11|12.56|13.8|12.69|0.0||
ARCT|41|NASDAQ|2020|2|10|15|30|64900|12.52|11.93|12.27|11.93|0.0||
ARCT|42|NASDAQ|2020|2|7|15|30|83500|12.18|11.54|12.03|11.99|1.0||
ARCT|43|NASDAQ|2020|2|6|15|30|45600|11.79|11.0|11.29|11.33|1.0||
ARCT|44|NASDAQ|2020|2|5|15|30|24400|11.28|10.93|11.18|10.93|1.0||
ARCT|45|NASDAQ|2020|2|4|15|30|18900|10.96|10.52|10.89|10.55|0.0||
ARCT|46|NASDAQ|2020|2|3|15|30|51800|10.76|10.02|10.28|10.5|1.0||
ARCT|47|NASDAQ|2020|1|31|15|30|43500|10.91|10.3|10.3|10.31|0.0||
ARCT|48|NASDAQ|2020|1|30|15|30|33100|10.81|10.31|10.35|10.6|0.0||
ARCT|49|NASDAQ|2020|1|29|15|30|45100|11.37|10.6|10.66|10.81|0.0||
ARCT|50|NASDAQ|2020|1|28|15|30|32800|11.24|10.75|10.82|11.1|0.0||
ARCT|51|NASDAQ|2020|1|27|15|30|56300|11.72|10.88|11.05|11.58|0.0||
ARCT|52|NASDAQ|2020|1|24|15|30|34600|12.21|11.35|11.67|11.94|0.0||
ARCT|53|NASDAQ|2020|1|23|15|30|40200|12.59|11.76|11.95|12.49|0.0||
ARCT|54|NASDAQ|2020|1|22|15|30|52900|12.46|11.41|12.42|11.54|0.0||
ARCT|55|NASDAQ|2020|1|21|15|30|26900|11.93|11.39|11.54|11.76|0.0||
ARCT|56|NASDAQ|2020|1|17|15|30|58900|12.45|11.68|11.87|12.2|0.0||
ARCT|57|NASDAQ|2020|1|16|15|30|92600|12.47|12.05|12.19|12.05|0.0||
ARCT|58|NASDAQ|2020|1|15|15|30|103600|12.37|11.51|12.14|11.58|0.0||
ARCT|59|NASDAQ|2020|1|14|15|30|67000|12.37|11.57|11.76|12.2|0.0||
ARCT|60|NASDAQ|2020|1|13|15|30|109100|12.38|11.14|12.12|11.14|0.0||
ARCT|61|NASDAQ|2020|1|10|15|30|59700|11.31|10.72|11.14|10.78|0.0||
ARCT|62|NASDAQ|2020|1|9|15|30|44800|10.99|10.32|10.71|10.47|1.0||
ARCT|63|NASDAQ|2020|1|8|15|30|86800|10.88|10.11|10.84|10.43|0.0||
ARCT|64|NASDAQ|2020|1|7|15|30|101700|10.66|10.01|10.44|10.31|1.0||
ARCT|65|NASDAQ|2020|1|6|15|30|122600|10.55|9.78|10.46|9.78|0.0||
ARCT|66|NASDAQ|2020|1|3|15|30|92200|10.26|9.7|9.94|10.0|0.0||
ARCT|67|NASDAQ|2020|1|2|15|30|94800|10.88|9.95|10.0|10.87|0.0||
ARCT|68|NASDAQ|2019|12|31|15|30|143700|11.0|9.88|10.87|10.36|0.0||
ARCT|69|NASDAQ|2019|12|30|15|30|112300|11.49|10.31|10.4|11.44|0.0||
ARCT|70|NASDAQ|2019|12|27|15|30|88400|12.41|11.39|11.46|12.2|0.0||
ARCT|71|NASDAQ|2019|12|26|15|30|80000|12.49|11.8|12.41|11.9|0.0||
ARCT|72|NASDAQ|2019|12|24|15|30|57400|12.27|11.85|11.97|11.89|0.0||
ARCT|73|NASDAQ|2019|12|23|15|30|73100|12.21|11.08|11.95|11.13|0.0||
ARCT|74|NASDAQ|2019|12|20|15|30|59000|11.49|10.79|11.21|11.29|0.0||
ARCT|75|NASDAQ|2019|12|19|15|30|58600|11.51|11.05|11.16|11.51|0.0||
ARCT|76|NASDAQ|2019|12|18|15|30|84200|11.53|10.26|11.53|11.4|0.0||
ARCT|77|NASDAQ|2019|12|17|15|30|130000|11.5|10.45|11.38|10.64|0.0||
ARCT|78|NASDAQ|2019|12|16|15|30|65900|10.68|9.91|10.6|9.98|0.0||
ARCT|79|NASDAQ|2019|12|13|15|30|223900|10.85|9.7|9.9|10.76|0.0||
ARCT|80|NASDAQ|2019|12|12|15|30|31800|11.04|10.52|10.74|10.95|0.0||
ARCT|81|NASDAQ|2019|12|11|15|30|95700|11.41|10.55|10.85|10.87|0.0||
ARCT|82|NASDAQ|2019|12|10|15|30|52800|11.0|10.51|10.83|10.51|0.0||
ARCT|83|NASDAQ|2019|12|9|15|30|93900|11.0|10.3|10.52|10.86|0.0||
ARCT|84|NASDAQ|2019|12|6|15|30|122300|11.29|9.91|10.74|9.91|0.0||
ARCT|85|NASDAQ|2019|12|5|15|30|119400|10.31|9.51|9.82|10.08|0.0||
ARCT|86|NASDAQ|2019|12|4|15|30|71700|10.3|9.61|10.12|9.61|0.0||
ARCT|87|NASDAQ|2019|12|3|15|30|97800|10.38|9.6|9.6|10.3|0.0||
ARCT|88|NASDAQ|2019|12|2|15|30|97800|11.29|10.11|10.29|11.06|0.0||
ARCT|89|NASDAQ|2019|11|29|15|30|66500|11.42|10.44|11.17|10.56|0.0||
ARCT|90|NASDAQ|2019|11|27|15|30|58700|10.94|10.34|10.67|10.34|0.0||
ARCT|91|NASDAQ|2019|11|26|15|30|93100|10.92|9.88|10.43|9.88|0.0||
ARCT|92|NASDAQ|2019|11|25|15|30|33000|10.03|9.64|9.95|10.0|0.0||
ARCT|93|NASDAQ|2019|11|22|15|30|63200|10.12|9.55|9.68|9.76|0.0||
ARCT|94|NASDAQ|2019|11|21|15|30|51200|9.9|9.51|9.61|9.86|0.0||
ARCT|95|NASDAQ|2019|11|20|15|30|53900|9.95|9.39|9.67|9.45|0.0||
ARCT|96|NASDAQ|2019|11|19|15|30|70100|9.91|9.25|9.59|9.62|0.0||
ARCT|97|NASDAQ|2019|11|18|15|30|115000|9.7|8.83|9.69|8.85|0.0||
ARCT|98|NASDAQ|2019|11|15|15|30|125200|9.79|8.72|8.93|9.68|0.0||
ARCT|99|NASDAQ|2019|11|14|15|30|46700|10.18|9.59|9.62|10.13|0.0||
ARCT|100|NASDAQ|2019|11|13|15|30|28700|10.69|9.93|10.02|10.33|0.0||
ARCT|101|NASDAQ|2019|11|12|15|30|37300|10.35|9.78|10.3|9.8|0.0||
ARCT|102|NASDAQ|2019|11|11|15|30|26300|9.99|9.56|9.74|9.77|0.0||
ARCT|103|NASDAQ|2019|11|8|15|30|48700|10.75|9.55|9.83|10.15|0.0||
ARCT|104|NASDAQ|2019|11|7|15|30|63300|10.88|10.04|10.05|10.69|0.0||
ARCT|105|NASDAQ|2019|11|6|15|30|39900|10.92|10.13|10.78|10.78|0.0||
ARCT|106|NASDAQ|2019|11|5|15|30|19900|11.18|10.52|10.89|10.99|0.0||
ARCT|107|NASDAQ|2019|11|4|15|30|37700|11.35|10.68|11.08|11.35|0.0||
ARCT|108|NASDAQ|2019|11|1|14|30|54200|11.39|10.99|11.09|11.06|0.0||
ARCT|109|NASDAQ|2019|10|31|14|30|44100|11.45|11.0|11.06|11.45|0.0||
ARCT|110|NASDAQ|2019|10|30|14|30|74800|11.44|11.2|11.37|11.22|0.0||
ARCT|111|NASDAQ|2019|10|29|14|30|105500|11.5|10.86|11.21|10.89|0.0||
ARCT|112|NASDAQ|2019|10|28|14|30|35900|11.0|10.3|10.88|10.3|0.0||
ARCT|113|NASDAQ|2019|10|25|15|30|51100|10.69|10.07|10.23|10.32|0.0||
ARCT|114|NASDAQ|2019|10|24|15|30|44700|10.6|10.08|10.21|10.46|0.0||
ARCT|115|NASDAQ|2019|10|23|15|30|32900|10.3|9.7|10.28|9.81|0.0||
ARCT|116|NASDAQ|2019|10|22|15|30|32200|10.24|9.63|9.63|9.98|0.0||
ARCT|117|NASDAQ|2019|10|21|15|30|32400|10.23|9.74|9.9|9.88|0.0||
ARCT|118|NASDAQ|2019|10|18|15|30|45500|10.33|9.55|9.75|10.32|0.0||
ARCT|119|NASDAQ|2019|10|17|15|30|43100|10.94|10.11|10.25|10.59|0.0||
ARCT|120|NASDAQ|2019|10|16|15|30|20900|10.92|10.55|10.81|10.55|0.0||
ARCT|121|NASDAQ|2019|10|15|15|30|27000|11.0|10.3|10.6|10.3|0.0||
ARCT|122|NASDAQ|2019|10|14|15|30|29500|10.87|10.42|10.59|10.75|0.0||
ARCT|123|NASDAQ|2019|10|11|15|30|26800|10.84|10.47|10.74|10.47|||
ARCT|124|NASDAQ|2019|10|10|15|30|49200|10.48|9.8|10.48|10.02|||
ARCT|125|NASDAQ|2019|10|9|15|30|43400|10.74|9.97|9.97|10.45|||
ARCT|126|NASDAQ|2019|10|8|15|30|27700|10.53|10.13|10.43|10.47|||
ARGX|0|NASDAQ|2020|4|8|20|10|25132|144.380005|141.279999|141.800003|141.830002|||
ARGX|1|NASDAQ|2020|4|7|15|30|65800|142.580002|137.0|138.149994|141.350006|||
ARGX|2|NASDAQ|2020|4|6|15|30|84100|140.0|136.919998|137.0|139.800003|||
ARGX|3|NASDAQ|2020|4|3|15|30|37500|132.479996|129.26400800000002|132.110001|131.21000700000002|||
ARGX|4|NASDAQ|2020|4|2|15|30|54100|134.690002|127.230003|133.309998|128.350006|||
ARGX|5|NASDAQ|2020|4|1|15|30|104800|133.509995|127.410004|127.440002|128.699997|0.0||
ARGX|6|NASDAQ|2020|3|31|15|30|47100|135.0|129.96000700000002|131.729996|133.169998|0.0||
ARGX|7|NASDAQ|2020|3|30|15|30|67900|133.860001|131.550003|133.0|132.600006|0.0||
ARGX|8|NASDAQ|2020|3|27|14|30|99000|136.429993|127.419998|130.679993|128.75|0.0||
ARGX|9|NASDAQ|2020|3|26|14|30|231600|133.080002|126.370003|132.679993|128.149994|0.0||
ARGX|10|NASDAQ|2020|3|25|14|30|140900|135.970001|128.610001|128.71000700000002|134.800003|0.0||
ARGX|11|NASDAQ|2020|3|24|14|30|180100|134.350006|121.540001|130.919998|132.880005|0.0||
ARGX|12|NASDAQ|2020|3|23|14|30|160900|129.490005|119.589996|129.0|121.82|0.0||
ARGX|13|NASDAQ|2020|3|20|14|30|134700|128.979996|118.029999|118.839996|127.120003|0.0||
ARGX|14|NASDAQ|2020|3|19|14|30|200100|126.945|118.989998|121.0|126.870003|0.0||
ARGX|15|NASDAQ|2020|3|18|14|30|136600|119.089996|110.029999|110.870003|113.580002|1.0||
ARGX|16|NASDAQ|2020|3|17|14|30|284500|116.510002|110.050003|112.919998|111.900002|1.0||
ARGX|17|NASDAQ|2020|3|16|14|30|321500|116.800003|103.75|108.830002|104.0|0.0||
ARGX|18|NASDAQ|2020|3|13|14|30|272400|127.980003|111.360001|123.330002|127.879997|0.0||
ARGX|19|NASDAQ|2020|3|12|14|30|320100|121.370003|114.690002|114.699997|119.449997|0.0||
ARGX|20|NASDAQ|2020|3|11|14|30|238400|140.360001|131.115005|133.809998|138.71000700000002|0.0||
ARGX|21|NASDAQ|2020|3|10|14|30|250000|150.759995|140.389999|147.0|149.78999299999995|0.0||
ARGX|22|NASDAQ|2020|3|9|14|30|271800|146.330002|137.339996|142.300003|141.869995|0.0||
ARGX|23|NASDAQ|2020|3|6|15|30|237600|154.009995|147.520004|150.110001|148.520004|0.0||
ARGX|24|NASDAQ|2020|3|5|15|30|130700|153.929993|150.660004|153.410004|150.660004|0.0||
ARGX|25|NASDAQ|2020|3|4|15|30|153400|157.139999|149.21000700000005|156.820007|149.940002|0.0||
ARGX|26|NASDAQ|2020|3|3|15|30|156500|151.899994|146.554993|147.360001|148.229996|0.0||
ARGX|27|NASDAQ|2020|3|2|15|30|152400|148.580002|138.880005|147.990005|140.800003|0.0||
ARGX|28|NASDAQ|2020|2|28|15|30|368200|141.380005|134.020004|141.380005|134.020004|0.0||
ARGX|29|NASDAQ|2020|2|27|15|30|207700|150.550003|142.100006|143.53999299999995|144.28999299999995|0.0||
ARGX|30|NASDAQ|2020|2|26|15|30|207600|155.919998|149.03999299999995|150.509995|153.690002|0.0||
ARGX|31|NASDAQ|2020|2|25|15|30|160700|156.199997|152.5|153.490005|155.410004|0.0||
ARGX|32|NASDAQ|2020|2|24|15|30|146900|158.509995|155.457993|156.300003|157.100006|0.0||
ARGX|33|NASDAQ|2020|2|21|15|30|210300|162.880005|160.800003|161.100006|162.160004|0.0||
ARGX|34|NASDAQ|2020|2|20|15|30|183900|164.860001|158.679993|161.169998|162.940002|0.0||
ARGX|35|NASDAQ|2020|2|19|15|30|134500|163.600006|161.365005|161.880005|163.300003|0.0||
ARGX|36|NASDAQ|2020|2|18|15|30|73500|160.490005|158.580002|160.119995|159.259995|0.0||
ARGX|37|NASDAQ|2020|2|14|15|30|96300|163.0|158.96000700000005|160.190002|162.580002|0.0||
ARGX|38|NASDAQ|2020|2|13|15|30|134900|161.619995|158.830002|161.03999299999995|158.970001|0.0||
ARGX|39|NASDAQ|2020|2|12|15|30|95800|160.220001|156.630005|160.199997|157.949997|0.0||
ARGX|40|NASDAQ|2020|2|11|15|30|63600|158.410004|156.28999299999995|157.559998|157.910004|0.0||
ARGX|41|NASDAQ|2020|2|10|15|30|67100|158.524994|155.03999299999995|157.46000700000005|155.119995|0.0||
ARGX|42|NASDAQ|2020|2|7|15|30|87400|154.970001|153.755005|154.490005|154.360001|0.0||
ARGX|43|NASDAQ|2020|2|6|15|30|104500|157.169998|154.759995|155.5|155.830002|0.0||
ARGX|44|NASDAQ|2020|2|5|15|30|164300|157.970001|154.800003|155.850006|157.259995|0.0||
ARGX|45|NASDAQ|2020|2|4|15|30|158600|155.869995|151.979996|155.059998|152.449997|0.0||
ARGX|46|NASDAQ|2020|2|3|15|30|231400|152.059998|144.880005|150.78999299999995|144.889999|0.0||
ARGX|47|NASDAQ|2020|1|31|15|30|141600|147.449997|144.03999299999995|144.28999299999995|147.300003|0.0||
ARGX|48|NASDAQ|2020|1|30|15|30|189000|147.419998|144.699997|147.229996|145.169998|0.0||
ARGX|49|NASDAQ|2020|1|29|15|30|94200|148.309998|145.970001|148.190002|146.25|0.0||
ARGX|50|NASDAQ|2020|1|28|15|30|78400|146.369995|143.020004|143.580002|143.339996|0.0||
ARGX|51|NASDAQ|2020|1|27|15|30|91200|144.259995|141.839996|143.320007|143.130005|0.0||
ARGX|52|NASDAQ|2020|1|24|15|30|90300|149.910004|144.0|144.75|149.600006|0.0||
ARGX|53|NASDAQ|2020|1|23|15|30|91700|152.115005|149.139999|149.229996|151.899994|0.0||
ARGX|54|NASDAQ|2020|1|22|15|30|116100|156.369995|153.080002|153.509995|154.03999299999995|0.0||
ARGX|55|NASDAQ|2020|1|21|15|30|83100|153.509995|151.110001|153.350006|151.240005|0.0||
ARGX|56|NASDAQ|2020|1|17|15|30|257200|155.029999|151.983994|154.389999|152.0|0.0||
ARGX|57|NASDAQ|2020|1|16|15|30|225000|152.880005|149.300003|150.03999299999995|151.75|0.0||
ARGX|58|NASDAQ|2020|1|15|15|30|156100|153.695007|151.274994|152.600006|153.169998|0.0||
ARGX|59|NASDAQ|2020|1|14|15|30|199100|155.617004|153.309998|153.600006|155.449997|0.0||
ARGX|60|NASDAQ|2020|1|13|15|30|189700|162.369995|155.300003|156.75|161.929993|0.0||
ARGX|61|NASDAQ|2020|1|10|15|30|116300|166.96000700000005|163.520004|163.740005|165.669998|0.0||
ARGX|62|NASDAQ|2020|1|9|15|30|512200|169.5|164.020004|165.229996|167.53999299999995|0.0||
ARGX|63|NASDAQ|2020|1|8|15|30|107600|157.807999|155.03999299999995|156.5|155.279999|0.0||
ARGX|64|NASDAQ|2020|1|7|15|30|141000|157.270004|154.089996|155.259995|157.089996|0.0||
ARGX|65|NASDAQ|2020|1|6|15|30|167200|157.490005|155.699997|156.419998|157.270004|0.0||
ARGX|66|NASDAQ|2020|1|3|15|30|143600|160.399994|156.401993|158.580002|158.5|0.0||
ARGX|67|NASDAQ|2020|1|2|15|30|122500|161.240005|158.740005|160.46000700000005|160.300003|0.0||
ARGX|68|NASDAQ|2019|12|31|15|30|55800|161.479996|159.880005|160.520004|161.259995|0.0||
ARGX|69|NASDAQ|2019|12|30|15|30|97600|162.429993|160.520004|161.800003|162.429993|0.0||
ARGX|70|NASDAQ|2019|12|27|15|30|97900|162.860001|159.990005|160.800003|162.860001|0.0||
ARGX|71|NASDAQ|2019|12|26|15|30|95700|162.089996|160.03999299999995|161.190002|161.410004|0.0||
ARGX|72|NASDAQ|2019|12|24|15|30|30100|162.899994|161.350006|161.820007|161.369995|0.0||
ARGX|73|NASDAQ|2019|12|23|15|30|103600|163.529999|161.029999|161.649994|162.25|0.0||
ARGX|74|NASDAQ|2019|12|20|15|30|192400|165.220001|160.759995|162.0|164.5|0.0||
ARGX|75|NASDAQ|2019|12|19|15|30|217500|166.28999299999995|163.360001|163.589996|164.5|0.0||
ARGX|76|NASDAQ|2019|12|18|15|30|94700|162.110001|160.570007|160.899994|161.809998|0.0||
ARGX|77|NASDAQ|2019|12|17|15|30|220400|167.639999|159.929993|161.270004|167.619995|0.0||
ARGX|78|NASDAQ|2019|12|16|15|30|338300|166.884995|164.130005|164.21000700000005|165.0|0.0||
ARGX|79|NASDAQ|2019|12|13|15|30|177500|159.080002|156.490005|157.110001|158.410004|0.0||
ARGX|80|NASDAQ|2019|12|12|15|30|230600|156.600006|153.550003|155.940002|155.740005|0.0||
ARGX|81|NASDAQ|2019|12|11|15|30|167800|159.0|155.619995|156.419998|158.03999299999995|0.0||
ARGX|82|NASDAQ|2019|12|10|15|30|198600|156.220001|151.820007|155.520004|152.320007|0.0||
ARGX|83|NASDAQ|2019|12|9|15|30|193300|153.014999|150.020004|152.759995|150.020004|0.0||
ARGX|84|NASDAQ|2019|12|6|15|30|178600|149.380005|146.520004|147.419998|149.050003|0.0||
ARGX|85|NASDAQ|2019|12|5|15|30|106700|151.380005|149.220001|149.619995|151.350006|0.0||
ARGX|86|NASDAQ|2019|12|4|15|30|183900|152.009995|149.050003|150.990005|152.009995|0.0||
ARGX|87|NASDAQ|2019|12|3|15|30|144000|148.880005|146.035004|147.169998|148.009995|0.0||
ARGX|88|NASDAQ|2019|12|2|15|30|108900|149.630005|146.96000700000005|147.720001|148.720001|0.0||
ARGX|89|NASDAQ|2019|11|29|15|30|88200|148.639999|147.71000700000005|148.050003|148.619995|0.0||
ARGX|90|NASDAQ|2019|11|27|15|30|86500|147.985001|145.440002|145.660004|146.919998|0.0||
ARGX|91|NASDAQ|2019|11|26|15|30|136600|147.910004|145.5|146.509995|146.279999|0.0||
ARGX|92|NASDAQ|2019|11|25|15|30|89900|146.865005|143.419998|146.559998|143.839996|0.0||
ARGX|93|NASDAQ|2019|11|22|15|30|106100|143.820007|140.434998|141.759995|143.490005|0.0||
ARGX|94|NASDAQ|2019|11|21|15|30|106200|145.020004|142.03999299999995|143.309998|143.71000700000005|0.0||
ARGX|95|NASDAQ|2019|11|20|15|30|433800|148.979996|139.220001|141.25|145.770004|0.0||
ARGX|96|NASDAQ|2019|11|19|15|30|257000|146.770004|139.839996|146.630005|139.839996|0.0||
ARGX|97|NASDAQ|2019|11|18|15|30|82500|142.070007|138.899994|141.490005|139.270004|0.0||
ARGX|98|NASDAQ|2019|11|15|15|30|99800|139.550003|137.279999|139.369995|137.639999|0.0||
ARGX|99|NASDAQ|2019|11|14|15|30|175400|137.96000700000002|135.0|137.380005|135.970001|0.0||
ARGX|100|NASDAQ|2019|11|13|15|30|309700|136.75|130.970001|136.589996|131.429993|0.0||
ARGX|101|NASDAQ|2019|11|12|15|30|124600|129.5|126.870003|127.419998|127.559998|0.0||
ARGX|102|NASDAQ|2019|11|11|15|30|143200|129.929993|126.5|127.089996|128.75|0.0||
ARGX|103|NASDAQ|2019|11|8|15|30|307700|127.769997|124.709999|127.550003|126.120003|0.0||
ARGX|104|NASDAQ|2019|11|7|15|30|698400|130.0|124.580002|125.0|128.0|0.0||
ARGX|105|NASDAQ|2019|11|6|15|30|164300|129.050003|125.889999|126.150002|128.339996|0.0||
ARGX|106|NASDAQ|2019|11|5|15|30|94400|128.53999299999998|126.370003|128.350006|126.379997|0.0||
ARGX|107|NASDAQ|2019|11|4|15|30|148400|128.839996|125.879997|127.650002|128.779999|0.0||
ARGX|108|NASDAQ|2019|11|1|14|30|103900|126.370003|124.260002|125.730003|124.970001|0.0||
ARGX|109|NASDAQ|2019|10|31|14|30|113300|122.839996|120.258003|122.459999|121.519997|0.0||
ARGX|110|NASDAQ|2019|10|30|14|30|102900|121.339996|119.379997|121.029999|120.220001|0.0||
ARGX|111|NASDAQ|2019|10|29|14|30|118400|120.010002|115.900002|119.139999|116.580002|0.0||
ARGX|112|NASDAQ|2019|10|28|14|30|133100|116.849998|114.949997|115.330002|115.5|0.0||
ARGX|113|NASDAQ|2019|10|25|15|30|132700|115.209999|113.449997|114.0|113.550003|0.0||
ARGX|114|NASDAQ|2019|10|24|15|30|312000|121.809998|115.830002|116.5|119.489998|0.0||
ARGX|115|NASDAQ|2019|10|23|15|30|244800|118.864998|112.160004|113.580002|117.849998|0.0||
ARGX|116|NASDAQ|2019|10|22|15|30|356700|118.224998|115.720001|117.720001|116.230003|0.0||
ARGX|117|NASDAQ|2019|10|21|15|30|97700|115.260002|112.839996|114.860001|113.580002|0.0||
ARGX|118|NASDAQ|2019|10|18|15|30|120000|117.849998|113.580002|115.25|117.720001|0.0||
ARGX|119|NASDAQ|2019|10|17|15|30|76600|118.360001|116.870003|117.910004|117.089996|0.0||
ARGX|120|NASDAQ|2019|10|16|15|30|207300|115.849998|114.239998|114.970001|114.239998|0.0||
ARGX|121|NASDAQ|2019|10|15|15|30|191700|116.669998|111.349998|116.459999|111.480003|0.0||
ARGX|122|NASDAQ|2019|10|14|15|30|175900|112.93|109.870003|111.589996|110.099998|0.0||
ARGX|123|NASDAQ|2019|10|11|15|30|170600|113.050003|110.699997|111.970001|111.220001|||
ARGX|124|NASDAQ|2019|10|10|15|30|139300|110.489998|107.620003|110.300003|107.910004|||
ARGX|125|NASDAQ|2019|10|9|15|30|92700|109.18|107.690002|108.239998|109.089996|||
ARGX|126|NASDAQ|2019|10|8|15|30|107400|109.910004|106.489998|106.589996|109.389999|||
ARKR|0|NASDAQ|2020|4|8|19|59|5013|9.93|8.76|9.474|8.91|||
ARKR|1|NASDAQ|2020|4|7|15|30|9700|9.07|8.51|8.51|9.07|||
ARKR|2|NASDAQ|2020|4|6|15|30|2500|9.73|8.32|9.05|8.32|||
ARKR|3|NASDAQ|2020|4|3|15|30|6900|9.07|8.0|8.25|9.0|||
ARKR|4|NASDAQ|2020|4|2|15|30|3300|9.3|9.01|9.01|9.3|||
ARKR|5|NASDAQ|2020|4|1|15|30|6500|10.8|9.25|9.25|10.75|0.0||
ARKR|6|NASDAQ|2020|3|31|15|30|8800|13.52|10.56|10.57|13.13|0.0||
ARKR|7|NASDAQ|2020|3|30|15|30|500|13.5|13.5|13.5|13.5|0.0||
ARKR|8|NASDAQ|2020|3|27|14|30|8500|14.54|13.5|13.5|14.0|0.0||
ARKR|9|NASDAQ|2020|3|26|14|30|2600|14.79|12.9|14.52|13.45|0.0||
ARKR|10|NASDAQ|2020|3|25|14|30|11500|13.16|12.5|12.5|12.63|0.0||
ARKR|11|NASDAQ|2020|3|24|14|30|8000|11.98|8.84|11.49|8.84|0.0||
ARKR|12|NASDAQ|2020|3|23|14|30|5000|8.85|8.23|8.23|8.85|1.0||
ARKR|13|NASDAQ|2020|3|20|14|30|3000|9.89|8.5|9.34|8.5|0.0||
ARKR|14|NASDAQ|2020|3|19|14|30|11500|8.5|7.19|8.5|8.5|1.0||
ARKR|15|NASDAQ|2020|3|18|14|30|5500|8.85|8.16|8.54|8.85|1.0||
ARKR|16|NASDAQ|2020|3|17|14|30|16200|11.24|8.55|8.75|11.24|0.0||
ARKR|17|NASDAQ|2020|3|16|14|30|9800|13.02|10.4|10.98|13.02|0.0||
ARKR|18|NASDAQ|2020|3|13|14|30|4300|15.81|14.21|14.21|15.81|0.0||
ARKR|19|NASDAQ|2020|3|12|14|30|2300|17.02|16.219998999999998|16.26|17.02|0.0||
ARKR|20|NASDAQ|2020|3|11|14|30|6400|18.07|17.48|17.559998999999998|18.07|0.0||
ARKR|21|NASDAQ|2020|3|10|14|30|5300|18.09|17.540001|18.0|17.540001|0.0||
ARKR|22|NASDAQ|2020|3|9|14|30|4500|18.5|17.52|17.52|18.5|0.0||
ARKR|23|NASDAQ|2020|3|6|15|30|5600|18.879999|18.51|18.6|18.809999|0.0||
ARKR|24|NASDAQ|2020|3|5|15|30|9600|19.85|19.5|19.549999|19.58|0.0||
ARKR|25|NASDAQ|2020|3|4|15|30|10700|20.370001|19.469999|19.65|20.370001|0.0||
ARKR|26|NASDAQ|2020|3|3|15|30|7700|21.0|20.0|20.129999|21.0|0.0||
ARKR|27|NASDAQ|2020|3|2|15|30|1200|21.030001|20.5|21.0|21.030001|0.0||
ARKR|28|NASDAQ|2020|2|28|15|30|4400|21.0|20.5|20.6|21.0|0.0||
ARKR|29|NASDAQ|2020|2|27|15|30|3500|22.5|21.35|21.98|22.5|0.0||
ARKR|30|NASDAQ|2020|2|26|15|30|1900|22.6|22.5|22.540001|22.5|0.0||
ARKR|31|NASDAQ|2020|2|25|15|30|1700|22.780001|22.549999|22.65|22.6|0.0||
ARKR|32|NASDAQ|2020|2|24|15|30|2400|22.85|22.75|22.809999|22.75|0.0||
ARKR|33|NASDAQ|2020|2|21|15|30|0|22.85|22.85|22.85|22.85|0.0||
ARKR|34|NASDAQ|2020|2|20|15|30|400|22.85|22.85|22.85|22.85|0.0||
ARKR|35|NASDAQ|2020|2|19|15|30|700|22.84|22.84|22.84|22.84|0.0||
ARKR|36|NASDAQ|2020|2|18|15|30|300|22.799999|22.799999|22.799999|22.799999|0.0||
ARKR|37|NASDAQ|2020|2|14|15|30|0|22.75|22.75|22.75|22.75|0.0||
ARKR|38|NASDAQ|2020|2|13|15|30|700|22.780001|22.75|22.75|22.780001|0.0||
ARKR|39|NASDAQ|2020|2|12|15|30|400|23.25|22.41|22.41|23.25|0.0||
ARKR|40|NASDAQ|2020|2|11|15|30|6100|23.6|22.360001|23.26|22.77|0.0||
ARKR|41|NASDAQ|2020|2|10|15|30|700|22.309999|21.75|22.309999|21.75|0.0||
ARKR|42|NASDAQ|2020|2|7|15|30|200|22.0|22.0|22.0|22.0|0.0||
ARKR|43|NASDAQ|2020|2|6|15|30|1300|22.299999|22.219999|22.23|22.290001|0.0||
ARKR|44|NASDAQ|2020|2|5|15|30|700|22.25|21.75|21.75|22.25|0.0||
ARKR|45|NASDAQ|2020|2|4|15|30|700|22.0|22.0|22.0|22.0|0.0||
ARKR|46|NASDAQ|2020|2|3|15|30|900|22.200001|21.9|21.9|22.200001|0.0||
ARKR|47|NASDAQ|2020|1|31|15|30|0|22.459999|22.459999|22.459999|22.459999|0.0||
ARKR|48|NASDAQ|2020|1|30|15|30|0|22.459999|22.459999|22.459999|22.459999|0.0||
ARKR|49|NASDAQ|2020|1|29|15|30|200|22.459999|22.459999|22.459999|22.459999|0.0||
ARKR|50|NASDAQ|2020|1|28|15|30|600|21.92|21.9|21.9|21.92|0.0||
ARKR|51|NASDAQ|2020|1|27|15|30|200|21.85|21.85|21.85|21.85|0.0||
ARKR|52|NASDAQ|2020|1|24|15|30|800|22.35|22.25|22.26|22.35|0.0||
ARKR|53|NASDAQ|2020|1|23|15|30|0|22.76|22.76|22.76|22.76|0.0||
ARKR|54|NASDAQ|2020|1|22|15|30|0|22.76|22.76|22.76|22.76|0.0||
ARKR|55|NASDAQ|2020|1|21|15|30|600|22.76|22.25|22.76|22.25|0.0||
ARKR|56|NASDAQ|2020|1|17|15|30|3600|22.25|22.120001|22.24|22.25|0.0||
ARKR|57|NASDAQ|2020|1|16|15|30|4000|22.82|22.5|22.82|22.5|0.0||
ARKR|58|NASDAQ|2020|1|15|15|30|3100|22.200001|21.719999|22.200001|21.75|0.0||
ARKR|59|NASDAQ|2020|1|14|15|30|600|21.9|21.620001|21.75|21.9|0.0||
ARKR|60|NASDAQ|2020|1|13|15|30|0|21.809999|21.809999|21.809999|21.809999|0.0||
ARKR|61|NASDAQ|2020|1|10|15|30|700|21.809999|21.65|21.809999|21.65|0.0||
ARKR|62|NASDAQ|2020|1|9|15|30|800|22.25|22.18|22.18|22.25|0.0||
ARKR|63|NASDAQ|2020|1|8|15|30|1000|22.459999|22.040001|22.459999|22.040001|0.0||
ARKR|64|NASDAQ|2020|1|7|15|30|300|22.299999|22.0|22.299999|22.0|0.0||
ARKR|65|NASDAQ|2020|1|6|15|30|0|21.700001|21.700001|21.700001|21.700001|0.0||
ARKR|66|NASDAQ|2020|1|3|15|30|400|22.030001|21.700001|21.700001|22.030001|0.0||
ARKR|67|NASDAQ|2020|1|2|15|30|3800|22.25|22.0|22.030001|22.120001|0.0||
ARKR|68|NASDAQ|2019|12|31|15|30|3000|22.49|22.110001|22.49|22.110001|0.0||
ARKR|69|NASDAQ|2019|12|30|15|30|6300|22.75|21.6|22.75|21.629999|0.0||
ARKR|70|NASDAQ|2019|12|27|15|30|300|22.0|22.0|22.0|22.0|0.0||
ARKR|71|NASDAQ|2019|12|26|15|30|0|21.98|21.98|21.98|21.98|0.0||
ARKR|72|NASDAQ|2019|12|24|15|30|0|21.98|21.98|21.98|21.98|0.0||
ARKR|73|NASDAQ|2019|12|23|15|30|1000|22.0|21.549999|21.98|22.0|0.0||
ARKR|74|NASDAQ|2019|12|20|15|30|4600|22.0|21.360001|22.0|21.42|0.0||
ARKR|75|NASDAQ|2019|12|19|15|30|200|21.42|21.42|21.42|21.42|0.0||
ARKR|76|NASDAQ|2019|12|18|15|30|4500|21.27|21.15|21.219999|21.15|0.0||
ARKR|77|NASDAQ|2019|12|17|15|30|3500|21.120001|20.5|21.09|20.5|0.0||
ARKR|78|NASDAQ|2019|12|16|15|30|1400|20.52|20.15|20.16|20.15|0.0||
ARKR|79|NASDAQ|2019|12|13|15|30|0|20.309999|20.309999|20.309999|20.309999|0.0||
ARKR|80|NASDAQ|2019|12|12|15|30|4300|20.48|20.309999|20.309999|20.360001|0.0||
ARKR|81|NASDAQ|2019|12|11|15|30|1300|20.49|20.34|20.34|20.49|0.0||
ARKR|82|NASDAQ|2019|12|10|15|30|2100|20.370001|20.25|20.35|20.25|0.0||
ARKR|83|NASDAQ|2019|12|9|15|30|1200|20.5|20.1|20.5|20.1|0.0||
ARKR|84|NASDAQ|2019|12|6|15|30|700|20.52|20.34|20.35|20.34|0.0||
ARKR|85|NASDAQ|2019|12|5|15|30|1200|20.25|20.049999|20.25|20.049999|0.0||
ARKR|86|NASDAQ|2019|12|4|15|30|900|20.290001|20.049999|20.290001|20.049999|0.0||
ARKR|87|NASDAQ|2019|12|3|15|30|100|20.049999|20.049999|20.049999|20.049999|0.0||
ARKR|88|NASDAQ|2019|12|2|15|30|1400|20.25|20.01|20.049999|20.030001|0.0||
ARKR|89|NASDAQ|2019|11|29|15|30|200|20.23|20.23|20.23|20.23|0.0||
ARKR|90|NASDAQ|2019|11|27|15|30|600|20.17|20.02|20.059999|20.17|0.0||
ARKR|91|NASDAQ|2019|11|26|15|30|900|20.0|19.98|19.98|20.0|0.0||
ARKR|92|NASDAQ|2019|11|25|15|30|200|20.07|20.07|20.07|20.07|0.0||
ARKR|93|NASDAQ|2019|11|22|15|30|1000|20.190001|20.110001|20.190001|20.190001|0.0||
ARKR|94|NASDAQ|2019|11|21|15|30|300|20.110001|20.110001|20.110001|20.110001|0.0||
ARKR|95|NASDAQ|2019|11|20|15|30|900|20.01|20.01|20.01|20.01|0.0||
ARKR|96|NASDAQ|2019|11|19|15|30|200|20.290001|20.290001|20.290001|20.290001|0.0||
ARKR|97|NASDAQ|2019|11|18|15|30|700|20.290001|20.290001|20.290001|20.290001|0.0||
ARKR|98|NASDAQ|2019|11|15|15|30|900|20.5|20.17|20.450001|20.5|0.0||
ARKR|99|NASDAQ|2019|11|14|15|30|100|20.360001|20.360001|20.360001|20.360001|0.0||
ARKR|100|NASDAQ|2019|11|13|15|30|2300|20.41|20.209999|20.360001|20.209999|0.0||
ARKR|101|NASDAQ|2019|11|12|15|30|800|20.530001|20.5|20.530001|20.5|0.0||
ARKR|102|NASDAQ|2019|11|11|15|30|2700|20.799999|20.4|20.65|20.5|0.0||
ARKR|103|NASDAQ|2019|11|8|15|30|100|20.92|20.92|20.92|20.92|0.0||
ARKR|104|NASDAQ|2019|11|7|15|30|400|20.92|20.530001|20.92|20.530001|0.0||
ARKR|105|NASDAQ|2019|11|6|15|30|400|20.889999|20.889999|20.889999|20.889999|0.0||
ARKR|106|NASDAQ|2019|11|5|15|30|1200|20.950001|20.879999|20.950001|20.879999|0.0||
ARKR|107|NASDAQ|2019|11|4|15|30|2900|20.940001|20.870001|20.870001|20.940001|0.0||
ARKR|108|NASDAQ|2019|11|1|14|30|1000|20.75|20.51|20.65|20.75|0.0||
ARKR|109|NASDAQ|2019|10|31|14|30|200|20.780001|20.780001|20.780001|20.780001|0.0||
ARKR|110|NASDAQ|2019|10|30|14|30|100|20.780001|20.780001|20.780001|20.780001|0.0||
ARKR|111|NASDAQ|2019|10|29|14|30|400|21.09|21.09|21.09|21.09|0.0||
ARKR|112|NASDAQ|2019|10|28|14|30|900|20.75|20.719999|20.75|20.719999|0.0||
ARKR|113|NASDAQ|2019|10|25|15|30|400|20.870001|20.870001|20.870001|20.870001|0.0||
ARKR|114|NASDAQ|2019|10|24|15|30|1000|20.59|20.59|20.59|20.59|0.0||
ARKR|115|NASDAQ|2019|10|23|15|30|300|20.5|20.5|20.5|20.5|0.0||
ARKR|116|NASDAQ|2019|10|22|15|30|100|20.719999|20.719999|20.719999|20.719999|0.0||
ARKR|117|NASDAQ|2019|10|21|15|30|100|20.67|20.67|20.67|20.67|0.0||
ARKR|118|NASDAQ|2019|10|18|15|30|300|20.67|20.67|20.67|20.67|0.0||
ARKR|119|NASDAQ|2019|10|17|15|30|600|20.75|20.5|20.530001|20.549999|0.0||
ARKR|120|NASDAQ|2019|10|16|15|30|1000|20.65|20.549999|20.58|20.65|0.0||
ARKR|121|NASDAQ|2019|10|15|15|30|1000|20.83|20.5|20.5|20.83|0.0||
ARKR|122|NASDAQ|2019|10|14|15|30|600|20.799999|20.799999|20.799999|20.799999|0.0||
ARKR|123|NASDAQ|2019|10|11|15|30|800|20.77|20.65|20.77|20.65|||
ARKR|124|NASDAQ|2019|10|10|15|30|4100|20.85|20.65|20.719999|20.85|||
ARKR|125|NASDAQ|2019|10|9|15|30|200|20.85|20.85|20.85|20.85|||
ARKR|126|NASDAQ|2019|10|8|15|30|900|20.85|20.6|20.85|20.85|||
ARLP|0|NASDAQ|2020|4|8|20|19|533359|3.27|2.97|3.0161|3.24|||
ARLP|1|NASDAQ|2020|4|7|15|30|753100|3.37|3.07|3.11|3.29|||
ARLP|2|NASDAQ|2020|4|6|15|30|623200|3.29|3.0|3.16|3.06|||
ARLP|3|NASDAQ|2020|4|3|15|30|966700|3.3|2.76|3.0|3.26|||
ARLP|4|NASDAQ|2020|4|2|15|30|816400|3.36|2.88|3.19|2.99|||
ARLP|5|NASDAQ|2020|4|1|15|30|930200|3.08|2.7|2.78|3.05|0.0||
ARLP|6|NASDAQ|2020|3|31|15|30|1059700|3.5|3.0|3.1|3.1|0.0||
ARLP|7|NASDAQ|2020|3|30|15|30|1221800|3.57|3.06|3.12|3.4|0.0||
ARLP|8|NASDAQ|2020|3|27|14|30|665100|3.85|3.49|3.6|3.71|0.0||
ARLP|9|NASDAQ|2020|3|26|14|30|982700|4.07|3.64|3.75|3.85|0.0||
ARLP|10|NASDAQ|2020|3|25|14|30|808700|4.22|3.73|3.86|3.9|0.0||
ARLP|11|NASDAQ|2020|3|24|14|30|657100|3.99|3.52|3.88|3.84|0.0||
ARLP|12|NASDAQ|2020|3|23|14|30|1129600|4.04|3.42|3.43|3.85|0.0||
ARLP|13|NASDAQ|2020|3|20|14|30|1127700|5.35|3.88|3.88|5.31|0.0||
ARLP|14|NASDAQ|2020|3|19|14|30|1580500|5.4|3.18|5.4|3.21|0.0||
ARLP|15|NASDAQ|2020|3|18|14|30|1500500|4.18|3.03|3.14|4.1|1.0||
ARLP|16|NASDAQ|2020|3|17|14|30|546600|4.67|3.95|4.24|4.15|0.0||
ARLP|17|NASDAQ|2020|3|16|14|30|875800|4.29|3.86|4.15|3.87|0.0||
ARLP|18|NASDAQ|2020|3|13|14|30|1212100|4.89|4.03|4.71|4.61|0.0||
ARLP|19|NASDAQ|2020|3|12|14|30|1035200|4.65|4.26|4.37|4.56|0.0||
ARLP|20|NASDAQ|2020|3|11|14|30|877600|5.61|5.07|5.09|5.5|0.0||
ARLP|21|NASDAQ|2020|3|10|14|30|992000|5.93|4.91|5.69|5.2|0.0||
ARLP|22|NASDAQ|2020|3|9|14|30|1641600|5.56|4.76|4.93|5.46|0.0||
ARLP|23|NASDAQ|2020|3|6|15|30|864400|6.66|6.05|6.17|6.52|0.0||
ARLP|24|NASDAQ|2020|3|5|15|30|437800|6.93|6.55|6.64|6.85|0.0||
ARLP|25|NASDAQ|2020|3|4|15|30|504000|6.94|6.6|6.84|6.85|0.0||
ARLP|26|NASDAQ|2020|3|3|15|30|475200|7.19|6.65|6.73|7.15|0.0||
ARLP|27|NASDAQ|2020|3|2|15|30|628500|7.18|6.64|7.04|6.84|0.0||
ARLP|28|NASDAQ|2020|2|28|15|30|1576100|6.87|5.96|6.74|5.96|0.0||
ARLP|29|NASDAQ|2020|2|27|15|30|1906600|6.84|6.25|6.31|6.77|0.0||
ARLP|30|NASDAQ|2020|2|26|15|30|761000|7.16|6.84|6.88|6.99|0.0||
ARLP|31|NASDAQ|2020|2|25|15|30|736200|7.4|6.95|7.02|7.37|0.0||
ARLP|32|NASDAQ|2020|2|24|15|30|532000|7.49|7.02|7.37|7.24|0.0||
ARLP|33|NASDAQ|2020|2|21|15|30|670100|7.63|7.16|7.55|7.42|0.0||
ARLP|34|NASDAQ|2020|2|20|15|30|474600|7.61|7.37|7.42|7.6|0.0||
ARLP|35|NASDAQ|2020|2|19|15|30|653700|7.66|7.3|7.56|7.5|0.0||
ARLP|36|NASDAQ|2020|2|18|15|30|1568000|8.05|7.47|7.53|7.92|0.0||
ARLP|37|NASDAQ|2020|2|14|15|30|1215000|8.16|7.79|8.04|8.12|0.0||
ARLP|38|NASDAQ|2020|2|13|15|30|829200|7.94|7.71|7.87|7.84|0.0||
ARLP|39|NASDAQ|2020|2|12|15|30|999700|7.96|7.76|7.89|7.81|0.0||
ARLP|40|NASDAQ|2020|2|11|15|30|1028300|8.27|7.7|7.81|8.25|0.0||
ARLP|41|NASDAQ|2020|2|10|15|30|997000|8.72|8.11|8.2|8.66|0.0||
ARLP|42|NASDAQ|2020|2|7|15|30|1097100|8.95|8.36|8.56|8.95|0.0||
ARLP|43|NASDAQ|2020|2|6|15|30|2174400|9.25|8.7|8.96|9.24|0.0||
ARLP|44|NASDAQ|2020|2|5|15|30|1133400|9.65|9.1|9.62|9.1|0.0||
ARLP|45|NASDAQ|2020|2|4|15|30|1702400|9.17|8.75|8.96|8.83|0.0||
ARLP|46|NASDAQ|2020|2|3|15|30|1676300|9.25|8.44|8.61|9.2|0.0||
ARLP|47|NASDAQ|2020|1|31|15|30|623500|9.22|9.0|9.04|9.2|0.0||
ARLP|48|NASDAQ|2020|1|30|15|30|825000|9.36|9.01|9.24|9.3|0.0||
ARLP|49|NASDAQ|2020|1|29|15|30|754100|9.54|9.23|9.34|9.3|0.0||
ARLP|50|NASDAQ|2020|1|28|15|30|932800|9.67|9.16|9.28|9.38|0.0||
ARLP|51|NASDAQ|2020|1|27|15|30|2352600|9.8|8.99|9.22|9.65|0.0||
ARLP|52|NASDAQ|2020|1|24|15|30|1296700|10.17|9.84|9.93|10.17|0.0||
ARLP|53|NASDAQ|2020|1|23|15|30|469600|10.3|10.04|10.1|10.27|0.0||
ARLP|54|NASDAQ|2020|1|22|15|30|710500|10.6|10.13|10.25|10.55|0.0||
ARLP|55|NASDAQ|2020|1|21|15|30|637200|11.0|10.52|10.53|10.95|0.0||
ARLP|56|NASDAQ|2020|1|17|15|30|819900|11.18|10.91|11.0|11.08|0.0||
ARLP|57|NASDAQ|2020|1|16|15|30|544800|11.45|11.05|11.07|11.29|0.0||
ARLP|58|NASDAQ|2020|1|15|15|30|704000|11.47|11.05|11.34|11.3|0.0||
ARLP|59|NASDAQ|2020|1|14|15|30|306800|11.51|11.2|11.23|11.46|0.0||
ARLP|60|NASDAQ|2020|1|13|15|30|270900|11.54|11.34|11.46|11.37|0.0||
ARLP|61|NASDAQ|2020|1|10|15|30|575000|11.93|11.34|11.38|11.93|0.0||
ARLP|62|NASDAQ|2020|1|9|15|30|478200|11.81|11.54|11.8|11.66|0.0||
ARLP|63|NASDAQ|2020|1|8|15|30|563600|12.02|11.47|11.59|11.9|0.0||
ARLP|64|NASDAQ|2020|1|7|15|30|540400|11.99|11.65|11.87|11.82|0.0||
ARLP|65|NASDAQ|2020|1|6|15|30|491400|11.92|11.6|11.82|11.64|0.0||
ARLP|66|NASDAQ|2020|1|3|15|30|363500|11.7|11.42|11.65|11.69|0.0||
ARLP|67|NASDAQ|2020|1|2|15|30|742800|11.57|11.0|11.56|11.0|0.0||
ARLP|68|NASDAQ|2019|12|31|15|30|994900|11.1|10.75|10.82|11.06|0.0||
ARLP|69|NASDAQ|2019|12|30|15|30|984200|11.6|11.0|11.04|11.36|0.0||
ARLP|70|NASDAQ|2019|12|27|15|30|972800|11.29|10.74|11.29|10.82|0.0||
ARLP|71|NASDAQ|2019|12|26|15|30|654500|10.95|10.72|10.82|10.85|0.0||
ARLP|72|NASDAQ|2019|12|24|15|30|491100|10.85|10.51|10.84|10.59|0.0||
ARLP|73|NASDAQ|2019|12|23|15|30|808700|10.9|10.6|10.64|10.84|0.0||
ARLP|74|NASDAQ|2019|12|20|15|30|2708200|11.07|10.72|10.84|10.98|0.0||
ARLP|75|NASDAQ|2019|12|19|15|30|547800|11.5|10.78|10.98|11.25|0.0||
ARLP|76|NASDAQ|2019|12|18|15|30|610800|11.25|10.52|11.16|10.52|0.0||
ARLP|77|NASDAQ|2019|12|17|15|30|699300|10.74|10.43|10.5|10.5|0.0||
ARLP|78|NASDAQ|2019|12|16|15|30|967600|10.5|10.0|10.43|10.0|0.0||
ARLP|79|NASDAQ|2019|12|13|15|30|759000|10.31|9.93|9.98|10.3|0.0||
ARLP|80|NASDAQ|2019|12|12|15|30|755200|10.37|9.87|10.3|9.97|0.0||
ARLP|81|NASDAQ|2019|12|11|15|30|615600|10.18|9.96|9.99|10.06|0.0||
ARLP|82|NASDAQ|2019|12|10|15|30|523200|10.26|10.05|10.16|10.14|0.0||
ARLP|83|NASDAQ|2019|12|9|15|30|663800|10.21|9.91|10.21|10.01|0.0||
ARLP|84|NASDAQ|2019|12|6|15|30|587700|10.28|10.09|10.11|10.25|0.0||
ARLP|85|NASDAQ|2019|12|5|15|30|648700|10.25|9.91|10.22|10.07|0.0||
ARLP|86|NASDAQ|2019|12|4|15|30|361100|10.38|10.01|10.15|10.28|0.0||
ARLP|87|NASDAQ|2019|12|3|15|30|675500|10.23|9.83|10.21|10.0|0.0||
ARLP|88|NASDAQ|2019|12|2|15|30|879300|10.63|9.97|10.11|10.53|0.0||
ARLP|89|NASDAQ|2019|11|29|15|30|498800|10.69|10.38|10.5|10.61|0.0||
ARLP|90|NASDAQ|2019|11|27|15|30|657000|10.77|10.45|10.67|10.73|0.0||
ARLP|91|NASDAQ|2019|11|26|15|30|808100|11.23|10.63|10.75|11.11|0.0||
ARLP|92|NASDAQ|2019|11|25|15|30|674200|11.28|10.85|11.14|10.93|0.0||
ARLP|93|NASDAQ|2019|11|22|15|30|535200|11.51|10.99|11.0|11.3|0.0||
ARLP|94|NASDAQ|2019|11|21|15|30|833600|11.39|10.92|11.28|11.25|0.0||
ARLP|95|NASDAQ|2019|11|20|15|30|629200|11.59|11.21|11.28|11.59|0.0||
ARLP|96|NASDAQ|2019|11|19|15|30|783600|11.73|11.37|11.68|11.63|0.0||
ARLP|97|NASDAQ|2019|11|18|15|30|714400|12.29|11.62|11.78|12.21|0.0||
ARLP|98|NASDAQ|2019|11|15|15|30|949100|12.37|11.96|12.32|11.99|0.0||
ARLP|99|NASDAQ|2019|11|14|15|30|485400|12.0|11.57|11.94|11.79|0.0||
ARLP|100|NASDAQ|2019|11|13|15|30|746900|12.19|11.69|11.85|12.04|0.0||
ARLP|101|NASDAQ|2019|11|12|15|30|623500|12.3|11.89|12.14|11.98|0.0||
ARLP|102|NASDAQ|2019|11|11|15|30|882600|11.98|11.43|11.95|11.58|0.0||
ARLP|103|NASDAQ|2019|11|8|15|30|698200|11.79|11.4|11.71|11.61|0.0||
ARLP|104|NASDAQ|2019|11|7|15|30|1248900|12.5|11.31|11.71|12.25|0.0||
ARLP|105|NASDAQ|2019|11|6|15|30|888300|12.24|12.0|12.17|12.24|0.0||
ARLP|106|NASDAQ|2019|11|5|15|30|1042000|12.92|12.51|12.72|12.86|0.0||
ARLP|107|NASDAQ|2019|11|4|15|30|1310900|12.77|12.18|12.65|12.55|0.0||
ARLP|108|NASDAQ|2019|11|1|14|30|1106200|12.16|11.34|12.11|11.45|0.0||
ARLP|109|NASDAQ|2019|10|31|14|30|1731900|11.4|10.3|11.4|10.95|0.0||
ARLP|110|NASDAQ|2019|10|30|14|30|2766900|11.75|10.85|10.95|11.6|1.0||
ARLP|111|NASDAQ|2019|10|29|14|30|2049100|12.65|11.58|11.66|12.55|0.0||
ARLP|112|NASDAQ|2019|10|28|14|30|1885500|13.82|12.39|12.55|13.55|0.0||
ARLP|113|NASDAQ|2019|10|25|15|30|404900|13.95|13.55|13.65|13.77|0.0||
ARLP|114|NASDAQ|2019|10|24|15|30|451200|14.18|13.79|13.81|14.17|0.0||
ARLP|115|NASDAQ|2019|10|23|15|30|290200|14.19|14.03|14.16|14.1|0.0||
ARLP|116|NASDAQ|2019|10|22|15|30|377100|14.31|13.91|14.08|13.92|0.0||
ARLP|117|NASDAQ|2019|10|21|15|30|358200|14.02|13.71|13.94|13.77|0.0||
ARLP|118|NASDAQ|2019|10|18|15|30|566300|13.83|13.45|13.67|13.52|0.0||
ARLP|119|NASDAQ|2019|10|17|15|30|329100|13.7|13.51|13.54|13.59|0.0||
ARLP|120|NASDAQ|2019|10|16|15|30|218200|13.8|13.6|13.6|13.7|0.0||
ARLP|121|NASDAQ|2019|10|15|15|30|465600|13.73|13.45|13.69|13.51|0.0||
ARLP|122|NASDAQ|2019|10|14|15|30|895500|13.98|13.4|13.51|13.86|0.0||
ARLP|123|NASDAQ|2019|10|11|15|30|510800|14.07|13.83|13.98|14.02|||
ARLP|124|NASDAQ|2019|10|10|15|30|366500|14.08|13.8|13.97|13.95|||
ARLP|125|NASDAQ|2019|10|9|15|30|275400|14.1|13.81|13.88|13.95|||
ARLP|126|NASDAQ|2019|10|8|15|30|807900|14.54|13.65|13.68|14.43|||
AROW|0|NASDAQ|2020|4|8|19|59|12806|27.51|26.0|26.93|26.65|||
AROW|1|NASDAQ|2020|4|7|15|30|31800|27.790001|25.57|26.27|27.790001|||
AROW|2|NASDAQ|2020|4|6|15|30|58300|26.780001|25.33|26.58|25.33|||
AROW|3|NASDAQ|2020|4|3|15|30|28500|25.57|23.559999|23.950001|24.950001|||
AROW|4|NASDAQ|2020|4|2|15|30|33400|26.23|23.790001|25.4|24.23|||
AROW|5|NASDAQ|2020|4|1|15|30|49600|26.459999|24.700001|24.74|26.459999|0.0||
AROW|6|NASDAQ|2020|3|31|15|30|77500|27.870001|26.0|27.870001|26.799999|0.0||
AROW|7|NASDAQ|2020|3|30|15|30|25800|27.35|25.59|27.25|26.059999|0.0||
AROW|8|NASDAQ|2020|3|27|14|30|35300|27.49|25.85|25.85|26.9|0.0||
AROW|9|NASDAQ|2020|3|26|14|30|39400|28.26|25.190001|28.26|25.85|0.0||
AROW|10|NASDAQ|2020|3|25|14|30|40300|26.9|24.65|25.620001|26.58|0.0||
AROW|11|NASDAQ|2020|3|24|14|30|56200|26.35|24.07|26.35|25.43|0.0||
AROW|12|NASDAQ|2020|3|23|14|30|75800|25.040001|20.790001|23.91|25.040001|0.0||
AROW|13|NASDAQ|2020|3|20|14|30|63000|28.450001|24.77|24.77|27.66|0.0||
AROW|14|NASDAQ|2020|3|19|14|30|43100|29.27|23.01|27.790001|26.0|0.0||
AROW|15|NASDAQ|2020|3|18|14|30|54100|28.16|25.84|26.18|27.290001|0.0||
AROW|16|NASDAQ|2020|3|17|14|30|56000|29.790001|24.450001|29.780001|24.450001|0.0||
AROW|17|NASDAQ|2020|3|16|14|30|48600|27.49|24.5|24.85|25.530001|0.0||
AROW|18|NASDAQ|2020|3|13|14|30|75100|30.389999|25.379999|28.290001|25.379999|0.0||
AROW|19|NASDAQ|2020|3|12|14|30|81500|26.4|24.76|25.299999|26.35|0.0||
AROW|20|NASDAQ|2020|3|11|14|30|50800|29.57|27.82|28.15|28.9|0.0||
AROW|21|NASDAQ|2020|3|10|14|30|53300|30.0|28.02|29.35|29.01|0.0||
AROW|22|NASDAQ|2020|3|9|14|30|66100|30.42|28.040001|28.24|29.18|0.0||
AROW|23|NASDAQ|2020|3|6|15|30|30800|31.85|30.42|31.040001|31.17|0.0||
AROW|24|NASDAQ|2020|3|5|15|30|32400|32.689999|31.51|32.02|32.52|0.0||
AROW|25|NASDAQ|2020|3|4|15|30|23800|33.18|31.889999|33.18|32.720001|0.0||
AROW|26|NASDAQ|2020|3|3|15|30|23700|33.490002000000004|32.18|32.529999|32.959999|0.0||
AROW|27|NASDAQ|2020|3|2|15|30|46100|33.41|31.370001|33.18|31.799999|0.0||
AROW|28|NASDAQ|2020|2|28|15|30|68100|32.150002|31.299999|31.67|31.73|0.0||
AROW|29|NASDAQ|2020|2|27|15|30|28800|33.880001|32.34|32.349998|33.150002|0.0||
AROW|30|NASDAQ|2020|2|26|15|30|19300|34.07|33.299999|33.57|33.610001000000004|0.0||
AROW|31|NASDAQ|2020|2|25|15|30|34800|34.07|33.400002|33.400002|34.07|0.0||
AROW|32|NASDAQ|2020|2|24|15|30|17600|34.459999|33.919998|34.07|34.18|0.0||
AROW|33|NASDAQ|2020|2|21|15|30|11700|35.060001|34.75|34.889999|34.950001|0.0||
AROW|34|NASDAQ|2020|2|20|15|30|13000|35.02|34.700001|34.880001|34.700001|0.0||
AROW|35|NASDAQ|2020|2|19|15|30|10100|34.93|34.630001|34.700001|34.630001|0.0||
AROW|36|NASDAQ|2020|2|18|15|30|5900|34.990002000000004|34.689999|34.720001|34.919998|0.0||
AROW|37|NASDAQ|2020|2|14|15|30|15600|35.639999|34.82|34.919998|35.509998|0.0||
AROW|38|NASDAQ|2020|2|13|15|30|8600|35.639999|35.299999|35.5|35.299999|0.0||
AROW|39|NASDAQ|2020|2|12|15|30|13300|35.529999|34.98|35.34|35.139999|0.0||
AROW|40|NASDAQ|2020|2|11|15|30|18100|35.689999|34.529999|34.869999|35.59|0.0||
AROW|41|NASDAQ|2020|2|10|15|30|12200|35.580002|34.84|35.52|34.970001|0.0||
AROW|42|NASDAQ|2020|2|7|15|30|18100|35.139999|34.799999|34.799999|35.119999|0.0||
AROW|43|NASDAQ|2020|2|6|15|30|16200|35.75|35.029999|35.24000200000001|35.75|0.0||
AROW|44|NASDAQ|2020|2|5|15|30|15600|35.880001|35.25|35.560001|35.549999|0.0||
AROW|45|NASDAQ|2020|2|4|15|30|23600|35.75|35.16|35.259998|35.650002|0.0||
AROW|46|NASDAQ|2020|2|3|15|30|23600|35.560001|35.09|35.220001|35.09|0.0||
AROW|47|NASDAQ|2020|1|31|15|30|24500|35.549999|35.009998|35.060001|35.150002|0.0||
AROW|48|NASDAQ|2020|1|30|15|30|35500|35.86000100000001|35.169998|35.380001|35.169998|0.0||
AROW|49|NASDAQ|2020|1|29|15|30|17600|36.029999|35.119999|35.279999|35.689999|0.0||
AROW|50|NASDAQ|2020|1|28|15|30|12500|36.34|35.529999|35.82|36.34|0.0||
AROW|51|NASDAQ|2020|1|27|15|30|42400|36.5|35.79000100000001|35.919998|35.79000100000001|0.0||
AROW|52|NASDAQ|2020|1|24|15|30|11700|36.779999|35.970001|36.23|36.68|0.0||
AROW|53|NASDAQ|2020|1|23|15|30|36000|36.869999|36.110001|36.509998|36.23|0.0||
AROW|54|NASDAQ|2020|1|22|15|30|17400|36.68|36.110001|36.459999|36.68|0.0||
AROW|55|NASDAQ|2020|1|21|15|30|12300|36.939999|36.490002|36.619999|36.939999|0.0||
AROW|56|NASDAQ|2020|1|17|15|30|26500|37.689999|36.759998|37.099998|37.689999|0.0||
AROW|57|NASDAQ|2020|1|16|15|30|11500|37.610001|36.950001|37.400002|36.950001|0.0||
AROW|58|NASDAQ|2020|1|15|15|30|14200|37.130001|36.549999|36.790001|36.950001|0.0||
AROW|59|NASDAQ|2020|1|14|15|30|28100|37.5|36.810001|37.009998|37.27|0.0||
AROW|60|NASDAQ|2020|1|13|15|30|21400|37.470001|36.610001|37.389999|36.919998|0.0||
AROW|61|NASDAQ|2020|1|10|15|30|19500|37.110001|36.669998|37.009998|37.099998|0.0||
AROW|62|NASDAQ|2020|1|9|15|30|18800|37.439999|36.919998|37.169998|37.349998|0.0||
AROW|63|NASDAQ|2020|1|8|15|30|17100|37.560001|36.919998|37.299999|37.07|0.0||
AROW|64|NASDAQ|2020|1|7|15|30|11500|37.490002|37.0|37.209999|37.310001|0.0||
AROW|65|NASDAQ|2020|1|6|15|30|21500|37.75|36.639999|37.529999|37.110001|0.0||
AROW|66|NASDAQ|2020|1|3|15|30|26500|37.349998|36.91|37.119999|37.290001|0.0||
AROW|67|NASDAQ|2020|1|2|15|30|16200|38.040001|37.16|37.610001|37.790001|0.0||
AROW|68|NASDAQ|2019|12|31|15|30|15900|38.0|37.580002|37.799999|37.610001|0.0||
AROW|69|NASDAQ|2019|12|30|15|30|16100|37.880001|37.400002|37.790001|37.610001|0.0||
AROW|70|NASDAQ|2019|12|27|15|30|15500|37.959999|37.290001|37.52|37.959999|0.0||
AROW|71|NASDAQ|2019|12|26|15|30|36100|38.310001|37.580002|38.060001|38.0|0.0||
AROW|72|NASDAQ|2019|12|24|15|30|2300|37.790001|37.560001|37.790001|37.560001|0.0||
AROW|73|NASDAQ|2019|12|23|15|30|17400|37.860001|37.389999|37.639999|37.669998|0.0||
AROW|74|NASDAQ|2019|12|20|15|30|60900|37.990002|37.57|37.779999|37.959999|0.0||
AROW|75|NASDAQ|2019|12|19|15|30|37000|37.990002|37.630001|37.959999|37.939999|0.0||
AROW|76|NASDAQ|2019|12|18|15|30|22800|37.990002|37.599998|37.860001|37.990002|0.0||
AROW|77|NASDAQ|2019|12|17|15|30|25300|37.950001|37.439999|37.830002|37.48|0.0||
AROW|78|NASDAQ|2019|12|16|15|30|42400|38.0|37.18|37.450001|37.419998|0.0||
AROW|79|NASDAQ|2019|12|13|15|30|33400|37.450001|36.669998|37.310001|37.110001|0.0||
AROW|80|NASDAQ|2019|12|12|15|30|31100|37.48|36.43|37.0|36.43|0.0||
AROW|81|NASDAQ|2019|12|11|15|30|17800|36.52|36.110001|36.439999|36.299999|0.0||
AROW|82|NASDAQ|2019|12|10|15|30|18000|36.330002|35.75|36.169998|35.959999|0.0||
AROW|83|NASDAQ|2019|12|9|15|30|33300|36.080002|35.349998|35.970001|35.349998|0.0||
AROW|84|NASDAQ|2019|12|6|15|30|33000|35.779999|35.450001|35.639999|35.529999|0.0||
AROW|85|NASDAQ|2019|12|5|15|30|18500|35.57|35.119999|35.16|35.279999|0.0||
AROW|86|NASDAQ|2019|12|4|15|30|14700|35.529999|35.049999|35.189999|35.16|0.0||
AROW|87|NASDAQ|2019|12|3|15|30|14800|35.259998|34.849998|34.98|35.130001|0.0||
AROW|88|NASDAQ|2019|12|2|15|30|18600|35.700001|35.16|35.389999|35.619999|0.0||
AROW|89|NASDAQ|2019|11|29|15|30|16700|35.98|35.650002|35.86000100000001|35.889999|0.0||
AROW|90|NASDAQ|2019|11|27|15|30|24100|36.32|35.759998|35.880001|36.310001|0.0||
AROW|91|NASDAQ|2019|11|26|15|30|32400|36.68|35.99000200000001|36.07|36.419998|0.0||
AROW|92|NASDAQ|2019|11|25|15|30|25200|36.759998|35.759998|36.599998|35.869999|0.0||
AROW|93|NASDAQ|2019|11|22|15|30|10400|36.09|35.669998|35.779999|35.84|0.0||
AROW|94|NASDAQ|2019|11|21|15|30|19900|36.25|35.700001|36.009998|36.25|0.0||
AROW|95|NASDAQ|2019|11|20|15|30|35600|36.59|35.970001|36.02|36.560001|0.0||
AROW|96|NASDAQ|2019|11|19|15|30|22800|36.509998|35.959999|36.330002|36.130001|0.0||
AROW|97|NASDAQ|2019|11|18|15|30|10700|36.080002|35.529999|36.080002|36.060001|0.0||
AROW|98|NASDAQ|2019|11|15|15|30|16300|36.630001|36.0|36.0|36.389999|0.0||
AROW|99|NASDAQ|2019|11|14|15|30|23000|36.650002|35.669998|36.16|36.279999|0.0||
AROW|100|NASDAQ|2019|11|13|15|30|23200|36.360001|35.669998|36.279999|35.68|0.0||
AROW|101|NASDAQ|2019|11|12|15|30|9200|36.209999|35.75|35.98|36.209999|0.0||
AROW|102|NASDAQ|2019|11|11|15|30|22100|36.130001|35.169998|36.110001|35.169998|0.0||
AROW|103|NASDAQ|2019|11|8|15|30|49000|36.73|35.48|35.68|36.099998|0.0||
AROW|104|NASDAQ|2019|11|7|15|30|21100|36.830002|36.009998|36.290001|36.529999|0.0||
AROW|105|NASDAQ|2019|11|6|15|30|16600|36.389999|35.99000200000001|36.259998|36.299999|0.0||
AROW|106|NASDAQ|2019|11|5|15|30|31400|36.23|35.630001|36.189999|35.759998|0.0||
AROW|107|NASDAQ|2019|11|4|15|30|16500|35.75|35.389999|35.709999|35.700001|0.0||
AROW|108|NASDAQ|2019|11|1|14|30|20700|35.549999|35.16|35.299999|35.209999|0.0||
AROW|109|NASDAQ|2019|10|31|14|30|20600|35.25|34.450001|35.119999|35.009998|0.0||
AROW|110|NASDAQ|2019|10|30|14|30|26100|35.36000100000001|34.57|35.150002|34.860001000000004|0.0||
AROW|111|NASDAQ|2019|10|29|14|30|23100|35.23|34.650002|35.049999|34.650002|0.0||
AROW|112|NASDAQ|2019|10|28|14|30|10600|34.880001|34.360001000000004|34.779999|34.360001000000004|0.0||
AROW|113|NASDAQ|2019|10|25|15|30|15800|34.880001|34.330002|34.330002|34.509998|0.0||
AROW|114|NASDAQ|2019|10|24|15|30|20500|34.919998|34.07|34.720001|34.25|0.0||
AROW|115|NASDAQ|2019|10|23|15|30|27600|34.240002000000004|33.700001|34.189999|33.860001000000004|0.0||
AROW|116|NASDAQ|2019|10|22|15|30|18000|34.279999|33.630001|33.75|34.009998|0.0||
AROW|117|NASDAQ|2019|10|21|15|30|24400|34.110001000000004|33.200001|33.790001000000004|33.290001000000004|0.0||
AROW|118|NASDAQ|2019|10|18|15|30|18400|33.43|32.759998|33.200001|33.119999|0.0||
AROW|119|NASDAQ|2019|10|17|15|30|10500|33.27|32.93|33.25|33.0|0.0||
AROW|120|NASDAQ|2019|10|16|15|30|4700|33.240002000000004|32.869999|32.869999|32.889999|0.0||
AROW|121|NASDAQ|2019|10|15|15|30|18000|33.169998|32.580002|33.049999|32.599998|0.0||
AROW|122|NASDAQ|2019|10|14|15|30|15300|32.98|32.220001|32.689999|32.220001|0.0||
AROW|123|NASDAQ|2019|10|11|15|30|20900|33.740002000000004|32.790001000000004|32.790001000000004|33.169998|||
AROW|124|NASDAQ|2019|10|10|15|30|10500|33.119999|32.73|32.740002000000004|32.84|||
AROW|125|NASDAQ|2019|10|9|15|30|14100|32.889999|32.360001000000004|32.669998|32.509998|||
AROW|126|NASDAQ|2019|10|8|15|30|8400|33.02|32.029999|32.259998|32.599998|||
ARPO|0|NASDAQ|2020|4|8|19|48|97476|0.5605|0.54|0.55|0.5577|||
ARPO|1|NASDAQ|2020|4|7|15|30|35500|0.58|0.54|0.55|0.542|||
ARPO|2|NASDAQ|2020|4|6|15|30|128800|0.565|0.53|0.541|0.5579999999999999|||
ARPO|3|NASDAQ|2020|4|3|15|30|19200|0.5539999999999999|0.51|0.53|0.51|||
ARPO|4|NASDAQ|2020|4|2|15|30|101900|0.56|0.491|0.534|0.557|||
ARPO|5|NASDAQ|2020|4|1|15|30|20800|0.55|0.515|0.5489999999999999|0.55|0.0||
ARPO|6|NASDAQ|2020|3|31|15|30|366900|0.557|0.534|0.55|0.544|0.0||
ARPO|7|NASDAQ|2020|3|30|15|30|250100|0.54|0.5|0.5|0.523|0.0||
ARPO|8|NASDAQ|2020|3|27|14|30|45300|0.54|0.475|0.52|0.514|0.0||
ARPO|9|NASDAQ|2020|3|26|14|30|24200|0.55|0.49|0.519|0.53|0.0||
ARPO|10|NASDAQ|2020|3|25|14|30|65300|0.55|0.464|0.503|0.55|0.0||
ARPO|11|NASDAQ|2020|3|24|14|30|85100|0.59|0.46|0.5|0.509|0.0||
ARPO|12|NASDAQ|2020|3|23|14|30|62300|0.515|0.45|0.483|0.45|0.0||
ARPO|13|NASDAQ|2020|3|20|14|30|121700|0.53|0.45|0.461|0.467|0.0||
ARPO|14|NASDAQ|2020|3|19|14|30|151100|0.542|0.42|0.45|0.42|0.0||
ARPO|15|NASDAQ|2020|3|18|14|30|191900|0.537|0.431|0.45|0.508|0.0||
ARPO|16|NASDAQ|2020|3|17|14|30|330600|0.545|0.481|0.527|0.52|0.0||
ARPO|17|NASDAQ|2020|3|16|14|30|129900|0.55|0.47|0.52|0.522|0.0||
ARPO|18|NASDAQ|2020|3|13|14|30|255500|0.635|0.521|0.56|0.521|0.0||
ARPO|19|NASDAQ|2020|3|12|14|30|363000|0.55|0.47|0.525|0.47|0.0||
ARPO|20|NASDAQ|2020|3|11|14|30|453900|0.589|0.52|0.54|0.589|0.0||
ARPO|21|NASDAQ|2020|3|10|14|30|304900|0.64|0.55|0.59|0.585|0.0||
ARPO|22|NASDAQ|2020|3|9|14|30|188400|0.63|0.58|0.5920000000000001|0.58|0.0||
ARPO|23|NASDAQ|2020|3|6|15|30|77000|0.652|0.635|0.635|0.65|0.0||
ARPO|24|NASDAQ|2020|3|5|15|30|23700|0.66|0.6509999999999999|0.66|0.659|0.0||
ARPO|25|NASDAQ|2020|3|4|15|30|72500|0.677|0.633|0.6629999999999999|0.633|0.0||
ARPO|26|NASDAQ|2020|3|3|15|30|212500|0.66|0.631|0.639|0.64|0.0||
ARPO|27|NASDAQ|2020|3|2|15|30|138600|0.662|0.63|0.6409999999999999|0.6409999999999999|0.0||
ARPO|28|NASDAQ|2020|2|28|15|30|186100|0.655|0.613|0.6459999999999999|0.62|0.0||
ARPO|29|NASDAQ|2020|2|27|15|30|541300|0.6679999999999999|0.62|0.6409999999999999|0.65|0.0||
ARPO|30|NASDAQ|2020|2|26|15|30|108900|0.6809999999999999|0.64|0.65|0.65|0.0||
ARPO|31|NASDAQ|2020|2|25|15|30|212600|0.6940000000000001|0.64|0.654|0.679|0.0||
ARPO|32|NASDAQ|2020|2|24|15|30|138500|0.695|0.675|0.68|0.695|0.0||
ARPO|33|NASDAQ|2020|2|21|15|30|104800|0.71|0.69|0.695|0.693|0.0||
ARPO|34|NASDAQ|2020|2|20|15|30|133000|0.6970000000000001|0.667|0.693|0.682|0.0||
ARPO|35|NASDAQ|2020|2|19|15|30|118300|0.6940000000000001|0.659|0.677|0.6729999999999999|0.0||
ARPO|36|NASDAQ|2020|2|18|15|30|86900|0.685|0.653|0.685|0.654|0.0||
ARPO|37|NASDAQ|2020|2|14|15|30|89200|0.69|0.654|0.654|0.66|0.0||
ARPO|38|NASDAQ|2020|2|13|15|30|261300|0.688|0.63|0.65|0.642|0.0||
ARPO|39|NASDAQ|2020|2|12|15|30|222900|0.66|0.63|0.65|0.637|0.0||
ARPO|40|NASDAQ|2020|2|11|15|30|225700|0.649|0.621|0.6409999999999999|0.64|0.0||
ARPO|41|NASDAQ|2020|2|10|15|30|538700|0.7140000000000001|0.6|0.64|0.7140000000000001|0.0||
ARPO|42|NASDAQ|2020|2|7|15|30|310300|0.7090000000000001|0.67|0.68|0.7090000000000001|0.0||
ARPO|43|NASDAQ|2020|2|6|15|30|122200|0.7140000000000001|0.69|0.71|0.71|0.0||
ARPO|44|NASDAQ|2020|2|5|15|30|225300|0.71|0.691|0.705|0.7040000000000001|0.0||
ARPO|45|NASDAQ|2020|2|4|15|30|490200|0.71|0.675|0.6940000000000001|0.685|0.0||
ARPO|46|NASDAQ|2020|2|3|15|30|407300|0.698|0.6559999999999999|0.675|0.6729999999999999|0.0||
ARPO|47|NASDAQ|2020|1|31|15|30|264500|0.68|0.65|0.67|0.65|0.0||
ARPO|48|NASDAQ|2020|1|30|15|30|253000|0.6970000000000001|0.65|0.65|0.67|0.0||
ARPO|49|NASDAQ|2020|1|29|15|30|447500|0.7|0.65|0.672|0.66|0.0||
ARPO|50|NASDAQ|2020|1|28|15|30|319700|0.67|0.621|0.66|0.645|0.0||
ARPO|51|NASDAQ|2020|1|27|15|30|316700|0.659|0.62|0.65|0.64|0.0||
ARPO|52|NASDAQ|2020|1|24|15|30|536400|0.667|0.622|0.6579999999999999|0.63|0.0||
ARPO|53|NASDAQ|2020|1|23|15|30|174200|0.63|0.617|0.629|0.617|0.0||
ARPO|54|NASDAQ|2020|1|22|15|30|224300|0.63|0.617|0.627|0.62|0.0||
ARPO|55|NASDAQ|2020|1|21|15|30|309800|0.63|0.6|0.622|0.615|0.0||
ARPO|56|NASDAQ|2020|1|17|15|30|120500|0.64|0.61|0.615|0.617|0.0||
ARPO|57|NASDAQ|2020|1|16|15|30|109200|0.64|0.61|0.617|0.613|0.0||
ARPO|58|NASDAQ|2020|1|15|15|30|219800|0.64|0.61|0.617|0.617|0.0||
ARPO|59|NASDAQ|2020|1|14|15|30|127100|0.619|0.591|0.605|0.606|0.0||
ARPO|60|NASDAQ|2020|1|13|15|30|246300|0.62|0.5920000000000001|0.606|0.6|0.0||
ARPO|61|NASDAQ|2020|1|10|15|30|467000|0.635|0.59|0.617|0.63|0.0||
ARPO|62|NASDAQ|2020|1|9|15|30|371200|0.645|0.606|0.633|0.621|0.0||
ARPO|63|NASDAQ|2020|1|8|15|30|2262800|0.6559999999999999|0.605|0.617|0.655|0.0||
ARPO|64|NASDAQ|2020|1|7|15|30|341600|0.6629999999999999|0.6|0.6629999999999999|0.638|0.0||
ARPO|65|NASDAQ|2020|1|6|15|30|293500|0.659|0.63|0.648|0.63|0.0||
ARPO|66|NASDAQ|2020|1|3|15|30|190200|0.659|0.63|0.64|0.645|0.0||
ARPO|67|NASDAQ|2020|1|2|15|30|996100|0.6579999999999999|0.625|0.64|0.63|0.0||
ARPO|68|NASDAQ|2019|12|31|15|30|726200|0.63|0.561|0.624|0.6|0.0||
ARPO|69|NASDAQ|2019|12|30|15|30|523200|0.618|0.56|0.6|0.56|0.0||
ARPO|70|NASDAQ|2019|12|27|15|30|322200|0.59|0.555|0.58|0.555|0.0||
ARPO|71|NASDAQ|2019|12|26|15|30|204000|0.56|0.545|0.56|0.545|1.0||
ARPO|72|NASDAQ|2019|12|24|15|30|286300|0.56|0.536|0.5379999999999999|0.56|1.0||
ARPO|73|NASDAQ|2019|12|23|15|30|326700|0.575|0.551|0.5529999999999999|0.575|0.0||
ARPO|74|NASDAQ|2019|12|20|15|30|146600|0.594|0.56|0.564|0.594|0.0||
ARPO|75|NASDAQ|2019|12|19|15|30|348800|0.59|0.555|0.574|0.555|0.0||
ARPO|76|NASDAQ|2019|12|18|15|30|169700|0.59|0.555|0.57|0.555|0.0||
ARPO|77|NASDAQ|2019|12|17|15|30|215300|0.58|0.551|0.563|0.5770000000000001|0.0||
ARPO|78|NASDAQ|2019|12|16|15|30|86500|0.575|0.53|0.568|0.573|0.0||
ARPO|79|NASDAQ|2019|12|13|15|30|111500|0.58|0.5529999999999999|0.57|0.5529999999999999|0.0||
ARPO|80|NASDAQ|2019|12|12|15|30|72400|0.579|0.545|0.57|0.545|0.0||
ARPO|81|NASDAQ|2019|12|11|15|30|56800|0.579|0.5429999999999999|0.568|0.555|0.0||
ARPO|82|NASDAQ|2019|12|10|15|30|150900|0.579|0.531|0.5589999999999999|0.54|0.0||
ARPO|83|NASDAQ|2019|12|9|15|30|146900|0.5820000000000001|0.531|0.5489999999999999|0.55|0.0||
ARPO|84|NASDAQ|2019|12|6|15|30|169400|0.601|0.55|0.56|0.59|0.0||
ARPO|85|NASDAQ|2019|12|5|15|30|146000|0.602|0.57|0.59|0.594|0.0||
ARPO|86|NASDAQ|2019|12|4|15|30|291600|0.616|0.59|0.6|0.616|0.0||
ARPO|87|NASDAQ|2019|12|3|15|30|299500|0.63|0.6|0.613|0.63|0.0||
ARPO|88|NASDAQ|2019|12|2|15|30|314200|0.632|0.5770000000000001|0.628|0.612|0.0||
ARPO|89|NASDAQ|2019|11|29|15|30|417000|0.62|0.564|0.619|0.593|0.0||
ARPO|90|NASDAQ|2019|11|27|15|30|539300|0.5870000000000001|0.525|0.575|0.525|0.0||
ARPO|91|NASDAQ|2019|11|26|15|30|205900|0.552|0.52|0.5379999999999999|0.52|1.0||
ARPO|92|NASDAQ|2019|11|25|15|30|62800|0.56|0.525|0.531|0.525|1.0||
ARPO|93|NASDAQ|2019|11|22|15|30|279000|0.5489999999999999|0.51|0.5329999999999999|0.51|1.0||
ARPO|94|NASDAQ|2019|11|21|15|30|142600|0.541|0.49|0.518|0.521|0.0||
ARPO|95|NASDAQ|2019|11|20|15|30|47600|0.5489999999999999|0.52|0.52|0.52|0.0||
ARPO|96|NASDAQ|2019|11|19|15|30|97200|0.54|0.51|0.515|0.512|0.0||
ARPO|97|NASDAQ|2019|11|18|15|30|100000|0.56|0.47|0.509|0.53|0.0||
ARPO|98|NASDAQ|2019|11|15|15|30|79400|0.535|0.517|0.535|0.517|0.0||
ARPO|99|NASDAQ|2019|11|14|15|30|215200|0.52|0.5|0.514|0.5|0.0||
ARPO|100|NASDAQ|2019|11|13|15|30|139400|0.535|0.482|0.487|0.535|0.0||
ARPO|101|NASDAQ|2019|11|12|15|30|31200|0.555|0.535|0.535|0.535|0.0||
ARPO|102|NASDAQ|2019|11|11|15|30|41200|0.555|0.515|0.55|0.528|0.0||
ARPO|103|NASDAQ|2019|11|8|15|30|48800|0.5479999999999999|0.51|0.54|0.539|0.0||
ARPO|104|NASDAQ|2019|11|7|15|30|24500|0.551|0.535|0.54|0.54|0.0||
ARPO|105|NASDAQ|2019|11|6|15|30|13800|0.556|0.53|0.555|0.532|0.0||
ARPO|106|NASDAQ|2019|11|5|15|30|110500|0.564|0.532|0.54|0.545|0.0||
ARPO|107|NASDAQ|2019|11|4|15|30|72700|0.5589999999999999|0.55|0.5589999999999999|0.5589999999999999|0.0||
ARPO|108|NASDAQ|2019|11|1|14|30|69700|0.5589999999999999|0.525|0.5589999999999999|0.525|0.0||
ARPO|109|NASDAQ|2019|10|31|14|30|61600|0.545|0.51|0.53|0.51|0.0||
ARPO|110|NASDAQ|2019|10|30|14|30|27900|0.54|0.5|0.52|0.51|0.0||
ARPO|111|NASDAQ|2019|10|29|14|30|113500|0.5329999999999999|0.47|0.528|0.5|0.0||
ARPO|112|NASDAQ|2019|10|28|14|30|130700|0.53|0.48|0.509|0.53|0.0||
ARPO|113|NASDAQ|2019|10|25|15|30|32100|0.53|0.49|0.53|0.4920000000000001|0.0||
ARPO|114|NASDAQ|2019|10|24|15|30|84300|0.535|0.5|0.515|0.531|0.0||
ARPO|115|NASDAQ|2019|10|23|15|30|125200|0.537|0.48|0.53|0.485|0.0||
ARPO|116|NASDAQ|2019|10|22|15|30|182200|0.529|0.491|0.505|0.507|0.0||
ARPO|117|NASDAQ|2019|10|21|15|30|713600|0.57|0.505|0.532|0.52|0.0||
ARPO|118|NASDAQ|2019|10|18|15|30|103100|0.51|0.46|0.462|0.5|0.0||
ARPO|119|NASDAQ|2019|10|17|15|30|79200|0.519|0.493|0.501|0.5|0.0||
ARPO|120|NASDAQ|2019|10|16|15|30|173300|0.519|0.48|0.51|0.488|0.0||
ARPO|121|NASDAQ|2019|10|15|15|30|92700|0.4970000000000001|0.45|0.4920000000000001|0.464|0.0||
ARPO|122|NASDAQ|2019|10|14|15|30|146600|0.509|0.46|0.486|0.509|0.0||
ARPO|123|NASDAQ|2019|10|11|15|30|933100|0.55|0.46|0.493|0.52|||
ARPO|124|NASDAQ|2019|10|10|15|30|278200|0.674|0.56|0.562|0.61|||
ARPO|125|NASDAQ|2019|10|9|15|30|67300|0.647|0.6|0.611|0.638|||
ARPO|126|NASDAQ|2019|10|8|15|30|31600|0.649|0.616|0.618|0.649|||
ARTNA|0|NASDAQ|2020|4|8|20|15|13025|36.57|35.759998|36.25|36.549999|||
ARTNA|1|NASDAQ|2020|4|7|15|30|32800|38.07|35.560001|36.41|37.75|||
ARTNA|2|NASDAQ|2020|4|6|15|30|40300|37.740002|36.119999|37.560001|36.119999|||
ARTNA|3|NASDAQ|2020|4|3|15|30|17700|36.23|34.549999|35.169998|35.43|||
ARTNA|4|NASDAQ|2020|4|2|15|30|24200|36.950001|34.91|35.880001|35.82|||
ARTNA|5|NASDAQ|2020|4|1|15|30|42200|36.470001|35.43|35.639999|36.07|0.0||
ARTNA|6|NASDAQ|2020|3|31|15|30|33500|37.380001|35.759998|37.380001|36.959999|0.0||
ARTNA|7|NASDAQ|2020|3|30|15|30|23600|36.990002|35.77|36.98|36.5|0.0||
ARTNA|8|NASDAQ|2020|3|27|14|30|41800|37.5|34.73|36.060001|34.950001|0.0||
ARTNA|9|NASDAQ|2020|3|26|14|30|36100|36.029999|34.75|36.029999|34.959999|0.0||
ARTNA|10|NASDAQ|2020|3|25|14|30|39200|35.580002|32.779999|35.279999|33.41|0.0||
ARTNA|11|NASDAQ|2020|3|24|14|30|40200|34.0|30.889999|34.0|32.0|0.0||
ARTNA|12|NASDAQ|2020|3|23|14|30|37900|33.68|30.01|31.24|33.369999|1.0||
ARTNA|13|NASDAQ|2020|3|20|14|30|49200|34.580002|32.509998|32.689999|34.580002|0.0||
ARTNA|14|NASDAQ|2020|3|19|14|30|31000|35.25|32.080002|35.18|32.709999|0.0||
ARTNA|15|NASDAQ|2020|3|18|14|30|57200|34.299999|30.1|33.25|34.220001|0.0||
ARTNA|16|NASDAQ|2020|3|17|14|30|40000|35.119999|31.25|35.119999|32.91|0.0||
ARTNA|17|NASDAQ|2020|3|16|14|30|32600|33.0|30.059999|32.779999|33.0|0.0||
ARTNA|18|NASDAQ|2020|3|13|14|30|30200|35.0|32.16|33.75|34.950001|0.0||
ARTNA|19|NASDAQ|2020|3|12|14|30|42800|34.09|31.52|33.889999|31.540001|0.0||
ARTNA|20|NASDAQ|2020|3|11|14|30|21800|35.279999|33.150002|33.349998|35.07|0.0||
ARTNA|21|NASDAQ|2020|3|10|14|30|24200|35.74000200000001|34.68|35.639999|35.369999|0.0||
ARTNA|22|NASDAQ|2020|3|9|14|30|35900|35.34|34.560001|35.32|34.560001|0.0||
ARTNA|23|NASDAQ|2020|3|6|15|30|11100|35.700001|34.630001|35.529999|34.639999|0.0||
ARTNA|24|NASDAQ|2020|3|5|15|30|18300|36.509998|34.93|35.49000200000001|36.220001|0.0||
ARTNA|25|NASDAQ|2020|3|4|15|30|17200|36.740002|34.470001|36.740002|34.84|0.0||
ARTNA|26|NASDAQ|2020|3|3|15|30|32300|35.130001|34.299999|34.84|34.75|0.0||
ARTNA|27|NASDAQ|2020|3|2|15|30|34500|35.450001|34.5|34.759998|34.860001000000004|0.0||
ARTNA|28|NASDAQ|2020|2|28|15|30|43400|35.74000200000001|34.040001000000004|34.330002|35.25|0.0||
ARTNA|29|NASDAQ|2020|2|27|15|30|19100|37.099998|35.970001|35.970001|37.009998|0.0||
ARTNA|30|NASDAQ|2020|2|26|15|30|8200|37.439999|36.73|37.299999|36.75|0.0||
ARTNA|31|NASDAQ|2020|2|25|15|30|13500|37.619999|36.73|36.73|37.169998|0.0||
ARTNA|32|NASDAQ|2020|2|24|15|30|12400|37.849998|37.119999|37.119999|37.189999|0.0||
ARTNA|33|NASDAQ|2020|2|21|15|30|8900|37.790001|37.439999|37.439999|37.439999|0.0||
ARTNA|34|NASDAQ|2020|2|20|15|30|6400|37.830002|37.279999|37.349998|37.490002|0.0||
ARTNA|35|NASDAQ|2020|2|19|15|30|12800|37.869999|37.5|37.5|37.73|0.0||
ARTNA|36|NASDAQ|2020|2|18|15|30|6200|37.91|37.490002|37.529999|37.490002|0.0||
ARTNA|37|NASDAQ|2020|2|14|15|30|8000|38.169998|37.540001|37.779999|37.75|0.0||
ARTNA|38|NASDAQ|2020|2|13|15|30|4600|37.720001|37.029999|37.669998|37.029999|0.0||
ARTNA|39|NASDAQ|2020|2|12|15|30|8500|37.490002|37.0|37.299999|37.150002|0.0||
ARTNA|40|NASDAQ|2020|2|11|15|30|3600|37.610001|37.150002|37.150002|37.610001|0.0||
ARTNA|41|NASDAQ|2020|2|10|15|30|6400|37.650002|37.07|37.299999|37.07|0.0||
ARTNA|42|NASDAQ|2020|2|7|15|30|13800|37.68|37.130001|37.299999|37.32|0.0||
ARTNA|43|NASDAQ|2020|2|6|15|30|10600|38.040001|37.16|37.389999|38.040001|0.0||
ARTNA|44|NASDAQ|2020|2|5|15|30|21200|38.630001|37.07|38.040001|37.080002|0.0||
ARTNA|45|NASDAQ|2020|2|4|15|30|9800|37.259998|36.950001|36.970001|37.259998|0.0||
ARTNA|46|NASDAQ|2020|2|3|15|30|19400|37.970001|37.450001|37.459999|37.91|0.0||
ARTNA|47|NASDAQ|2020|1|31|15|30|14300|39.18|37.650002|37.720001|39.16|0.0||
ARTNA|48|NASDAQ|2020|1|30|15|30|4500|39.400002|38.919998|39.389999|38.919998|0.0||
ARTNA|49|NASDAQ|2020|1|29|15|30|5300|39.200001|38.990002|39.189999|39.139999|0.0||
ARTNA|50|NASDAQ|2020|1|28|15|30|9400|39.389999|39.0|39.25|39.200001|0.0||
ARTNA|51|NASDAQ|2020|1|27|15|30|10700|39.279999|38.939999|39.040001|38.939999|0.0||
ARTNA|52|NASDAQ|2020|1|24|15|30|10100|39.18|38.869999|39.009998|39.16|0.0||
ARTNA|53|NASDAQ|2020|1|23|15|30|3900|39.279999|38.810001|39.040001|39.080002|0.0||
ARTNA|54|NASDAQ|2020|1|22|15|30|8000|39.509998|38.720001|39.009998|38.990002|0.0||
ARTNA|55|NASDAQ|2020|1|21|15|30|9800|39.599998|38.459999|39.029999|39.18|0.0||
ARTNA|56|NASDAQ|2020|1|17|15|30|15900|39.5|38.450001|39.200001|38.799999|0.0||
ARTNA|57|NASDAQ|2020|1|16|15|30|34800|38.73|37.34|38.619999|37.389999|0.0||
ARTNA|58|NASDAQ|2020|1|15|15|30|16800|37.330002|37.119999|37.189999|37.240002|0.0||
ARTNA|59|NASDAQ|2020|1|14|15|30|15100|37.310001|36.68|37.110001|36.68|0.0||
ARTNA|60|NASDAQ|2020|1|13|15|30|46500|36.860001|36.439999|36.860001|36.439999|0.0||
ARTNA|61|NASDAQ|2020|1|10|15|30|14000|36.630001|36.259998|36.43|36.27|0.0||
ARTNA|62|NASDAQ|2020|1|9|15|30|7900|36.599998|36.299999|36.470001|36.560001|0.0||
ARTNA|63|NASDAQ|2020|1|8|15|30|74700|36.84|36.290001|36.5|36.57|0.0||
ARTNA|64|NASDAQ|2020|1|7|15|30|31300|36.98|36.349998|36.459999|36.689999|0.0||
ARTNA|65|NASDAQ|2020|1|6|15|30|9500|36.880001|36.43|36.709999|36.5|0.0||
ARTNA|66|NASDAQ|2020|1|3|15|30|10600|36.709999|36.290001|36.689999|36.290001|0.0||
ARTNA|67|NASDAQ|2020|1|2|15|30|11500|37.200001|36.549999|36.779999|37.16|0.0||
ARTNA|68|NASDAQ|2019|12|31|15|30|10300|37.5|37.209999|37.209999|37.25|0.0||
ARTNA|69|NASDAQ|2019|12|30|15|30|11300|37.389999|37.119999|37.119999|37.32|0.0||
ARTNA|70|NASDAQ|2019|12|27|15|30|9600|37.380001|37.169998|37.369999|37.189999|0.0||
ARTNA|71|NASDAQ|2019|12|26|15|30|4400|37.240002|37.009998|37.009998|37.200001|0.0||
ARTNA|72|NASDAQ|2019|12|24|15|30|3300|37.150002|37.0|37.029999|37.099998|0.0||
ARTNA|73|NASDAQ|2019|12|23|15|30|9600|37.57|37.0|37.23|37.209999|0.0||
ARTNA|74|NASDAQ|2019|12|20|15|30|31900|37.509998|37.049999|37.290001|37.139999|0.0||
ARTNA|75|NASDAQ|2019|12|19|15|30|19700|37.689999|37.02|37.09|37.639999|0.0||
ARTNA|76|NASDAQ|2019|12|18|15|30|3600|37.669998|37.279999|37.5|37.439999|0.0||
ARTNA|77|NASDAQ|2019|12|17|15|30|10000|37.52|37.07|37.310001|37.380001|0.0||
ARTNA|78|NASDAQ|2019|12|16|15|30|8000|37.470001|36.759998|37.360001|37.0|0.0||
ARTNA|79|NASDAQ|2019|12|13|15|30|7400|37.07|36.52|37.07|36.720001|0.0||
ARTNA|80|NASDAQ|2019|12|12|15|30|12200|37.290001|36.66|36.84|37.23|0.0||
ARTNA|81|NASDAQ|2019|12|11|15|30|8000|37.709999|37.049999|37.27|37.400002|0.0||
ARTNA|82|NASDAQ|2019|12|10|15|30|9300|37.450001|37.07|37.400002|37.25|0.0||
ARTNA|83|NASDAQ|2019|12|9|15|30|7800|37.830002|37.040001|37.130001|37.830002|0.0||
ARTNA|84|NASDAQ|2019|12|6|15|30|16200|37.84|37.009998|37.709999|37.009998|0.0||
ARTNA|85|NASDAQ|2019|12|5|15|30|5300|37.669998|37.040001|37.369999|37.669998|0.0||
ARTNA|86|NASDAQ|2019|12|4|15|30|6200|37.709999|37.34|37.439999|37.59|0.0||
ARTNA|87|NASDAQ|2019|12|3|15|30|6500|37.439999|36.84|37.400002|36.880001|0.0||
ARTNA|88|NASDAQ|2019|12|2|15|30|8100|37.27|36.799999|37.119999|37.27|0.0||
ARTNA|89|NASDAQ|2019|11|29|15|30|3900|37.59|37.200001|37.200001|37.32|0.0||
ARTNA|90|NASDAQ|2019|11|27|15|30|7100|37.740002|37.029999|37.400002|37.07|0.0||
ARTNA|91|NASDAQ|2019|11|26|15|30|16700|37.360001|36.84|37.23|36.84|0.0||
ARTNA|92|NASDAQ|2019|11|25|15|30|12900|37.099998|36.27|37.099998|36.529999|0.0||
ARTNA|93|NASDAQ|2019|11|22|15|30|15200|36.689999|36.0|36.689999|36.650002|0.0||
ARTNA|94|NASDAQ|2019|11|21|15|30|7000|37.25|36.16|36.209999|37.25|0.0||
ARTNA|95|NASDAQ|2019|11|20|15|30|16800|37.43|36.59|37.0|36.59|0.0||
ARTNA|96|NASDAQ|2019|11|19|15|30|9200|36.740002|36.240002|36.740002|36.360001|0.0||
ARTNA|97|NASDAQ|2019|11|18|15|30|6400|36.639999|36.209999|36.59|36.48|0.0||
ARTNA|98|NASDAQ|2019|11|15|15|30|14400|36.82|36.41|36.41|36.599998|0.0||
ARTNA|99|NASDAQ|2019|11|14|15|30|6500|37.32|36.41|36.41|36.919998|0.0||
ARTNA|100|NASDAQ|2019|11|13|15|30|8900|37.110001|36.52|37.110001|36.529999|0.0||
ARTNA|101|NASDAQ|2019|11|12|15|30|6000|36.84|36.450001|36.52|36.650002|0.0||
ARTNA|102|NASDAQ|2019|11|11|15|30|9500|37.029999|36.599998|36.779999|37.02|0.0||
ARTNA|103|NASDAQ|2019|11|8|15|30|6500|37.279999|37.0|37.150002|37.220001|0.0||
ARTNA|104|NASDAQ|2019|11|7|15|30|8600|37.27|36.82|37.040001|37.139999|0.0||
ARTNA|105|NASDAQ|2019|11|6|15|30|11900|37.380001|36.709999|37.099998|37.16|0.0||
ARTNA|106|NASDAQ|2019|11|5|15|30|9000|37.369999|36.650002|37.369999|37.150002|0.0||
ARTNA|107|NASDAQ|2019|11|4|15|30|10100|37.169998|36.610001|37.169998|36.919998|0.0||
ARTNA|108|NASDAQ|2019|11|1|14|30|10800|37.389999|37.099998|37.349998|37.290001|0.0||
ARTNA|109|NASDAQ|2019|10|31|14|30|7600|37.169998|36.689999|37.099998|36.779999|0.0||
ARTNA|110|NASDAQ|2019|10|30|14|30|7100|37.139999|36.73|37.09|36.799999|0.0||
ARTNA|111|NASDAQ|2019|10|29|14|30|7100|37.029999|36.450001|36.959999|36.549999|0.0||
ARTNA|112|NASDAQ|2019|10|28|14|30|9000|37.0|36.650002|36.75|36.779999|0.0||
ARTNA|113|NASDAQ|2019|10|25|15|30|5200|37.139999|36.639999|36.639999|37.02|0.0||
ARTNA|114|NASDAQ|2019|10|24|15|30|13900|37.200001|36.759998|37.130001|37.110001|0.0||
ARTNA|115|NASDAQ|2019|10|23|15|30|15200|37.75|36.880001|37.220001|37.549999|0.0||
ARTNA|116|NASDAQ|2019|10|22|15|30|23500|37.84|37.119999|37.299999|37.700001|0.0||
ARTNA|117|NASDAQ|2019|10|21|15|30|17000|37.82|37.349998|37.73|37.48|0.0||
ARTNA|118|NASDAQ|2019|10|18|15|30|20600|37.290001|36.669998|37.240002|36.82|0.0||
ARTNA|119|NASDAQ|2019|10|17|15|30|34100|37.5|36.799999|36.849998|36.799999|0.0||
ARTNA|120|NASDAQ|2019|10|16|15|30|40000|36.900002|36.139999|36.68|36.150002|0.0||
ARTNA|121|NASDAQ|2019|10|15|15|30|27300|36.650002|35.880001|35.900002|36.189999|0.0||
ARTNA|122|NASDAQ|2019|10|14|15|30|7200|36.66|36.279999|36.41|36.59|0.0||
ARTNA|123|NASDAQ|2019|10|11|15|30|18200|37.450001|36.73|36.73|36.869999|||
ARTNA|124|NASDAQ|2019|10|10|15|30|5800|37.150002|36.509998|37.009998|37.029999|||
ARTNA|125|NASDAQ|2019|10|9|15|30|4600|37.150002|36.52|36.82|36.709999|||
ARTNA|126|NASDAQ|2019|10|8|15|30|6700|36.900002|36.610001|36.759998|36.700001|||
ARYA|1|NASDAQ|2020|4|7|15|30|500|10.35|10.35|10.35|10.35|||
ARYA|2|NASDAQ|2020|4|6|15|30|1500|10.35|10.255|10.35|10.255|||
ARYA|3|NASDAQ|2020|4|3|15|30|10100|10.35|10.15|10.35|10.15|||
ARYA|4|NASDAQ|2020|4|2|15|30|0|10.25|10.25|10.25|10.25|||
ARYA|5|NASDAQ|2020|4|1|15|30|181500|10.25|10.12|10.25|10.2|0.0||
ARYA|6|NASDAQ|2020|3|31|15|30|76500|10.2|10.18|10.18|10.2|0.0||
ARYA|7|NASDAQ|2020|3|30|15|30|900|10.3|10.3|10.3|10.3|0.0||
ARYA|8|NASDAQ|2020|3|27|14|30|15500|10.35|10.231|10.25|10.34|0.0||
ARYA|9|NASDAQ|2020|3|26|14|30|37700|10.23|10.16|10.23|10.16|0.0||
ARYA|10|NASDAQ|2020|3|25|14|30|2000|10.16|10.02|10.16|10.07|0.0||
ARYA|11|NASDAQ|2020|3|24|14|30|28700|10.08|10.08|10.08|10.08|0.0||
ARYA|12|NASDAQ|2020|3|23|14|30|197600|10.2|9.9|9.99|10.2|0.0||
ARYA|13|NASDAQ|2020|3|20|14|30|300|10.2|10.2|10.2|10.2|0.0||
ARYA|14|NASDAQ|2020|3|19|14|30|177700|10.15|10.1|10.15|10.15|0.0||
ARYA|15|NASDAQ|2020|3|18|14|30|60000|10.26|10.09|10.14|10.15|0.0||
ARYA|16|NASDAQ|2020|3|17|14|30|213800|10.58|10.15|10.25|10.58|0.0||
ARYA|17|NASDAQ|2020|3|16|14|30|63300|9.841|9.841|9.841|9.841|0.0||
ARYA|18|NASDAQ|2020|3|13|14|30|179300|10.25|10.2|10.2|10.25|0.0||
ARYA|19|NASDAQ|2020|3|12|14|30|7400|10.5|10.25|10.25|10.49|0.0||
ARYA|20|NASDAQ|2020|3|11|14|30|12000|10.57|10.51|10.51|10.56|0.0||
ARYA|21|NASDAQ|2020|3|10|14|30|0|10.588|10.588|10.588|10.588|0.0||
ARYA|22|NASDAQ|2020|3|9|14|30|0|10.588|10.588|10.588|10.588|0.0||
ARYA|23|NASDAQ|2020|3|6|15|30|0|10.588|10.588|10.588|10.588|0.0||
ARYA|24|NASDAQ|2020|3|5|15|30|0|10.588|10.588|10.588|10.588|0.0||
ARYA|25|NASDAQ|2020|3|4|15|30|0|10.588|10.588|10.588|10.588|0.0||
ARYA|26|NASDAQ|2020|3|3|15|30|5000|10.75|10.588|10.588|10.75|0.0||
ARYA|27|NASDAQ|2020|3|2|15|30|0|10.68|10.68|10.68|10.68|0.0||
ARYA|28|NASDAQ|2020|2|28|15|30|2700|10.75|10.68|10.68|10.75|0.0||
ARYA|29|NASDAQ|2020|2|27|15|30|0|10.76|10.76|10.76|10.76|0.0||
ARYA|30|NASDAQ|2020|2|26|15|30|500|10.76|10.76|10.76|10.76|0.0||
ARYA|31|NASDAQ|2020|2|25|15|30|8300|10.82|10.55|10.786|10.6|0.0||
ARYA|32|NASDAQ|2020|2|24|15|30|500|10.84|10.84|10.84|10.84|0.0||
ARYA|33|NASDAQ|2020|2|21|15|30|20500|10.86|10.84|10.84|10.86|0.0||
ARYA|34|NASDAQ|2020|2|20|15|30|8600|10.85|10.823|10.85|10.85|0.0||
ARYA|35|NASDAQ|2020|2|19|15|30|27200|10.84|10.653|10.84|10.653|0.0||
ARYA|36|NASDAQ|2020|2|18|15|30|0|10.79|10.79|10.79|10.79|0.0||
ARYA|37|NASDAQ|2020|2|14|15|30|50500|10.79|10.65|10.79|10.65|0.0||
ARYA|38|NASDAQ|2020|2|13|15|30|1200|10.78|10.77|10.78|10.77|0.0||
ARYA|39|NASDAQ|2020|2|12|15|30|0|10.6|10.6|10.6|10.6|0.0||
ARYA|40|NASDAQ|2020|2|11|15|30|6200|11.547|10.576|10.6|11.547|0.0||
ARYA|41|NASDAQ|2020|2|10|15|30|0|10.7|10.7|10.7|10.7|0.0||
ARYA|42|NASDAQ|2020|2|7|15|30|0|10.7|10.7|10.7|10.7|0.0||
ARYA|43|NASDAQ|2020|2|6|15|30|2600|10.7|10.69|10.7|10.7|0.0||
ARYA|44|NASDAQ|2020|2|5|15|30|10200|10.7|10.605|10.7|10.605|0.0||
ARYA|45|NASDAQ|2020|2|4|15|30|4700|10.7|10.453|10.505999999999998|10.575|0.0||
ARYA|46|NASDAQ|2020|2|3|15|30|1000|10.629|10.629|10.629|10.629|0.0||
ARYA|47|NASDAQ|2020|1|31|15|30|1600|10.7|10.699000000000002|10.699000000000002|10.699000000000002|0.0||
ARYA|48|NASDAQ|2020|1|30|15|30|1200|10.69|10.6|10.69|10.6|0.0||
ARYA|49|NASDAQ|2020|1|29|15|30|2000|10.5|10.413|10.413|10.5|0.0||
ARYA|50|NASDAQ|2020|1|28|15|30|2000|10.6|10.526|10.6|10.526|0.0||
ARYA|51|NASDAQ|2020|1|27|15|30|3000|10.581|10.5|10.578|10.5|0.0||
ARYA|52|NASDAQ|2020|1|24|15|30|35000|10.685|10.61|10.61|10.685|0.0||
ARYA|53|NASDAQ|2020|1|23|15|30|191900|10.61|10.6|10.6|10.6|0.0||
ARYA|54|NASDAQ|2020|1|22|15|30|100|10.675|10.675|10.675|10.675|0.0||
ARYA|55|NASDAQ|2020|1|21|15|30|149900|10.691|10.6|10.6|10.691|0.0||
ARYA|56|NASDAQ|2020|1|17|15|30|4800|10.61|10.58|10.6|10.58|0.0||
ARYA|57|NASDAQ|2020|1|16|15|30|1000|10.6|10.6|10.6|10.6|0.0||
ARYA|58|NASDAQ|2020|1|15|15|30|0|10.55|10.55|10.55|10.55|0.0||
ARYA|59|NASDAQ|2020|1|14|15|30|5000|10.55|10.55|10.55|10.55|0.0||
ARYA|60|NASDAQ|2020|1|13|15|30|0|10.58|10.58|10.58|10.58|0.0||
ARYA|61|NASDAQ|2020|1|10|15|30|3000|10.58|10.58|10.58|10.58|0.0||
ARYA|62|NASDAQ|2020|1|9|15|30|9700|10.58|10.56|10.57|10.56|0.0||
ARYA|63|NASDAQ|2020|1|8|15|30|1500|10.57|10.509|10.57|10.509|0.0||
ARYA|64|NASDAQ|2020|1|7|15|30|0|10.618|10.618|10.618|10.618|0.0||
ARYA|65|NASDAQ|2020|1|6|15|30|0|10.618|10.618|10.618|10.618|0.0||
ARYA|66|NASDAQ|2020|1|3|15|30|2100|10.62|10.597|10.618|10.62|0.0||
ARYA|67|NASDAQ|2020|1|2|15|30|0|10.4|10.4|10.4|10.4|0.0||
ARYA|68|NASDAQ|2019|12|31|15|30|0|10.4|10.4|10.4|10.4|0.0||
ARYA|69|NASDAQ|2019|12|30|15|30|0|10.4|10.4|10.4|10.4|0.0||
ARYA|70|NASDAQ|2019|12|27|15|30|25300|10.44|10.39|10.4|10.41|0.0||
ARYA|71|NASDAQ|2019|12|26|15|30|40000|10.4|10.4|10.4|10.4|0.0||
ARYA|72|NASDAQ|2019|12|24|15|30|200|10.4|10.4|10.4|10.4|0.0||
ARYA|73|NASDAQ|2019|12|23|15|30|0|10.45|10.45|10.45|10.45|0.0||
ARYA|74|NASDAQ|2019|12|20|15|30|6500|10.45|10.4|10.45|10.4|0.0||
ARYA|75|NASDAQ|2019|12|19|15|30|207000|10.35|10.35|10.35|10.35|0.0||
ARYA|76|NASDAQ|2019|12|18|15|30|1100|10.34|10.34|10.34|10.34|0.0||
ARYA|77|NASDAQ|2019|12|17|15|30|9100|10.32|10.32|10.32|10.32|0.0||
ARYA|78|NASDAQ|2019|12|16|15|30|0|10.315|10.315|10.315|10.315|0.0||
ARYA|79|NASDAQ|2019|12|13|15|30|0|10.315|10.315|10.315|10.315|0.0||
ARYA|80|NASDAQ|2019|12|12|15|30|0|10.315|10.315|10.315|10.315|0.0||
ARYA|81|NASDAQ|2019|12|11|15|30|0|10.315|10.315|10.315|10.315|0.0||
ARYA|82|NASDAQ|2019|12|10|15|30|0|10.315|10.315|10.315|10.315|0.0||
ARYA|83|NASDAQ|2019|12|9|15|30|0|10.315|10.315|10.315|10.315|0.0||
ARYA|84|NASDAQ|2019|12|6|15|30|8100|10.32|10.315|10.315|10.32|0.0||
ARYA|85|NASDAQ|2019|12|5|15|30|600|10.46|10.4|10.4|10.46|0.0||
ARYA|86|NASDAQ|2019|12|4|15|30|1000|10.58|10.32|10.58|10.32|0.0||
ARYA|87|NASDAQ|2019|12|3|15|30|11900|10.84|10.31|10.84|10.31|0.0||
ARYA|88|NASDAQ|2019|12|2|15|30|1500|10.31|10.28|10.3|10.31|0.0||
ARYA|89|NASDAQ|2019|11|29|15|30|700|10.33|10.31|10.33|10.31|0.0||
ARYA|90|NASDAQ|2019|11|27|15|30|200|10.29|10.29|10.29|10.29|0.0||
ARYA|91|NASDAQ|2019|11|26|15|30|0|10.2|10.2|10.2|10.2|0.0||
ARYA|92|NASDAQ|2019|11|25|15|30|403500|10.33|10.2|10.2|10.33|0.0||
ARYA|93|NASDAQ|2019|11|22|15|30|0|10.3|10.3|10.3|10.3|0.0||
ARYA|94|NASDAQ|2019|11|21|15|30|0|10.3|10.3|10.3|10.3|0.0||
ARYA|95|NASDAQ|2019|11|20|15|30|0|10.3|10.3|10.3|10.3|0.0||
ARYA|96|NASDAQ|2019|11|19|15|30|400|10.3|10.3|10.3|10.3|0.0||
ARYA|97|NASDAQ|2019|11|18|15|30|0|10.26|10.26|10.26|10.26|0.0||
ARYA|98|NASDAQ|2019|11|15|15|30|0|10.26|10.26|10.26|10.26|0.0||
ARYA|99|NASDAQ|2019|11|14|15|30|1000|10.26|10.26|10.26|10.26|0.0||
ARYA|100|NASDAQ|2019|11|13|15|30|100|10.25|10.25|10.25|10.25|0.0||
ARYA|101|NASDAQ|2019|11|12|15|30|0|10.25|10.25|10.25|10.25|0.0||
ARYA|102|NASDAQ|2019|11|11|15|30|0|10.25|10.25|10.25|10.25|0.0||
ARYA|103|NASDAQ|2019|11|8|15|30|200|10.25|10.25|10.25|10.25|0.0||
ARYA|104|NASDAQ|2019|11|7|15|30|300|10.27|10.27|10.27|10.27|0.0||
ARYA|105|NASDAQ|2019|11|6|15|30|200|10.28|10.28|10.28|10.28|0.0||
ARYA|106|NASDAQ|2019|11|5|15|30|0|10.27|10.27|10.27|10.27|0.0||
ARYA|107|NASDAQ|2019|11|4|15|30|0|10.27|10.27|10.27|10.27|0.0||
ARYA|108|NASDAQ|2019|11|1|14|30|1200|10.27|10.27|10.27|10.27|0.0||
ARYA|109|NASDAQ|2019|10|31|14|30|3600|10.26|10.2|10.2|10.26|0.0||
ARYA|110|NASDAQ|2019|10|30|14|30|0|10.25|10.25|10.25|10.25|0.0||
ARYA|111|NASDAQ|2019|10|29|14|30|200|10.25|10.25|10.25|10.25|0.0||
ARYA|112|NASDAQ|2019|10|28|14|30|400|10.35|10.27|10.27|10.35|0.0||
ARYA|113|NASDAQ|2019|10|25|15|30|300|10.24|10.24|10.24|10.24|0.0||
ARYA|114|NASDAQ|2019|10|24|15|30|200|10.21|10.21|10.21|10.21|0.0||
ARYA|115|NASDAQ|2019|10|23|15|30|700|10.22|10.201|10.22|10.22|0.0||
ARYA|116|NASDAQ|2019|10|22|15|30|0|10.18|10.18|10.18|10.18|0.0||
ARYA|117|NASDAQ|2019|10|21|15|30|2000|11.16|10.18|10.18|11.16|0.0||
ARYA|118|NASDAQ|2019|10|18|15|30|2000|10.16|10.16|10.16|10.16|0.0||
ARYA|119|NASDAQ|2019|10|17|15|30|200|10.24|10.24|10.24|10.24|0.0||
ARYA|120|NASDAQ|2019|10|16|15|30|700|10.23|10.2|10.23|10.23|0.0||
ARYA|121|NASDAQ|2019|10|15|15|30|500|10.23|10.23|10.23|10.23|0.0||
ARYA|122|NASDAQ|2019|10|14|15|30|0|10.27|10.27|10.27|10.27|||
ARYA|123|NASDAQ|2019|10|11|15|30|0|10.27|10.27|10.27|10.27|||
ARYA|124|NASDAQ|2019|10|10|15|30|0|10.27|10.27|10.27|10.27|||
ARYA|125|NASDAQ|2019|10|9|15|30|0|10.27|10.27|10.27|10.27|||
ARYA|126|NASDAQ|2019|10|8|15|30|1800|10.27|10.26|10.27|10.26|||
ASND|0|NASDAQ|2020|4|8|20|17|96126|124.760002|118.129997|120.449402|124.760002|||
ASND|1|NASDAQ|2020|4|7|15|30|216400|127.93|119.379997|121.800003|120.190002|||
ASND|2|NASDAQ|2020|4|6|15|30|414200|119.330002|114.875|118.330002|116.0|||
ASND|3|NASDAQ|2020|4|3|15|30|268400|115.470001|110.790001|112.0|110.790001|||
ASND|4|NASDAQ|2020|4|2|15|30|203000|115.389999|102.879997|110.870003|109.620003|||
ASND|5|NASDAQ|2020|4|1|15|30|364700|114.139999|108.879997|113.0|111.120003|0.0||
ASND|6|NASDAQ|2020|3|31|15|30|326100|116.5|109.644997|112.610001|116.389999|0.0||
ASND|7|NASDAQ|2020|3|30|15|30|198800|117.379997|113.264999|116.0|113.550003|0.0||
ASND|8|NASDAQ|2020|3|27|14|30|189800|116.364998|108.925003|113.410004|110.150002|0.0||
ASND|9|NASDAQ|2020|3|26|14|30|275400|116.0|109.019997|113.150002|111.610001|0.0||
ASND|10|NASDAQ|2020|3|25|14|30|201300|115.730003|110.059998|110.949997|112.529999|0.0||
ASND|11|NASDAQ|2020|3|24|14|30|171200|114.5|103.808998|112.220001|106.290001|0.0||
ASND|12|NASDAQ|2020|3|23|14|30|225900|107.514999|96.239998|101.25|102.300003|0.0||
ASND|13|NASDAQ|2020|3|20|14|30|142200|110.860001|99.519997|102.480003|105.0|0.0||
ASND|14|NASDAQ|2020|3|19|14|30|224300|103.220001|94.845001|101.040001|98.739998|0.0||
ASND|15|NASDAQ|2020|3|18|14|30|194800|101.239998|92.0|98.400002|95.879997|1.0||
ASND|16|NASDAQ|2020|3|17|14|30|292600|102.474998|95.875|98.290001|97.099998|0.0||
ASND|17|NASDAQ|2020|3|16|14|30|411000|104.279999|95.800003|97.010002|99.209999|0.0||
ASND|18|NASDAQ|2020|3|13|14|30|332700|110.410004|98.375|109.32|107.5|0.0||
ASND|19|NASDAQ|2020|3|12|14|30|337100|115.550003|97.010002|106.0|115.550003|0.0||
ASND|20|NASDAQ|2020|3|11|14|30|308500|127.389999|117.464996|118.529999|124.419998|0.0||
ASND|21|NASDAQ|2020|3|10|14|30|204700|130.05200200000002|120.199997|127.610001|129.580002|0.0||
ASND|22|NASDAQ|2020|3|9|14|30|169700|130.5|123.959999|126.089996|127.809998|0.0||
ASND|23|NASDAQ|2020|3|6|15|30|109900|131.25|127.650002|129.929993|128.089996|0.0||
ASND|24|NASDAQ|2020|3|5|15|30|129900|132.990005|127.830002|131.820007|131.119995|0.0||
ASND|25|NASDAQ|2020|3|4|15|30|143200|135.535004|130.009995|133.009995|134.520004|0.0||
ASND|26|NASDAQ|2020|3|3|15|30|124700|137.21000700000002|125.529999|131.570007|135.5|0.0||
ASND|27|NASDAQ|2020|3|2|15|30|184200|138.46000700000002|128.255005|135.320007|132.279999|0.0||
ASND|28|NASDAQ|2020|2|28|15|30|281100|130.570007|124.080002|130.380005|126.940002|0.0||
ASND|29|NASDAQ|2020|2|27|15|30|309200|131.619995|122.425003|130.020004|128.199997|0.0||
ASND|30|NASDAQ|2020|2|26|15|30|224200|133.16499299999998|125.300003|129.759995|130.199997|0.0||
ASND|31|NASDAQ|2020|2|25|15|30|107100|137.279999|128.850006|130.25|136.649994|0.0||
ASND|32|NASDAQ|2020|2|24|15|30|90800|140.0|134.009995|135.830002|140.0|0.0||
ASND|33|NASDAQ|2020|2|21|15|30|71100|145.589996|140.770004|141.899994|145.110001|0.0||
ASND|34|NASDAQ|2020|2|20|15|30|91200|145.25|142.059998|145.110001|144.169998|0.0||
ASND|35|NASDAQ|2020|2|19|15|30|93400|145.550003|142.770004|144.169998|142.770004|0.0||
ASND|36|NASDAQ|2020|2|18|15|30|121600|142.71000700000005|139.160004|141.649994|141.199997|0.0||
ASND|37|NASDAQ|2020|2|14|15|30|127400|141.619995|139.309998|141.009995|139.660004|0.0||
ASND|38|NASDAQ|2020|2|13|15|30|161300|143.759995|138.330002|139.380005|142.380005|0.0||
ASND|39|NASDAQ|2020|2|12|15|30|93200|143.949997|140.240005|143.729996|142.860001|0.0||
ASND|40|NASDAQ|2020|2|11|15|30|71500|145.28999299999995|142.669998|142.759995|144.830002|0.0||
ASND|41|NASDAQ|2020|2|10|15|30|62500|145.169998|142.020004|143.809998|144.429993|0.0||
ASND|42|NASDAQ|2020|2|7|15|30|96400|144.990005|140.654999|143.5|142.529999|0.0||
ASND|43|NASDAQ|2020|2|6|15|30|103900|144.99899299999996|140.360001|142.550003|144.020004|0.0||
ASND|44|NASDAQ|2020|2|5|15|30|117600|144.75|139.809998|142.770004|141.119995|0.0||
ASND|45|NASDAQ|2020|2|4|15|30|116400|142.220001|138.389999|140.559998|142.070007|0.0||
ASND|46|NASDAQ|2020|2|3|15|30|197700|140.990005|135.475006|140.050003|136.490005|0.0||
ASND|47|NASDAQ|2020|1|31|15|30|145000|135.932999|132.630005|135.100006|133.419998|0.0||
ASND|48|NASDAQ|2020|1|30|15|30|111800|135.470001|133.089996|133.800003|135.009995|0.0||
ASND|49|NASDAQ|2020|1|29|15|30|126000|137.399994|134.320007|135.940002|135.550003|0.0||
ASND|50|NASDAQ|2020|1|28|15|30|131400|138.369995|134.740005|135.979996|137.729996|0.0||
ASND|51|NASDAQ|2020|1|27|15|30|99500|137.050003|132.92799399999998|136.029999|133.020004|0.0||
ASND|52|NASDAQ|2020|1|24|15|30|117200|137.419998|133.369995|135.800003|137.419998|0.0||
ASND|53|NASDAQ|2020|1|23|15|30|200500|138.559998|131.179993|137.0|133.440002|0.0||
ASND|54|NASDAQ|2020|1|22|15|30|159300|140.399994|132.949997|133.600006|140.330002|0.0||
ASND|55|NASDAQ|2020|1|21|15|30|104700|142.33500700000005|138.720001|139.899994|138.720001|0.0||
ASND|56|NASDAQ|2020|1|17|15|30|216800|141.880997|136.669998|139.130005|140.149994|0.0||
ASND|57|NASDAQ|2020|1|16|15|30|92700|140.899994|138.059998|140.470001|139.630005|0.0||
ASND|58|NASDAQ|2020|1|15|15|30|141200|142.940002|138.520004|139.199997|139.259995|0.0||
ASND|59|NASDAQ|2020|1|14|15|30|248500|139.600006|136.175995|138.820007|137.559998|0.0||
ASND|60|NASDAQ|2020|1|13|15|30|224100|139.83500700000002|135.360001|137.880005|137.720001|0.0||
ASND|61|NASDAQ|2020|1|10|15|30|328700|141.645004|136.996002|137.350006|139.880005|0.0||
ASND|62|NASDAQ|2020|1|9|15|30|206000|140.199997|137.0|139.380005|138.5|0.0||
ASND|63|NASDAQ|2020|1|8|15|30|272500|139.0|133.25|138.080002|134.970001|0.0||
ASND|64|NASDAQ|2020|1|7|15|30|218500|134.990005|131.809998|134.71000700000002|134.119995|0.0||
ASND|65|NASDAQ|2020|1|6|15|30|341700|136.494003|129.399994|134.28999299999998|136.259995|0.0||
ASND|66|NASDAQ|2020|1|3|15|30|169800|140.53999299999998|135.824997|137.130005|140.0|0.0||
ASND|67|NASDAQ|2020|1|2|15|30|436700|142.0|137.03999299999998|141.130005|140.53999299999998|0.0||
ASND|68|NASDAQ|2019|12|31|15|30|191500|140.149994|135.220001|139.119995|136.160004|0.0||
ASND|69|NASDAQ|2019|12|30|15|30|140400|136.179993|131.350006|135.970001|135.449997|0.0||
ASND|70|NASDAQ|2019|12|27|15|30|274200|138.0|132.53999299999998|135.070007|138.0|0.0||
ASND|71|NASDAQ|2019|12|26|15|30|387500|137.570007|131.089996|136.830002|131.570007|0.0||
ASND|72|NASDAQ|2019|12|24|15|30|66000|131.830002|128.559998|131.410004|129.899994|0.0||
ASND|73|NASDAQ|2019|12|23|15|30|267400|131.0|126.900002|129.899994|128.0|0.0||
ASND|74|NASDAQ|2019|12|20|15|30|299400|127.5|123.455002|127.0|124.760002|0.0||
ASND|75|NASDAQ|2019|12|19|15|30|268900|126.980003|121.919998|125.970001|122.440002|0.0||
ASND|76|NASDAQ|2019|12|18|15|30|200600|124.626999|120.699997|122.769997|124.349998|0.0||
ASND|77|NASDAQ|2019|12|17|15|30|423600|125.989998|117.529999|124.510002|118.5|0.0||
ASND|78|NASDAQ|2019|12|16|15|30|375800|118.18|114.589996|118.07|118.0|0.0||
ASND|79|NASDAQ|2019|12|13|15|30|190900|118.050003|115.160004|115.190002|117.699997|0.0||
ASND|80|NASDAQ|2019|12|12|15|30|214000|118.864998|108.432999|117.660004|111.379997|0.0||
ASND|81|NASDAQ|2019|12|11|15|30|316000|110.970001|106.639999|110.050003|108.980003|1.0||
ASND|82|NASDAQ|2019|12|10|15|30|499700|108.790001|103.790001|108.0|105.709999|0.0||
ASND|83|NASDAQ|2019|12|9|15|30|253700|108.519997|105.309998|105.919998|107.690002|0.0||
ASND|84|NASDAQ|2019|12|6|15|30|382700|110.926003|107.080002|107.559998|109.730003|0.0||
ASND|85|NASDAQ|2019|12|5|15|30|389500|117.150002|108.160004|109.790001|115.910004|0.0||
ASND|86|NASDAQ|2019|12|4|15|30|144700|117.5|111.730003|116.239998|113.849998|0.0||
ASND|87|NASDAQ|2019|12|3|15|30|139600|114.5|109.699997|113.75|109.699997|0.0||
ASND|88|NASDAQ|2019|12|2|15|30|185200|116.970001|110.559998|110.660004|115.699997|0.0||
ASND|89|NASDAQ|2019|11|29|15|30|80500|115.910004|112.650002|115.18|112.650002|0.0||
ASND|90|NASDAQ|2019|11|27|15|30|274500|118.730003|113.370003|113.550003|118.07|0.0||
ASND|91|NASDAQ|2019|11|26|15|30|144300|119.970001|117.544998|117.860001|119.230003|0.0||
ASND|92|NASDAQ|2019|11|25|15|30|455900|120.440002|113.25|119.279999|114.269997|0.0||
ASND|93|NASDAQ|2019|11|22|15|30|122900|114.739998|111.370003|113.279999|113.849998|0.0||
ASND|94|NASDAQ|2019|11|21|15|30|209400|118.860001|113.507004|113.839996|117.550003|0.0||
ASND|95|NASDAQ|2019|11|20|15|30|631500|120.580002|113.550003|117.599998|113.550003|0.0||
ASND|96|NASDAQ|2019|11|19|15|30|773200|117.449997|105.309998|113.459999|110.5|0.0||
ASND|97|NASDAQ|2019|11|18|15|30|722700|112.529999|103.120003|106.980003|112.519997|0.0||
ASND|98|NASDAQ|2019|11|15|15|30|283700|113.625|108.419998|112.510002|111.489998|0.0||
ASND|99|NASDAQ|2019|11|14|15|30|88400|114.160004|110.980003|111.599998|112.790001|0.0||
ASND|100|NASDAQ|2019|11|13|15|30|95000|114.779999|110.669998|113.059998|110.669998|0.0||
ASND|101|NASDAQ|2019|11|12|15|30|382900|114.504997|110.510002|111.239998|112.699997|0.0||
ASND|102|NASDAQ|2019|11|11|15|30|88000|114.375|112.510002|113.269997|112.510002|0.0||
ASND|103|NASDAQ|2019|11|8|15|30|82300|113.900002|112.389999|113.449997|112.419998|0.0||
ASND|104|NASDAQ|2019|11|7|15|30|81400|115.664001|111.779999|112.860001|114.989998|0.0||
ASND|105|NASDAQ|2019|11|6|15|30|174100|115.529999|113.050003|113.57|113.800003|0.0||
ASND|106|NASDAQ|2019|11|5|15|30|254500|115.559998|110.220001|114.400002|111.639999|0.0||
ASND|107|NASDAQ|2019|11|4|15|30|141900|112.379997|109.690002|110.699997|112.379997|0.0||
ASND|108|NASDAQ|2019|11|1|14|30|252600|111.739998|109.57|110.870003|111.339996|0.0||
ASND|109|NASDAQ|2019|10|31|14|30|150500|110.714996|108.050003|110.580002|109.449997|0.0||
ASND|110|NASDAQ|2019|10|30|14|30|133800|109.559998|107.75|109.089996|109.300003|0.0||
ASND|111|NASDAQ|2019|10|29|14|30|178100|109.980003|104.550003|109.0|105.410004|0.0||
ASND|112|NASDAQ|2019|10|28|14|30|110000|105.360001|103.160004|105.089996|103.910004|0.0||
ASND|113|NASDAQ|2019|10|25|15|30|260700|106.809998|103.360001|103.459999|104.82|0.0||
ASND|114|NASDAQ|2019|10|24|15|30|587900|107.660004|105.099998|105.190002|105.830002|0.0||
ASND|115|NASDAQ|2019|10|23|15|30|268800|108.839996|104.980003|105.599998|107.029999|0.0||
ASND|116|NASDAQ|2019|10|22|15|30|259900|109.639999|103.089996|107.019997|103.940002|0.0||
ASND|117|NASDAQ|2019|10|21|15|30|258300|104.279999|97.889999|103.360001|98.889999|0.0||
ASND|118|NASDAQ|2019|10|18|15|30|125900|100.0|97.845001|98.889999|100.0|0.0||
ASND|119|NASDAQ|2019|10|17|15|30|140400|102.800003|98.889999|100.080002|101.120003|0.0||
ASND|120|NASDAQ|2019|10|16|15|30|120000|101.540001|99.730003|101.080002|101.510002|0.0||
ASND|121|NASDAQ|2019|10|15|15|30|202800|101.889999|94.889999|100.720001|94.889999|0.0||
ASND|122|NASDAQ|2019|10|14|15|30|180900|95.360001|93.110001|94.610001|94.760002|0.0||
ASND|123|NASDAQ|2019|10|11|15|30|309500|96.529999|91.959999|95.089996|91.959999|||
ASND|124|NASDAQ|2019|10|10|15|30|240800|92.455002|90.922997|92.330002|91.559998|||
ASND|125|NASDAQ|2019|10|9|15|30|173300|92.860001|90.885002|91.449997|92.860001|||
ASND|126|NASDAQ|2019|10|8|15|30|174200|93.290001|90.059998|92.540001|93.290001|||
ASPU|0|NASDAQ|2020|4|8|20|8|52819|7.47|7.165|7.43|7.22|||
ASPU|1|NASDAQ|2020|4|7|15|30|152800|7.18|6.67|7.18|6.85|||
ASPU|2|NASDAQ|2020|4|6|15|30|61900|6.87|6.55|6.74|6.76|||
ASPU|3|NASDAQ|2020|4|3|15|30|138300|6.97|6.39|6.61|6.77|||
ASPU|4|NASDAQ|2020|4|2|15|30|98800|7.2|6.7|6.75|6.78|||
ASPU|5|NASDAQ|2020|4|1|15|30|207000|7.75|6.56|6.91|7.75|0.0||
ASPU|6|NASDAQ|2020|3|31|15|30|166000|8.095|7.57|7.99|8.01|0.0||
ASPU|7|NASDAQ|2020|3|30|15|30|145500|8.03|7.4|8.02|7.69|0.0||
ASPU|8|NASDAQ|2020|3|27|14|30|74000|7.67|7.14|7.63|7.63|0.0||
ASPU|9|NASDAQ|2020|3|26|14|30|88400|7.9|7.12|7.84|7.12|0.0||
ASPU|10|NASDAQ|2020|3|25|14|30|78300|7.595|7.03|7.04|7.24|0.0||
ASPU|11|NASDAQ|2020|3|24|14|30|151800|7.93|7.04|7.23|7.75|0.0||
ASPU|12|NASDAQ|2020|3|23|14|30|329400|7.8|6.98|7.79|7.79|0.0||
ASPU|13|NASDAQ|2020|3|20|14|30|386200|7.79|6.5470000000000015|7.75|6.57|0.0||
ASPU|14|NASDAQ|2020|3|19|14|30|191700|6.56|5.4|6.5|5.6|0.0||
ASPU|15|NASDAQ|2020|3|18|14|30|273700|5.52|4.65|5.52|5.2|1.0||
ASPU|16|NASDAQ|2020|3|17|14|30|139400|5.53|5.11|5.33|5.21|1.0||
ASPU|17|NASDAQ|2020|3|16|14|30|176800|5.624|5.12|5.14|5.52|1.0||
ASPU|18|NASDAQ|2020|3|13|14|30|369900|6.11|5.765|5.96|6.03|0.0||
ASPU|19|NASDAQ|2020|3|12|14|30|480700|6.25|5.62|5.82|6.07|0.0||
ASPU|20|NASDAQ|2020|3|11|14|30|416000|7.6|6.2|6.34|7.6|0.0||
ASPU|21|NASDAQ|2020|3|10|14|30|132500|8.21|7.52|7.97|7.94|0.0||
ASPU|22|NASDAQ|2020|3|9|14|30|149600|8.3|7.79|7.8|8.28|0.0||
ASPU|23|NASDAQ|2020|3|6|15|30|93000|8.88|8.44|8.67|8.76|0.0||
ASPU|24|NASDAQ|2020|3|5|15|30|76400|9.19|8.84|8.9|9.17|0.0||
ASPU|25|NASDAQ|2020|3|4|15|30|110700|9.3|8.88|9.3|9.04|0.0||
ASPU|26|NASDAQ|2020|3|3|15|30|69200|9.08|8.7|8.97|8.84|0.0||
ASPU|27|NASDAQ|2020|3|2|15|30|103700|8.94|8.6|8.8|8.79|0.0||
ASPU|28|NASDAQ|2020|2|28|15|30|261800|9.39|8.58|8.78|9.23|0.0||
ASPU|29|NASDAQ|2020|2|27|15|30|149200|9.67|9.22|9.52|9.5|0.0||
ASPU|30|NASDAQ|2020|2|26|15|30|146400|9.9|9.6|9.63|9.75|0.0||
ASPU|31|NASDAQ|2020|2|25|15|30|260300|10.01|9.53|9.73|9.92|0.0||
ASPU|32|NASDAQ|2020|2|24|15|30|158400|9.96|9.685|9.96|9.95|0.0||
ASPU|33|NASDAQ|2020|2|21|15|30|184300|10.16|9.645|10.12|9.9|0.0||
ASPU|34|NASDAQ|2020|2|20|15|30|306500|9.9|9.56|9.86|9.59|0.0||
ASPU|35|NASDAQ|2020|2|19|15|30|233000|9.69|9.25|9.59|9.65|0.0||
ASPU|36|NASDAQ|2020|2|18|15|30|281100|9.69|8.9|9.52|9.69|0.0||
ASPU|37|NASDAQ|2020|2|14|15|30|142800|10.1|9.62|9.72|10.06|0.0||
ASPU|38|NASDAQ|2020|2|13|15|30|182400|10.24|9.92|10.02|10.15|0.0||
ASPU|39|NASDAQ|2020|2|12|15|30|114900|10.21|10.01|10.18|10.16|0.0||
ASPU|40|NASDAQ|2020|2|11|15|30|95900|10.17|10.0|10.09|10.05|0.0||
ASPU|41|NASDAQ|2020|2|10|15|30|145600|10.208|9.99|10.05|10.12|0.0||
ASPU|42|NASDAQ|2020|2|7|15|30|237500|10.27|9.95|10.05|10.02|0.0||
ASPU|43|NASDAQ|2020|2|6|15|30|320700|10.18|9.6|9.98|9.63|0.0||
ASPU|44|NASDAQ|2020|2|5|15|30|207600|9.65|9.47|9.56|9.62|0.0||
ASPU|45|NASDAQ|2020|2|4|15|30|168500|9.53|9.15|9.49|9.15|0.0||
ASPU|46|NASDAQ|2020|2|3|15|30|207500|9.34|8.71|9.13|8.73|0.0||
ASPU|47|NASDAQ|2020|1|31|15|30|139000|8.75|8.547|8.74|8.58|1.0||
ASPU|48|NASDAQ|2020|1|30|15|30|107200|8.795|8.42|8.62|8.48|0.0||
ASPU|49|NASDAQ|2020|1|29|15|30|232900|8.7|8.32|8.54|8.32|0.0||
ASPU|50|NASDAQ|2020|1|28|15|30|53100|8.4|8.17|8.31|8.19|0.0||
ASPU|51|NASDAQ|2020|1|27|15|30|108800|8.2|7.96|8.17|8.0|0.0||
ASPU|52|NASDAQ|2020|1|24|15|30|192100|8.63|8.1|8.16|8.55|0.0||
ASPU|53|NASDAQ|2020|1|23|15|30|173300|8.47|7.95|8.45|8.34|0.0||
ASPU|54|NASDAQ|2020|1|22|15|30|280000|8.67|8.39|8.45|8.45|0.0||
ASPU|55|NASDAQ|2020|1|21|15|30|647500|8.38|7.5|8.36|7.55|0.0||
ASPU|56|NASDAQ|2020|1|17|15|30|583300|7.85|7.45|7.65|7.6|0.0||
ASPU|57|NASDAQ|2020|1|16|15|30|91400|8.47|7.96|7.96|8.35|0.0||
ASPU|58|NASDAQ|2020|1|15|15|30|211400|8.64|8.21|8.3|8.62|0.0||
ASPU|59|NASDAQ|2020|1|14|15|30|226500|8.57|8.02|8.54|8.2|0.0||
ASPU|60|NASDAQ|2020|1|13|15|30|305900|8.42|7.78|8.13|7.9|0.0||
ASPU|61|NASDAQ|2020|1|10|15|30|118900|7.87|7.72|7.87|7.85|0.0||
ASPU|62|NASDAQ|2020|1|9|15|30|67100|8.08|7.85|7.86|8.08|0.0||
ASPU|63|NASDAQ|2020|1|8|15|30|78300|8.1|7.832000000000002|7.95|8.0|0.0||
ASPU|64|NASDAQ|2020|1|7|15|30|142600|8.06|7.78|8.06|7.89|0.0||
ASPU|65|NASDAQ|2020|1|6|15|30|69300|8.01|7.71|7.81|7.92|0.0||
ASPU|66|NASDAQ|2020|1|3|15|30|118600|8.32|7.93|7.97|8.32|0.0||
ASPU|67|NASDAQ|2020|1|2|15|30|161000|8.32|7.86|8.32|8.0|0.0||
ASPU|68|NASDAQ|2019|12|31|15|30|107400|8.0|7.607|8.0|7.64|0.0||
ASPU|69|NASDAQ|2019|12|30|15|30|28900|7.72|7.548999999999999|7.72|7.59|0.0||
ASPU|70|NASDAQ|2019|12|27|15|30|31300|7.71|7.505|7.6|7.63|0.0||
ASPU|71|NASDAQ|2019|12|26|15|30|14200|7.657|7.52|7.6|7.58|0.0||
ASPU|72|NASDAQ|2019|12|24|15|30|9700|7.78|7.58|7.63|7.74|0.0||
ASPU|73|NASDAQ|2019|12|23|15|30|23500|7.79|7.45|7.77|7.79|0.0||
ASPU|74|NASDAQ|2019|12|20|15|30|86800|7.75|7.28|7.75|7.31|0.0||
ASPU|75|NASDAQ|2019|12|19|15|30|76200|7.49|7.184|7.35|7.25|0.0||
ASPU|76|NASDAQ|2019|12|18|15|30|77600|7.25|7.075|7.2|7.2|0.0||
ASPU|77|NASDAQ|2019|12|17|15|30|50800|7.23|7.05|7.18|7.16|0.0||
ASPU|78|NASDAQ|2019|12|16|15|30|131100|7.369|7.03|7.22|7.36|0.0||
ASPU|79|NASDAQ|2019|12|13|15|30|355600|7.73|7.2|7.28|7.55|0.0||
ASPU|80|NASDAQ|2019|12|12|15|30|254700|7.693|7.46|7.55|7.51|0.0||
ASPU|81|NASDAQ|2019|12|11|15|30|506800|8.0|7.48|7.5|8.0|0.0||
ASPU|82|NASDAQ|2019|12|10|15|30|113900|7.039|6.9|6.9|7.0|0.0||
ASPU|83|NASDAQ|2019|12|9|15|30|45000|7.0|6.86|6.95|6.93|0.0||
ASPU|84|NASDAQ|2019|12|6|15|30|33800|7.09|6.81|6.92|6.93|0.0||
ASPU|85|NASDAQ|2019|12|5|15|30|20000|7.02|6.84|6.92|6.94|0.0||
ASPU|86|NASDAQ|2019|12|4|15|30|21600|7.0|6.83|6.84|6.9|0.0||
ASPU|87|NASDAQ|2019|12|3|15|30|29900|7.02|6.8|6.94|6.83|0.0||
ASPU|88|NASDAQ|2019|12|2|15|30|86900|6.94|6.66|6.89|6.707000000000002|0.0||
ASPU|89|NASDAQ|2019|11|29|15|30|11100|7.16|7.0|7.08|7.1|0.0||
ASPU|90|NASDAQ|2019|11|27|15|30|54300|7.21|7.01|7.05|7.07|0.0||
ASPU|91|NASDAQ|2019|11|26|15|30|61500|7.17|6.89|6.94|7.04|0.0||
ASPU|92|NASDAQ|2019|11|25|15|30|48800|7.14|6.82|6.97|7.04|0.0||
ASPU|93|NASDAQ|2019|11|22|15|30|69900|7.11|6.89|7.05|7.0|0.0||
ASPU|94|NASDAQ|2019|11|21|15|30|70600|7.11|6.79|7.05|6.95|0.0||
ASPU|95|NASDAQ|2019|11|20|15|30|76700|7.2|6.811|6.87|7.08|0.0||
ASPU|96|NASDAQ|2019|11|19|15|30|132000|7.437|7.03|7.14|7.09|0.0||
ASPU|97|NASDAQ|2019|11|18|15|30|105900|7.065|6.61|7.02|6.84|0.0||
ASPU|98|NASDAQ|2019|11|15|15|30|62300|7.05|6.66|6.85|7.02|0.0||
ASPU|99|NASDAQ|2019|11|14|15|30|63900|7.09|6.6|6.92|6.77|0.0||
ASPU|100|NASDAQ|2019|11|13|15|30|55300|6.89|6.65|6.68|6.71|0.0||
ASPU|101|NASDAQ|2019|11|12|15|30|36900|6.807|6.5120000000000005|6.71|6.74|0.0||
ASPU|102|NASDAQ|2019|11|11|15|30|149300|7.05|6.55|6.66|6.73|0.0||
ASPU|103|NASDAQ|2019|11|8|15|30|49000|6.6|6.34|6.44|6.41|0.0||
ASPU|104|NASDAQ|2019|11|7|15|30|31600|6.6789999999999985|6.34|6.41|6.6610000000000005|0.0||
ASPU|105|NASDAQ|2019|11|6|15|30|42200|6.99|6.46|6.51|6.99|0.0||
ASPU|106|NASDAQ|2019|11|5|15|30|247200|7.02|6.625|6.85|6.7|0.0||
ASPU|107|NASDAQ|2019|11|4|15|30|82200|6.67|6.375|6.6|6.44|0.0||
ASPU|108|NASDAQ|2019|11|1|14|30|33300|6.43|6.29|6.29|6.35|0.0||
ASPU|109|NASDAQ|2019|10|31|14|30|7600|6.454|6.15|6.25|6.454|0.0||
ASPU|110|NASDAQ|2019|10|30|14|30|73200|6.44|6.05|6.4|6.05|0.0||
ASPU|111|NASDAQ|2019|10|29|14|30|21400|6.2810000000000015|6.11|6.15|6.212999999999999|0.0||
ASPU|112|NASDAQ|2019|10|28|14|30|181300|6.43|6.02|6.18|6.03|0.0||
ASPU|113|NASDAQ|2019|10|25|15|30|15100|6.072|6.0|6.0|6.07|0.0||
ASPU|114|NASDAQ|2019|10|24|15|30|39400|6.19|5.91|6.02|6.0|0.0||
ASPU|115|NASDAQ|2019|10|23|15|30|27000|6.09|5.77|5.99|5.79|0.0||
ASPU|116|NASDAQ|2019|10|22|15|30|38500|6.0|5.81|5.81|6.0|0.0||
ASPU|117|NASDAQ|2019|10|21|15|30|61700|6.085|5.61|5.95|5.75|0.0||
ASPU|118|NASDAQ|2019|10|18|15|30|30600|5.8|5.589|5.73|5.69|0.0||
ASPU|119|NASDAQ|2019|10|17|15|30|96600|5.87|5.5|5.68|5.5|0.0||
ASPU|120|NASDAQ|2019|10|16|15|30|44200|5.52|5.27|5.5|5.3|0.0||
ASPU|121|NASDAQ|2019|10|15|15|30|19600|5.34|5.1960000000000015|5.28|5.21|0.0||
ASPU|122|NASDAQ|2019|10|14|15|30|98300|5.35|5.2|5.26|5.257999999999999|0.0||
ASPU|123|NASDAQ|2019|10|11|15|30|878400|5.37|5.0|5.25|5.07|||
ASPU|124|NASDAQ|2019|10|10|15|30|359900|5.2|5.005|5.05|5.005|||
ASPU|125|NASDAQ|2019|10|9|15|30|146800|5.23|4.95|5.0|5.04|||
ASPU|126|NASDAQ|2019|10|8|15|30|29300|5.22|4.99|5.13|5.22|||
ASRV|0|NASDAQ|2020|4|8|19|54|14514|2.59|2.55|2.55|2.56|||
ASRV|1|NASDAQ|2020|4|7|15|30|19200|2.76|2.56|2.56|2.76|||
ASRV|2|NASDAQ|2020|4|6|15|30|17000|2.86|2.7|2.75|2.83|||
ASRV|3|NASDAQ|2020|4|3|15|30|23300|2.74|2.56|2.74|2.67|||
ASRV|4|NASDAQ|2020|4|2|15|30|22400|2.8|2.56|2.59|2.79|||
ASRV|5|NASDAQ|2020|4|1|15|30|15300|2.8|2.57|2.79|2.62|0.0||
ASRV|6|NASDAQ|2020|3|31|15|30|28900|2.79|2.62|2.62|2.69|0.0||
ASRV|7|NASDAQ|2020|3|30|15|30|17200|2.7|2.61|2.66|2.64|0.0||
ASRV|8|NASDAQ|2020|3|27|14|30|34500|2.93|2.64|2.84|2.64|0.0||
ASRV|9|NASDAQ|2020|3|26|14|30|107900|2.65|2.36|2.65|2.45|0.0||
ASRV|10|NASDAQ|2020|3|25|14|30|43600|2.83|2.37|2.39|2.57|0.0||
ASRV|11|NASDAQ|2020|3|24|14|30|27600|2.67|2.54|2.56|2.6|0.0||
ASRV|12|NASDAQ|2020|3|23|14|30|105700|2.97|2.56|2.56|2.97|0.0||
ASRV|13|NASDAQ|2020|3|20|14|30|33400|3.31|2.98|3.04|3.21|0.0||
ASRV|14|NASDAQ|2020|3|19|14|30|32200|3.57|2.96|3.01|3.07|0.0||
ASRV|15|NASDAQ|2020|3|18|14|30|65200|3.46|3.02|3.1|3.45|0.0||
ASRV|16|NASDAQ|2020|3|17|14|30|14200|3.61|3.45|3.46|3.6|0.0||
ASRV|17|NASDAQ|2020|3|16|14|30|85900|3.66|3.4|3.53|3.66|0.0||
ASRV|18|NASDAQ|2020|3|13|14|30|11900|3.77|3.26|3.7|3.26|0.0||
ASRV|19|NASDAQ|2020|3|12|14|30|94100|3.8|3.2|3.2|3.75|0.0||
ASRV|20|NASDAQ|2020|3|11|14|30|96300|3.84|3.75|3.75|3.79|0.0||
ASRV|21|NASDAQ|2020|3|10|14|30|21400|3.88|3.75|3.75|3.75|0.0||
ASRV|22|NASDAQ|2020|3|9|14|30|66300|3.95|3.75|3.8|3.95|0.0||
ASRV|23|NASDAQ|2020|3|6|15|30|32500|3.99|3.95|3.95|3.96|0.0||
ASRV|24|NASDAQ|2020|3|5|15|30|33700|4.0|3.96|3.97|3.99|0.0||
ASRV|25|NASDAQ|2020|3|4|15|30|9800|4.0|3.98|3.98|3.98|0.0||
ASRV|26|NASDAQ|2020|3|3|15|30|104500|4.0|3.96|3.98|3.98|0.0||
ASRV|27|NASDAQ|2020|3|2|15|30|29900|4.01|3.99|3.99|4.01|0.0||
ASRV|28|NASDAQ|2020|2|28|15|30|42500|4.08|4.03|4.03|4.07|0.0||
ASRV|29|NASDAQ|2020|2|27|15|30|67000|4.08|4.04|4.04|4.08|0.0||
ASRV|30|NASDAQ|2020|2|26|15|30|26300|4.09|4.08|4.08|4.09|0.0||
ASRV|31|NASDAQ|2020|2|25|15|30|16300|4.1|4.08|4.09|4.09|0.0||
ASRV|32|NASDAQ|2020|2|24|15|30|26000|4.11|4.09|4.1|4.11|0.0||
ASRV|33|NASDAQ|2020|2|21|15|30|2400|4.13|4.12|4.12|4.13|0.0||
ASRV|34|NASDAQ|2020|2|20|15|30|1300|4.13|4.12|4.12|4.12|0.0||
ASRV|35|NASDAQ|2020|2|19|15|30|4800|4.13|4.1|4.1|4.11|0.0||
ASRV|36|NASDAQ|2020|2|18|15|30|24500|4.16|4.1|4.13|4.16|0.0||
ASRV|37|NASDAQ|2020|2|14|15|30|4800|4.15|4.12|4.14|4.15|0.0||
ASRV|38|NASDAQ|2020|2|13|15|30|8300|4.15|4.13|4.13|4.14|0.0||
ASRV|39|NASDAQ|2020|2|12|15|30|8200|4.16|4.14|4.15|4.14|0.0||
ASRV|40|NASDAQ|2020|2|11|15|30|3700|4.16|4.13|4.16|4.14|0.0||
ASRV|41|NASDAQ|2020|2|10|15|30|10700|4.15|4.12|4.14|4.13|0.0||
ASRV|42|NASDAQ|2020|2|7|15|30|9200|4.15|4.13|4.13|4.14|0.0||
ASRV|43|NASDAQ|2020|2|6|15|30|22700|4.16|4.12|4.13|4.15|0.0||
ASRV|44|NASDAQ|2020|2|5|15|30|9700|4.15|4.11|4.11|4.13|0.0||
ASRV|45|NASDAQ|2020|2|4|15|30|9800|4.15|4.1|4.12|4.1|0.0||
ASRV|46|NASDAQ|2020|2|3|15|30|8400|4.15|4.1|4.1|4.1|0.0||
ASRV|47|NASDAQ|2020|1|31|15|30|12900|4.15|4.1|4.1|4.12|0.0||
ASRV|48|NASDAQ|2020|1|30|15|30|21700|4.15|4.12|4.12|4.14|0.0||
ASRV|49|NASDAQ|2020|1|29|15|30|18400|4.16|4.14|4.14|4.15|0.0||
ASRV|50|NASDAQ|2020|1|28|15|30|34700|4.19|4.14|4.15|4.15|0.0||
ASRV|51|NASDAQ|2020|1|27|15|30|25500|4.18|4.13|4.13|4.14|0.0||
ASRV|52|NASDAQ|2020|1|24|15|30|26700|4.19|4.14|4.14|4.18|0.0||
ASRV|53|NASDAQ|2020|1|23|15|30|6500|4.21|4.16|4.16|4.17|0.0||
ASRV|54|NASDAQ|2020|1|22|15|30|15500|4.22|4.16|4.19|4.22|0.0||
ASRV|55|NASDAQ|2020|1|21|15|30|5800|4.22|4.15|4.22|4.18|0.0||
ASRV|56|NASDAQ|2020|1|17|15|30|3800|4.18|4.16|4.18|4.18|0.0||
ASRV|57|NASDAQ|2020|1|16|15|30|27800|4.18|4.15|4.17|4.15|0.0||
ASRV|58|NASDAQ|2020|1|15|15|30|17800|4.18|4.13|4.13|4.18|0.0||
ASRV|59|NASDAQ|2020|1|14|15|30|11100|4.2|4.18|4.18|4.18|0.0||
ASRV|60|NASDAQ|2020|1|13|15|30|13700|4.28|4.17|4.18|4.22|0.0||
ASRV|61|NASDAQ|2020|1|10|15|30|18700|4.22|4.17|4.2|4.18|0.0||
ASRV|62|NASDAQ|2020|1|9|15|30|5200|4.2|4.17|4.18|4.19|0.0||
ASRV|63|NASDAQ|2020|1|8|15|30|10500|4.22|4.15|4.19|4.19|0.0||
ASRV|64|NASDAQ|2020|1|7|15|30|2700|4.24|4.2|4.22|4.2|0.0||
ASRV|65|NASDAQ|2020|1|6|15|30|4300|4.24|4.18|4.18|4.24|0.0||
ASRV|66|NASDAQ|2020|1|3|15|30|15300|4.25|4.15|4.15|4.24|0.0||
ASRV|67|NASDAQ|2020|1|2|15|30|22400|4.26|4.2|4.24|4.2|0.0||
ASRV|68|NASDAQ|2019|12|31|15|30|9300|4.26|4.2|4.2|4.24|0.0||
ASRV|69|NASDAQ|2019|12|30|15|30|7400|4.24|4.19|4.22|4.24|0.0||
ASRV|70|NASDAQ|2019|12|27|15|30|11300|4.26|4.24|4.24|4.24|0.0||
ASRV|71|NASDAQ|2019|12|26|15|30|3300|4.29|4.23|4.29|4.24|0.0||
ASRV|72|NASDAQ|2019|12|24|15|30|600|4.24|4.23|4.24|4.24|0.0||
ASRV|73|NASDAQ|2019|12|23|15|30|3100|4.28|4.23|4.25|4.28|0.0||
ASRV|74|NASDAQ|2019|12|20|15|30|20800|4.29|4.11|4.29|4.26|0.0||
ASRV|75|NASDAQ|2019|12|19|15|30|14100|4.26|4.21|4.26|4.24|0.0||
ASRV|76|NASDAQ|2019|12|18|15|30|4300|4.3|4.2|4.3|4.2|0.0||
ASRV|77|NASDAQ|2019|12|17|15|30|8000|4.24|4.19|4.22|4.24|0.0||
ASRV|78|NASDAQ|2019|12|16|15|30|10000|4.25|4.2|4.24|4.22|0.0||
ASRV|79|NASDAQ|2019|12|13|15|30|19800|4.25|4.19|4.25|4.2|0.0||
ASRV|80|NASDAQ|2019|12|12|15|30|35500|4.2|4.15|4.2|4.17|0.0||
ASRV|81|NASDAQ|2019|12|11|15|30|5700|4.18|4.16|4.17|4.16|0.0||
ASRV|82|NASDAQ|2019|12|10|15|30|6500|4.17|4.16|4.16|4.17|0.0||
ASRV|83|NASDAQ|2019|12|9|15|30|6800|4.19|4.15|4.15|4.18|0.0||
ASRV|84|NASDAQ|2019|12|6|15|30|7800|4.2|4.15|4.15|4.16|0.0||
ASRV|85|NASDAQ|2019|12|5|15|30|3900|4.21|4.18|4.18|4.21|0.0||
ASRV|86|NASDAQ|2019|12|4|15|30|6900|4.22|4.15|4.17|4.16|0.0||
ASRV|87|NASDAQ|2019|12|3|15|30|5700|4.19|4.13|4.16|4.15|0.0||
ASRV|88|NASDAQ|2019|12|2|15|30|400|4.19|4.19|4.19|4.19|0.0||
ASRV|89|NASDAQ|2019|11|29|15|30|1600|4.19|4.17|4.19|4.17|0.0||
ASRV|90|NASDAQ|2019|11|27|15|30|7500|4.2|4.15|4.15|4.2|0.0||
ASRV|91|NASDAQ|2019|11|26|15|30|24500|4.19|4.16|4.16|4.19|0.0||
ASRV|92|NASDAQ|2019|11|25|15|30|3300|4.2|4.17|4.18|4.17|0.0||
ASRV|93|NASDAQ|2019|11|22|15|30|1600|4.17|4.15|4.15|4.17|0.0||
ASRV|94|NASDAQ|2019|11|21|15|30|26000|4.17|4.11|4.13|4.15|0.0||
ASRV|95|NASDAQ|2019|11|20|15|30|21200|4.2|4.11|4.11|4.13|0.0||
ASRV|96|NASDAQ|2019|11|19|15|30|15200|4.17|4.13|4.15|4.15|0.0||
ASRV|97|NASDAQ|2019|11|18|15|30|14300|4.2|4.12|4.14|4.17|0.0||
ASRV|98|NASDAQ|2019|11|15|15|30|5000|4.2|4.15|4.16|4.19|0.0||
ASRV|99|NASDAQ|2019|11|14|15|30|3400|4.19|4.16|4.17|4.17|0.0||
ASRV|100|NASDAQ|2019|11|13|15|30|11500|4.18|4.13|4.17|4.17|0.0||
ASRV|101|NASDAQ|2019|11|12|15|30|3800|4.17|4.17|4.17|4.17|0.0||
ASRV|102|NASDAQ|2019|11|11|15|30|1800|4.19|4.16|4.19|4.16|0.0||
ASRV|103|NASDAQ|2019|11|8|15|30|1300|4.16|4.15|4.16|4.15|0.0||
ASRV|104|NASDAQ|2019|11|7|15|30|4100|4.18|4.18|4.18|4.18|0.0||
ASRV|105|NASDAQ|2019|11|6|15|30|2300|4.19|4.19|4.19|4.19|0.0||
ASRV|106|NASDAQ|2019|11|5|15|30|9200|4.2|4.17|4.2|4.17|0.0||
ASRV|107|NASDAQ|2019|11|4|15|30|2700|4.17|4.17|4.17|4.17|0.0||
ASRV|108|NASDAQ|2019|11|1|14|30|1900|4.17|4.15|4.17|4.15|0.0||
ASRV|109|NASDAQ|2019|10|31|14|30|11600|4.2|4.13|4.16|4.17|0.0||
ASRV|110|NASDAQ|2019|10|30|14|30|19100|4.18|4.12|4.18|4.13|0.0||
ASRV|111|NASDAQ|2019|10|29|14|30|3100|4.16|4.13|4.13|4.14|0.0||
ASRV|112|NASDAQ|2019|10|28|14|30|14600|4.17|4.13|4.13|4.17|0.0||
ASRV|113|NASDAQ|2019|10|25|15|30|4800|4.19|4.15|4.19|4.15|0.0||
ASRV|114|NASDAQ|2019|10|24|15|30|4400|4.14|4.13|4.14|4.13|0.0||
ASRV|115|NASDAQ|2019|10|23|15|30|3100|4.19|4.13|4.17|4.19|0.0||
ASRV|116|NASDAQ|2019|10|22|15|30|9200|4.19|4.12|4.14|4.19|0.0||
ASRV|117|NASDAQ|2019|10|21|15|30|21700|4.16|4.12|4.12|4.12|0.0||
ASRV|118|NASDAQ|2019|10|18|15|30|5500|4.14|4.13|4.14|4.13|0.0||
ASRV|119|NASDAQ|2019|10|17|15|30|22600|4.14|4.11|4.12|4.13|0.0||
ASRV|120|NASDAQ|2019|10|16|15|30|9700|4.16|4.12|4.15|4.16|0.0||
ASRV|121|NASDAQ|2019|10|15|15|30|27200|4.16|4.12|4.16|4.12|0.0||
ASRV|122|NASDAQ|2019|10|14|15|30|600|4.17|4.13|4.17|4.13|0.0||
ASRV|123|NASDAQ|2019|10|11|15|30|5300|4.16|4.12|4.15|4.12|||
ASRV|124|NASDAQ|2019|10|10|15|30|1200|4.18|4.12|4.12|4.16|||
ASRV|125|NASDAQ|2019|10|9|15|30|600|4.12|4.12|4.12|4.12|||
ASRV|126|NASDAQ|2019|10|8|15|30|2200|4.18|4.13|4.15|4.18|||
ATEC|0|NASDAQ|2020|4|8|20|20|589906|4.04|3.57|3.995|3.64|||
ATEC|1|NASDAQ|2020|4|7|15|30|718700|3.74|3.4|3.57|3.74|||
ATEC|2|NASDAQ|2020|4|6|15|30|524100|3.62|3.3|3.58|3.4|||
ATEC|3|NASDAQ|2020|4|3|15|30|481000|3.28|3.08|3.2|3.2|||
ATEC|4|NASDAQ|2020|4|2|15|30|476100|3.34|3.1|3.22|3.1|||
ATEC|5|NASDAQ|2020|4|1|15|30|447200|3.4|3.02|3.05|3.23|1.0||
ATEC|6|NASDAQ|2020|3|31|15|30|743000|3.69|3.32|3.45|3.57|0.0||
ATEC|7|NASDAQ|2020|3|30|15|30|503600|3.73|3.5|3.6|3.64|0.0||
ATEC|8|NASDAQ|2020|3|27|14|30|1405200|3.78|3.3|3.78|3.65|0.0||
ATEC|9|NASDAQ|2020|3|26|14|30|1289200|3.72|3.08|3.7|3.16|0.0||
ATEC|10|NASDAQ|2020|3|25|14|30|1502100|3.25|2.71|3.05|2.87|0.0||
ATEC|11|NASDAQ|2020|3|24|14|30|1262800|3.0|2.52|2.72|2.55|1.0||
ATEC|12|NASDAQ|2020|3|23|14|30|917200|2.48|2.19|2.26|2.38|1.0||
ATEC|13|NASDAQ|2020|3|20|14|30|1128400|2.75|2.32|2.35|2.51|1.0||
ATEC|14|NASDAQ|2020|3|19|14|30|1167700|2.72|2.31|2.44|2.34|0.0||
ATEC|15|NASDAQ|2020|3|18|14|30|1289100|2.94|2.3|2.31|2.82|1.0||
ATEC|16|NASDAQ|2020|3|17|14|30|1546000|3.5|2.89|3.05|3.46|0.0||
ATEC|17|NASDAQ|2020|3|16|14|30|1431900|3.74|3.2|3.32|3.51|0.0||
ATEC|18|NASDAQ|2020|3|13|14|30|1177900|3.98|3.74|3.88|3.84|0.0||
ATEC|19|NASDAQ|2020|3|12|14|30|1715300|3.96|3.44|3.51|3.75|0.0||
ATEC|20|NASDAQ|2020|3|11|14|30|860400|4.82|4.31|4.41|4.72|0.0||
ATEC|21|NASDAQ|2020|3|10|14|30|888400|5.25|4.75|4.8|5.21|0.0||
ATEC|22|NASDAQ|2020|3|9|14|30|1014600|5.2|4.74|4.91|5.1|0.0||
ATEC|23|NASDAQ|2020|3|6|15|30|869400|5.88|5.36|5.55|5.8|0.0||
ATEC|24|NASDAQ|2020|3|5|15|30|575900|6.35|5.86|5.92|5.96|0.0||
ATEC|25|NASDAQ|2020|3|4|15|30|396600|6.17|5.84|6.06|6.02|0.0||
ATEC|26|NASDAQ|2020|3|3|15|30|671300|6.58|5.8|5.84|6.37|0.0||
ATEC|27|NASDAQ|2020|3|2|15|30|1024300|6.77|6.01|6.4|6.01|0.0||
ATEC|28|NASDAQ|2020|2|28|15|30|947200|6.14|4.35|5.85|5.15|0.0||
ATEC|29|NASDAQ|2020|2|27|15|30|836900|6.36|5.58|6.26|6.0|0.0||
ATEC|30|NASDAQ|2020|2|26|15|30|262000|6.35|6.02|6.1|6.22|0.0||
ATEC|31|NASDAQ|2020|2|25|15|30|382900|6.65|6.2|6.22|6.58|0.0||
ATEC|32|NASDAQ|2020|2|24|15|30|180300|6.61|6.43|6.56|6.49|0.0||
ATEC|33|NASDAQ|2020|2|21|15|30|154000|6.68|6.51|6.64|6.66|0.0||
ATEC|34|NASDAQ|2020|2|20|15|30|290300|6.83|6.51|6.68|6.8|0.0||
ATEC|35|NASDAQ|2020|2|19|15|30|239400|6.93|6.73|6.8|6.73|0.0||
ATEC|36|NASDAQ|2020|2|18|15|30|169400|6.98|6.68|6.73|6.82|0.0||
ATEC|37|NASDAQ|2020|2|14|15|30|388600|6.97|6.34|6.89|6.4|0.0||
ATEC|38|NASDAQ|2020|2|13|15|30|316300|6.54|6.38|6.4|6.48|0.0||
ATEC|39|NASDAQ|2020|2|12|15|30|185400|6.61|6.45|6.49|6.6|0.0||
ATEC|40|NASDAQ|2020|2|11|15|30|282100|6.66|6.51|6.58|6.66|0.0||
ATEC|41|NASDAQ|2020|2|10|15|30|315900|6.75|6.63|6.66|6.7|0.0||
ATEC|42|NASDAQ|2020|2|7|15|30|380000|6.86|6.6|6.68|6.7|0.0||
ATEC|43|NASDAQ|2020|2|6|15|30|288100|6.79|6.5|6.73|6.65|0.0||
ATEC|44|NASDAQ|2020|2|5|15|30|285700|7.02|6.6|6.62|7.02|0.0||
ATEC|45|NASDAQ|2020|2|4|15|30|267400|7.08|6.9|6.98|7.0|0.0||
ATEC|46|NASDAQ|2020|2|3|15|30|323800|7.16|6.87|6.91|6.99|0.0||
ATEC|47|NASDAQ|2020|1|31|15|30|314100|7.15|6.69|6.96|6.93|0.0||
ATEC|48|NASDAQ|2020|1|30|15|30|420000|7.12|6.7|6.97|6.71|0.0||
ATEC|49|NASDAQ|2020|1|29|15|30|608400|6.83|6.21|6.8|6.45|0.0||
ATEC|50|NASDAQ|2020|1|28|15|30|371200|6.56|6.3|6.44|6.3|0.0||
ATEC|51|NASDAQ|2020|1|27|15|30|844900|6.35|6.09|6.25|6.3|0.0||
ATEC|52|NASDAQ|2020|1|24|15|30|674000|6.86|6.28|6.36|6.77|0.0||
ATEC|53|NASDAQ|2020|1|23|15|30|470800|7.07|6.65|6.74|6.79|0.0||
ATEC|54|NASDAQ|2020|1|22|15|30|672300|7.93|6.72|6.74|6.91|0.0||
ATEC|55|NASDAQ|2020|1|21|15|30|428200|7.48|6.76|6.84|7.37|0.0||
ATEC|56|NASDAQ|2020|1|17|15|30|353500|7.57|7.36|7.43|7.5|0.0||
ATEC|57|NASDAQ|2020|1|16|15|30|1156800|7.58|7.25|7.47|7.35|0.0||
ATEC|58|NASDAQ|2020|1|15|15|30|1069700|7.93|7.08|7.29|7.46|0.0||
ATEC|59|NASDAQ|2020|1|14|15|30|730100|7.54|7.13|7.43|7.39|0.0||
ATEC|60|NASDAQ|2020|1|13|15|30|806100|7.59|6.74|7.36|6.85|0.0||
ATEC|61|NASDAQ|2020|1|10|15|30|221700|6.72|6.47|6.47|6.68|1.0||
ATEC|62|NASDAQ|2020|1|9|15|30|232800|6.84|6.57|6.65|6.84|0.0||
ATEC|63|NASDAQ|2020|1|8|15|30|195800|6.89|6.65|6.74|6.75|0.0||
ATEC|64|NASDAQ|2020|1|7|15|30|173500|6.96|6.69|6.76|6.82|0.0||
ATEC|65|NASDAQ|2020|1|6|15|30|167200|7.0|6.63|6.85|6.76|0.0||
ATEC|66|NASDAQ|2020|1|3|15|30|223600|6.97|6.74|6.82|6.9|0.0||
ATEC|67|NASDAQ|2020|1|2|15|30|462200|7.17|6.73|6.97|7.13|0.0||
ATEC|68|NASDAQ|2019|12|31|15|30|808100|7.15|6.82|7.1|7.02|0.0||
ATEC|69|NASDAQ|2019|12|30|15|30|548200|7.22|6.95|7.05|7.09|0.0||
ATEC|70|NASDAQ|2019|12|27|15|30|210300|7.35|7.05|7.09|7.35|0.0||
ATEC|71|NASDAQ|2019|12|26|15|30|163100|7.35|7.11|7.27|7.13|0.0||
ATEC|72|NASDAQ|2019|12|24|15|30|136100|7.24|6.96|7.11|7.18|0.0||
ATEC|73|NASDAQ|2019|12|23|15|30|141600|7.14|6.91|7.05|7.02|0.0||
ATEC|74|NASDAQ|2019|12|20|15|30|275500|7.25|6.96|7.02|7.21|0.0||
ATEC|75|NASDAQ|2019|12|19|15|30|275000|7.6|7.1|7.21|7.54|0.0||
ATEC|76|NASDAQ|2019|12|18|15|30|407600|7.75|7.24|7.45|7.69|0.0||
ATEC|77|NASDAQ|2019|12|17|15|30|687000|7.71|7.06|7.65|7.06|0.0||
ATEC|78|NASDAQ|2019|12|16|15|30|250500|6.98|6.53|6.91|6.57|0.0||
ATEC|79|NASDAQ|2019|12|13|15|30|136900|6.62|6.5|6.57|6.56|0.0||
ATEC|80|NASDAQ|2019|12|12|15|30|309500|6.6|6.37|6.56|6.48|1.0||
ATEC|81|NASDAQ|2019|12|11|15|30|220400|6.6|6.46|6.51|6.58|1.0||
ATEC|82|NASDAQ|2019|12|10|15|30|305400|6.71|6.45|6.57|6.6|0.0||
ATEC|83|NASDAQ|2019|12|9|15|30|269600|6.79|6.56|6.6|6.73|0.0||
ATEC|84|NASDAQ|2019|12|6|15|30|248100|6.93|6.68|6.72|6.89|0.0||
ATEC|85|NASDAQ|2019|12|5|15|30|213700|6.98|6.83|6.88|6.9|0.0||
ATEC|86|NASDAQ|2019|12|4|15|30|226300|6.96|6.81|6.89|6.91|0.0||
ATEC|87|NASDAQ|2019|12|3|15|30|584400|7.04|6.74|6.88|6.77|0.0||
ATEC|88|NASDAQ|2019|12|2|15|30|298100|7.04|6.81|6.85|7.0|0.0||
ATEC|89|NASDAQ|2019|11|29|15|30|123800|7.16|6.95|7.05|7.08|0.0||
ATEC|90|NASDAQ|2019|11|27|15|30|184400|7.24|6.93|7.23|7.1|0.0||
ATEC|91|NASDAQ|2019|11|26|15|30|254500|7.14|6.68|7.08|7.07|0.0||
ATEC|92|NASDAQ|2019|11|25|15|30|377100|7.49|7.07|7.1|7.31|0.0||
ATEC|93|NASDAQ|2019|11|22|15|30|232300|7.33|7.16|7.28|7.21|0.0||
ATEC|94|NASDAQ|2019|11|21|15|30|263200|7.58|7.13|7.17|7.58|0.0||
ATEC|95|NASDAQ|2019|11|20|15|30|473200|7.55|7.2|7.53|7.26|0.0||
ATEC|96|NASDAQ|2019|11|19|15|30|393200|7.68|7.26|7.28|7.39|0.0||
ATEC|97|NASDAQ|2019|11|18|15|30|439800|7.46|7.09|7.37|7.2|0.0||
ATEC|98|NASDAQ|2019|11|15|15|30|353500|7.22|6.9|7.18|6.97|0.0||
ATEC|99|NASDAQ|2019|11|14|15|30|267300|7.06|6.75|6.92|6.75|0.0||
ATEC|100|NASDAQ|2019|11|13|15|30|204600|7.05|6.76|6.97|7.05|0.0||
ATEC|101|NASDAQ|2019|11|12|15|30|307500|6.88|6.56|6.86|6.56|0.0||
ATEC|102|NASDAQ|2019|11|11|15|30|331400|6.73|6.44|6.55|6.58|0.0||
ATEC|103|NASDAQ|2019|11|8|15|30|359500|6.98|6.71|6.74|6.87|0.0||
ATEC|104|NASDAQ|2019|11|7|15|30|420000|7.06|6.8|6.87|6.87|0.0||
ATEC|105|NASDAQ|2019|11|6|15|30|394100|7.17|6.8|6.84|7.0|0.0||
ATEC|106|NASDAQ|2019|11|5|15|30|524300|7.24|6.82|7.05|7.02|0.0||
ATEC|107|NASDAQ|2019|11|4|15|30|970400|7.14|6.73|6.93|6.83|0.0||
ATEC|108|NASDAQ|2019|11|1|14|30|598900|7.06|6.59|6.71|6.8|0.0||
ATEC|109|NASDAQ|2019|10|31|14|30|1388800|6.95|6.09|6.88|6.24|0.0||
ATEC|110|NASDAQ|2019|10|30|14|30|643700|6.48|5.96|6.19|6.02|1.0||
ATEC|111|NASDAQ|2019|10|29|14|30|354500|5.99|5.76|5.97|5.84|1.0||
ATEC|112|NASDAQ|2019|10|28|14|30|373800|5.92|5.75|5.8|5.75|1.0||
ATEC|113|NASDAQ|2019|10|25|15|30|250200|5.89|5.71|5.76|5.74|1.0||
ATEC|114|NASDAQ|2019|10|24|15|30|156600|5.97|5.67|5.77|5.89|0.0||
ATEC|115|NASDAQ|2019|10|23|15|30|654800|6.0|5.65|5.89|5.7|0.0||
ATEC|116|NASDAQ|2019|10|22|15|30|362500|5.77|5.44|5.7|5.44|0.0||
ATEC|117|NASDAQ|2019|10|21|15|30|211000|5.6|5.4|5.49|5.44|0.0||
ATEC|118|NASDAQ|2019|10|18|15|30|272500|5.6|5.28|5.38|5.52|0.0||
ATEC|119|NASDAQ|2019|10|17|15|30|156800|5.53|5.35|5.48|5.38|0.0||
ATEC|120|NASDAQ|2019|10|16|15|30|164700|5.49|5.17|5.37|5.23|0.0||
ATEC|121|NASDAQ|2019|10|15|15|30|225900|5.45|5.1|5.26|5.17|0.0||
ATEC|122|NASDAQ|2019|10|14|15|30|314300|5.21|5.01|5.18|5.06|0.0||
ATEC|123|NASDAQ|2019|10|11|15|30|290700|5.22|4.96|5.05|5.0|||
ATEC|124|NASDAQ|2019|10|10|15|30|261600|5.03|4.73|4.97|4.73|||
ATEC|125|NASDAQ|2019|10|9|15|30|363200|4.89|4.58|4.82|4.8|||
ATEC|126|NASDAQ|2019|10|8|15|30|339100|4.81|4.63|4.77|4.81|||
ATHX|0|NASDAQ|2020|4|8|20|20|2452209|3.17|2.7|2.965|2.86|||
ATHX|1|NASDAQ|2020|4|7|15|30|4910000|2.89|2.5|2.88|2.8|||
ATHX|2|NASDAQ|2020|4|6|15|30|3424200|2.94|2.66|2.82|2.94|||
ATHX|3|NASDAQ|2020|4|3|15|30|9227600|3.07|2.38|2.88|2.79|||
ATHX|4|NASDAQ|2020|4|2|15|30|24920200|4.05|2.36|2.74|4.0|||
ATHX|5|NASDAQ|2020|4|1|15|30|19849100|4.38|2.86|3.98|3.19|0.0||
ATHX|6|NASDAQ|2020|3|31|15|30|12616800|3.17|2.31|3.0|2.5|0.0||
ATHX|7|NASDAQ|2020|3|30|15|30|8517600|2.65|2.05|2.59|2.06|0.0||
ATHX|8|NASDAQ|2020|3|27|14|30|3111100|2.1|1.81|1.96|1.93|1.0||
ATHX|9|NASDAQ|2020|3|26|14|30|2084600|1.92|1.77|1.92|1.82|1.0||
ATHX|10|NASDAQ|2020|3|25|14|30|2014400|2.0|1.72|1.82|1.95|1.0||
ATHX|11|NASDAQ|2020|3|24|14|30|3931200|2.13|1.71|1.9|2.1|1.0||
ATHX|12|NASDAQ|2020|3|23|14|30|3305300|1.98|1.75|1.95|1.94|0.0||
ATHX|13|NASDAQ|2020|3|20|14|30|10000300|2.28|1.57|1.78|2.09|0.0||
ATHX|14|NASDAQ|2020|3|19|14|30|5932700|1.9|1.43|1.85|1.63|0.0||
ATHX|15|NASDAQ|2020|3|18|14|30|2099500|1.47|1.31|1.42|1.46|1.0||
ATHX|16|NASDAQ|2020|3|17|14|30|4762900|1.49|1.21|1.46|1.33|1.0||
ATHX|17|NASDAQ|2020|3|16|14|30|2359800|1.4|1.16|1.18|1.3|1.0||
ATHX|18|NASDAQ|2020|3|13|14|30|1862000|1.22|1.13|1.22|1.2|1.0||
ATHX|19|NASDAQ|2020|3|12|14|30|1793800|1.29|1.17|1.17|1.28|1.0||
ATHX|20|NASDAQ|2020|3|11|14|30|1590800|1.4|1.27|1.28|1.35|0.0||
ATHX|21|NASDAQ|2020|3|10|14|30|2209400|1.5|1.28|1.34|1.47|0.0||
ATHX|22|NASDAQ|2020|3|9|14|30|7173500|1.93|1.18|1.41|1.23|0.0||
ATHX|23|NASDAQ|2020|3|6|15|30|651800|1.25|1.19|1.21|1.22|0.0||
ATHX|24|NASDAQ|2020|3|5|15|30|401500|1.27|1.21|1.22|1.26|0.0||
ATHX|25|NASDAQ|2020|3|4|15|30|513400|1.29|1.23|1.26|1.25|0.0||
ATHX|26|NASDAQ|2020|3|3|15|30|789600|1.3|1.19|1.22|1.19|1.0||
ATHX|27|NASDAQ|2020|3|2|15|30|485600|1.23|1.18|1.22|1.19|0.0||
ATHX|28|NASDAQ|2020|2|28|15|30|1269600|1.26|1.19|1.2|1.26|0.0||
ATHX|29|NASDAQ|2020|2|27|15|30|808400|1.25|1.2|1.2|1.21|0.0||
ATHX|30|NASDAQ|2020|2|26|15|30|392700|1.25|1.21|1.22|1.23|0.0||
ATHX|31|NASDAQ|2020|2|25|15|30|773600|1.26|1.21|1.23|1.25|0.0||
ATHX|32|NASDAQ|2020|2|24|15|30|488400|1.28|1.24|1.25|1.28|0.0||
ATHX|33|NASDAQ|2020|2|21|15|30|448900|1.29|1.25|1.28|1.28|0.0||
ATHX|34|NASDAQ|2020|2|20|15|30|391000|1.27|1.24|1.27|1.26|0.0||
ATHX|35|NASDAQ|2020|2|19|15|30|683800|1.29|1.23|1.26|1.26|0.0||
ATHX|36|NASDAQ|2020|2|18|15|30|663000|1.28|1.22|1.24|1.23|0.0||
ATHX|37|NASDAQ|2020|2|14|15|30|688000|1.3|1.21|1.24|1.28|0.0||
ATHX|38|NASDAQ|2020|2|13|15|30|543600|1.33|1.28|1.29|1.32|0.0||
ATHX|39|NASDAQ|2020|2|12|15|30|480000|1.36|1.31|1.32|1.35|0.0||
ATHX|40|NASDAQ|2020|2|11|15|30|371800|1.36|1.34|1.35|1.34|0.0||
ATHX|41|NASDAQ|2020|2|10|15|30|526300|1.37|1.32|1.34|1.37|0.0||
ATHX|42|NASDAQ|2020|2|7|15|30|404700|1.38|1.35|1.35|1.37|0.0||
ATHX|43|NASDAQ|2020|2|6|15|30|440200|1.39|1.36|1.36|1.39|0.0||
ATHX|44|NASDAQ|2020|2|5|15|30|263800|1.39|1.37|1.38|1.39|0.0||
ATHX|45|NASDAQ|2020|2|4|15|30|458900|1.39|1.37|1.38|1.38|0.0||
ATHX|46|NASDAQ|2020|2|3|15|30|481400|1.38|1.35|1.36|1.36|0.0||
ATHX|47|NASDAQ|2020|1|31|15|30|499000|1.39|1.35|1.36|1.38|0.0||
ATHX|48|NASDAQ|2020|1|30|15|30|366600|1.4|1.38|1.39|1.4|0.0||
ATHX|49|NASDAQ|2020|1|29|15|30|1315700|1.42|1.39|1.4|1.41|0.0||
ATHX|50|NASDAQ|2020|1|28|15|30|674600|1.41|1.36|1.41|1.36|0.0||
ATHX|51|NASDAQ|2020|1|27|15|30|1108500|1.4|1.3|1.36|1.32|0.0||
ATHX|52|NASDAQ|2020|1|24|15|30|684300|1.36|1.3|1.35|1.34|0.0||
ATHX|53|NASDAQ|2020|1|23|15|30|874500|1.37|1.27|1.33|1.29|0.0||
ATHX|54|NASDAQ|2020|1|22|15|30|395800|1.3|1.27|1.29|1.3|0.0||
ATHX|55|NASDAQ|2020|1|21|15|30|606700|1.33|1.25|1.28|1.26|0.0||
ATHX|56|NASDAQ|2020|1|17|15|30|550900|1.28|1.24|1.27|1.26|0.0||
ATHX|57|NASDAQ|2020|1|16|15|30|659800|1.34|1.22|1.28|1.34|0.0||
ATHX|58|NASDAQ|2020|1|15|15|30|1262800|1.39|1.28|1.3|1.36|0.0||
ATHX|59|NASDAQ|2020|1|14|15|30|1465900|1.4|1.32|1.34|1.38|0.0||
ATHX|60|NASDAQ|2020|1|13|15|30|1441300|1.38|1.24|1.32|1.25|0.0||
ATHX|61|NASDAQ|2020|1|10|15|30|1283800|1.26|1.2|1.24|1.24|0.0||
ATHX|62|NASDAQ|2020|1|9|15|30|549500|1.24|1.19|1.2|1.22|0.0||
ATHX|63|NASDAQ|2020|1|8|15|30|651000|1.26|1.19|1.2|1.23|0.0||
ATHX|64|NASDAQ|2020|1|7|15|30|671400|1.28|1.23|1.24|1.26|0.0||
ATHX|65|NASDAQ|2020|1|6|15|30|505700|1.28|1.2|1.25|1.22|0.0||
ATHX|66|NASDAQ|2020|1|3|15|30|487400|1.24|1.2|1.22|1.22|0.0||
ATHX|67|NASDAQ|2020|1|2|15|30|489400|1.28|1.22|1.24|1.24|0.0||
ATHX|68|NASDAQ|2019|12|31|15|30|887300|1.23|1.2|1.23|1.2|0.0||
ATHX|69|NASDAQ|2019|12|30|15|30|746500|1.28|1.21|1.22|1.28|0.0||
ATHX|70|NASDAQ|2019|12|27|15|30|747800|1.3|1.24|1.25|1.27|0.0||
ATHX|71|NASDAQ|2019|12|26|15|30|676300|1.32|1.25|1.27|1.26|0.0||
ATHX|72|NASDAQ|2019|12|24|15|30|434700|1.26|1.21|1.26|1.23|0.0||
ATHX|73|NASDAQ|2019|12|23|15|30|571000|1.23|1.18|1.22|1.18|0.0||
ATHX|74|NASDAQ|2019|12|20|15|30|1511900|1.21|1.17|1.18|1.18|0.0||
ATHX|75|NASDAQ|2019|12|19|15|30|518500|1.19|1.16|1.18|1.18|0.0||
ATHX|76|NASDAQ|2019|12|18|15|30|976400|1.2|1.16|1.16|1.2|0.0||
ATHX|77|NASDAQ|2019|12|17|15|30|962200|1.25|1.18|1.18|1.22|0.0||
ATHX|78|NASDAQ|2019|12|16|15|30|735500|1.28|1.21|1.22|1.22|0.0||
ATHX|79|NASDAQ|2019|12|13|15|30|531700|1.3|1.23|1.24|1.29|0.0||
ATHX|80|NASDAQ|2019|12|12|15|30|586900|1.3|1.27|1.29|1.27|0.0||
ATHX|81|NASDAQ|2019|12|11|15|30|615300|1.3|1.25|1.27|1.28|0.0||
ATHX|82|NASDAQ|2019|12|10|15|30|578000|1.32|1.28|1.3|1.3|0.0||
ATHX|83|NASDAQ|2019|12|9|15|30|449700|1.35|1.3|1.31|1.33|0.0||
ATHX|84|NASDAQ|2019|12|6|15|30|419100|1.33|1.3|1.33|1.3|0.0||
ATHX|85|NASDAQ|2019|12|5|15|30|598300|1.34|1.29|1.3|1.34|0.0||
ATHX|86|NASDAQ|2019|12|4|15|30|435400|1.33|1.29|1.31|1.29|0.0||
ATHX|87|NASDAQ|2019|12|3|15|30|246900|1.33|1.3|1.31|1.32|0.0||
ATHX|88|NASDAQ|2019|12|2|15|30|549300|1.34|1.29|1.31|1.31|0.0||
ATHX|89|NASDAQ|2019|11|29|15|30|231400|1.34|1.31|1.32|1.31|0.0||
ATHX|90|NASDAQ|2019|11|27|15|30|644900|1.36|1.3|1.31|1.3|0.0||
ATHX|91|NASDAQ|2019|11|26|15|30|664900|1.4|1.31|1.33|1.34|0.0||
ATHX|92|NASDAQ|2019|11|25|15|30|558200|1.39|1.34|1.34|1.36|0.0||
ATHX|93|NASDAQ|2019|11|22|15|30|235700|1.41|1.36|1.36|1.41|0.0||
ATHX|94|NASDAQ|2019|11|21|15|30|314900|1.45|1.37|1.38|1.45|0.0||
ATHX|95|NASDAQ|2019|11|20|15|30|652400|1.48|1.41|1.42|1.41|0.0||
ATHX|96|NASDAQ|2019|11|19|15|30|513400|1.43|1.36|1.42|1.39|0.0||
ATHX|97|NASDAQ|2019|11|18|15|30|657500|1.44|1.37|1.39|1.42|0.0||
ATHX|98|NASDAQ|2019|11|15|15|30|516800|1.4|1.33|1.39|1.38|0.0||
ATHX|99|NASDAQ|2019|11|14|15|30|738500|1.43|1.35|1.35|1.38|0.0||
ATHX|100|NASDAQ|2019|11|13|15|30|391000|1.37|1.31|1.36|1.33|0.0||
ATHX|101|NASDAQ|2019|11|12|15|30|405900|1.36|1.28|1.33|1.31|0.0||
ATHX|102|NASDAQ|2019|11|11|15|30|301000|1.31|1.27|1.3|1.27|0.0||
ATHX|103|NASDAQ|2019|11|8|15|30|515400|1.31|1.22|1.27|1.28|0.0||
ATHX|104|NASDAQ|2019|11|7|15|30|659400|1.36|1.26|1.29|1.36|0.0||
ATHX|105|NASDAQ|2019|11|6|15|30|719400|1.38|1.32|1.35|1.33|0.0||
ATHX|106|NASDAQ|2019|11|5|15|30|537200|1.33|1.31|1.33|1.33|0.0||
ATHX|107|NASDAQ|2019|11|4|15|30|793200|1.34|1.28|1.31|1.29|0.0||
ATHX|108|NASDAQ|2019|11|1|14|30|314900|1.31|1.28|1.29|1.29|0.0||
ATHX|109|NASDAQ|2019|10|31|14|30|241100|1.32|1.28|1.28|1.3|0.0||
ATHX|110|NASDAQ|2019|10|30|14|30|234100|1.3|1.28|1.3|1.3|0.0||
ATHX|111|NASDAQ|2019|10|29|14|30|427900|1.32|1.27|1.3|1.3|0.0||
ATHX|112|NASDAQ|2019|10|28|14|30|394100|1.34|1.29|1.3|1.31|0.0||
ATHX|113|NASDAQ|2019|10|25|15|30|453700|1.34|1.29|1.3|1.32|0.0||
ATHX|114|NASDAQ|2019|10|24|15|30|395100|1.34|1.3|1.32|1.32|0.0||
ATHX|115|NASDAQ|2019|10|23|15|30|285100|1.36|1.32|1.33|1.33|0.0||
ATHX|116|NASDAQ|2019|10|22|15|30|599800|1.41|1.32|1.35|1.38|0.0||
ATHX|117|NASDAQ|2019|10|21|15|30|548200|1.4|1.35|1.37|1.36|0.0||
ATHX|118|NASDAQ|2019|10|18|15|30|277700|1.38|1.33|1.34|1.36|0.0||
ATHX|119|NASDAQ|2019|10|17|15|30|240800|1.39|1.35|1.38|1.35|0.0||
ATHX|120|NASDAQ|2019|10|16|15|30|266100|1.38|1.34|1.35|1.35|0.0||
ATHX|121|NASDAQ|2019|10|15|15|30|274700|1.37|1.32|1.36|1.33|0.0||
ATHX|122|NASDAQ|2019|10|14|15|30|225800|1.37|1.33|1.34|1.36|0.0||
ATHX|123|NASDAQ|2019|10|11|15|30|413000|1.38|1.31|1.37|1.31|||
ATHX|124|NASDAQ|2019|10|10|15|30|443100|1.38|1.32|1.32|1.36|||
ATHX|125|NASDAQ|2019|10|9|15|30|308500|1.4|1.33|1.36|1.37|||
ATHX|126|NASDAQ|2019|10|8|15|30|239700|1.4|1.35|1.36|1.4|||
ATLC|0|NASDAQ|2020|4|8|19|55|7111|11.31|9.99|11.31|10.4|||
ATLC|1|NASDAQ|2020|4|7|15|30|6500|10.4|9.64|10.39|10.17|||
ATLC|2|NASDAQ|2020|4|6|15|30|16700|10.2|9.1|9.78|9.17|||
ATLC|3|NASDAQ|2020|4|3|15|30|17200|9.66|8.88|9.08|9.23|||
ATLC|4|NASDAQ|2020|4|2|15|30|6300|9.59|9.22|9.22|9.25|||
ATLC|5|NASDAQ|2020|4|1|15|30|14800|9.31|8.79|9.11|9.31|1.0||
ATLC|6|NASDAQ|2020|3|31|15|30|26900|10.15|9.41|9.92|10.1|0.0||
ATLC|7|NASDAQ|2020|3|30|15|30|13300|10.29|9.17|10.2|10.03|0.0||
ATLC|8|NASDAQ|2020|3|27|14|30|22600|10.05|8.95|10.03|9.1|0.0||
ATLC|9|NASDAQ|2020|3|26|14|30|37500|12.68|9.12|9.6|11.28|0.0||
ATLC|10|NASDAQ|2020|3|25|14|30|42400|11.52|8.69|10.77|8.69|0.0||
ATLC|11|NASDAQ|2020|3|24|14|30|42200|8.81|6.61|8.38|6.62|1.0||
ATLC|12|NASDAQ|2020|3|23|14|30|18000|6.62|5.51|6.15|5.58|1.0||
ATLC|13|NASDAQ|2020|3|20|14|30|38800|5.81|5.28|5.49|5.45|1.0||
ATLC|14|NASDAQ|2020|3|19|14|30|33200|5.61|5.0|5.35|5.22|1.0||
ATLC|15|NASDAQ|2020|3|18|14|30|49600|6.27|5.18|5.42|6.08|1.0||
ATLC|16|NASDAQ|2020|3|17|14|30|80000|7.17|5.83|6.4|6.96|0.0||
ATLC|17|NASDAQ|2020|3|16|14|30|41500|7.68|6.71|7.68|6.95|0.0||
ATLC|18|NASDAQ|2020|3|13|14|30|60800|9.82|7.51|9.65|7.9|0.0||
ATLC|19|NASDAQ|2020|3|12|14|30|30500|10.16|7.8|7.8|10.16|0.0||
ATLC|20|NASDAQ|2020|3|11|14|30|18000|12.14|10.25|10.98|11.96|0.0||
ATLC|21|NASDAQ|2020|3|10|14|30|14500|12.79|12.19|12.2|12.59|0.0||
ATLC|22|NASDAQ|2020|3|9|14|30|21800|13.28|12.18|12.3|13.12|0.0||
ATLC|23|NASDAQ|2020|3|6|15|30|21800|14.0|13.61|13.89|13.83|0.0||
ATLC|24|NASDAQ|2020|3|5|15|30|19500|14.7|13.78|14.14|13.96|0.0||
ATLC|25|NASDAQ|2020|3|4|15|30|11100|14.14|13.29|14.12|13.31|0.0||
ATLC|26|NASDAQ|2020|3|3|15|30|24600|13.26|12.11|13.17|12.76|0.0||
ATLC|27|NASDAQ|2020|3|2|15|30|28600|13.35|12.46|12.62|13.01|0.0||
ATLC|28|NASDAQ|2020|2|28|15|30|30400|13.38|11.86|13.0|13.0|0.0||
ATLC|29|NASDAQ|2020|2|27|15|30|51100|14.52|12.71|13.31|13.78|0.0||
ATLC|30|NASDAQ|2020|2|26|15|30|52600|15.53|13.46|13.84|13.89|0.0||
ATLC|31|NASDAQ|2020|2|25|15|30|53000|15.62|13.27|14.04|14.75|0.0||
ATLC|32|NASDAQ|2020|2|24|15|30|47500|15.01|13.65|14.7|14.79|0.0||
ATLC|33|NASDAQ|2020|2|21|15|30|22100|15.5|14.71|15.0|15.22|0.0||
ATLC|34|NASDAQ|2020|2|20|15|30|65200|15.58|12.91|15.21|12.91|0.0||
ATLC|35|NASDAQ|2020|2|19|15|30|87400|13.47|11.3|12.91|11.67|0.0||
ATLC|36|NASDAQ|2020|2|18|15|30|34500|11.77|11.21|11.74|11.24|1.0||
ATLC|37|NASDAQ|2020|2|14|15|30|56000|12.57|10.88|11.28|12.45|1.0||
ATLC|38|NASDAQ|2020|2|13|15|30|162300|13.52|10.53|12.65|12.24|0.0||
ATLC|39|NASDAQ|2020|2|12|15|30|131400|17.34|12.36|12.39|17.32|0.0||
ATLC|40|NASDAQ|2020|2|11|15|30|69900|17.5|16.48|17.0|16.549999|0.0||
ATLC|41|NASDAQ|2020|2|10|15|30|117800|18.280001|15.55|16.4|16.870001000000002|0.0||
ATLC|42|NASDAQ|2020|2|7|15|30|65800|16.92|15.86|16.32|15.91|0.0||
ATLC|43|NASDAQ|2020|2|6|15|30|63700|16.389999|15.09|15.84|15.3|0.0||
ATLC|44|NASDAQ|2020|2|5|15|30|64900|16.0|14.11|14.94|14.13|0.0||
ATLC|45|NASDAQ|2020|2|4|15|30|24200|14.08|13.54|14.03|13.86|1.0||
ATLC|46|NASDAQ|2020|2|3|15|30|45600|14.21|13.55|13.58|13.95|1.0||
ATLC|47|NASDAQ|2020|1|31|15|30|17700|13.99|13.04|13.96|13.51|1.0||
ATLC|48|NASDAQ|2020|1|30|15|30|35100|14.07|12.74|13.6|13.79|0.0||
ATLC|49|NASDAQ|2020|1|29|15|30|65600|14.1|13.0|13.77|13.0|0.0||
ATLC|50|NASDAQ|2020|1|28|15|30|31600|13.79|12.72|12.95|13.31|0.0||
ATLC|51|NASDAQ|2020|1|27|15|30|47200|14.2|12.71|13.24|13.63|0.0||
ATLC|52|NASDAQ|2020|1|24|15|30|25900|14.87|12.2|12.74|13.13|0.0||
ATLC|53|NASDAQ|2020|1|23|15|30|24900|13.1|12.61|12.99|12.63|0.0||
ATLC|54|NASDAQ|2020|1|22|15|30|57000|13.39|11.46|12.71|12.95|0.0||
ATLC|55|NASDAQ|2020|1|21|15|30|62800|13.17|11.97|12.82|12.01|0.0||
ATLC|56|NASDAQ|2020|1|17|15|30|42800|11.84|11.16|11.79|11.16|0.0||
ATLC|57|NASDAQ|2020|1|16|15|30|28800|11.66|11.0|11.45|11.14|1.0||
ATLC|58|NASDAQ|2020|1|15|15|30|18800|11.05|10.7|10.98|11.04|1.0||
ATLC|59|NASDAQ|2020|1|14|15|30|19400|11.0|10.7|10.98|10.88|1.0||
ATLC|60|NASDAQ|2020|1|13|15|30|31100|10.98|10.17|10.6|10.17|0.0||
ATLC|61|NASDAQ|2020|1|10|15|30|10000|10.23|9.72|10.16|9.77|0.0||
ATLC|62|NASDAQ|2020|1|9|15|30|9700|9.96|9.41|9.62|9.41|1.0||
ATLC|63|NASDAQ|2020|1|8|15|30|4200|9.6|9.47|9.6|9.6|1.0||
ATLC|64|NASDAQ|2020|1|7|15|30|8300|9.62|9.32|9.6|9.54|0.0||
ATLC|65|NASDAQ|2020|1|6|15|30|4900|9.52|9.21|9.5|9.21|0.0||
ATLC|66|NASDAQ|2020|1|3|15|30|13200|9.62|9.14|9.32|9.14|0.0||
ATLC|67|NASDAQ|2020|1|2|15|30|7200|9.2|8.9|9.14|8.9|0.0||
ATLC|68|NASDAQ|2019|12|31|15|30|4600|9.19|8.57|9.01|8.7|0.0||
ATLC|69|NASDAQ|2019|12|30|15|30|6800|8.59|8.32|8.51|8.56|0.0||
ATLC|70|NASDAQ|2019|12|27|15|30|3600|8.65|8.27|8.45|8.39|0.0||
ATLC|71|NASDAQ|2019|12|26|15|30|2900|8.57|8.38|8.57|8.38|0.0||
ATLC|72|NASDAQ|2019|12|24|15|30|6400|8.59|7.93|8.5|8.19|0.0||
ATLC|73|NASDAQ|2019|12|23|15|30|9400|8.6|7.94|8.6|8.2|0.0||
ATLC|74|NASDAQ|2019|12|20|15|30|15200|8.34|7.88|8.34|8.29|0.0||
ATLC|75|NASDAQ|2019|12|19|15|30|9000|8.4|8.24|8.32|8.4|0.0||
ATLC|76|NASDAQ|2019|12|18|15|30|5700|8.71|8.21|8.67|8.27|0.0||
ATLC|77|NASDAQ|2019|12|17|15|30|8600|8.71|8.19|8.4|8.19|0.0||
ATLC|78|NASDAQ|2019|12|16|15|30|6000|8.75|8.24|8.73|8.3|0.0||
ATLC|79|NASDAQ|2019|12|13|15|30|2700|8.4|8.26|8.4|8.26|0.0||
ATLC|80|NASDAQ|2019|12|12|15|30|4000|8.35|8.23|8.35|8.35|0.0||
ATLC|81|NASDAQ|2019|12|11|15|30|7600|8.35|8.08|8.19|8.27|0.0||
ATLC|82|NASDAQ|2019|12|10|15|30|10900|8.33|7.75|8.03|8.01|0.0||
ATLC|83|NASDAQ|2019|12|9|15|30|10000|8.09|7.71|7.89|7.96|0.0||
ATLC|84|NASDAQ|2019|12|6|15|30|17100|8.22|7.95|7.96|8.0|0.0||
ATLC|85|NASDAQ|2019|12|5|15|30|2600|8.0|7.95|7.95|8.0|0.0||
ATLC|86|NASDAQ|2019|12|4|15|30|20100|8.21|7.45|7.76|7.45|0.0||
ATLC|87|NASDAQ|2019|12|3|15|30|5300|8.13|7.6|7.95|7.77|0.0||
ATLC|88|NASDAQ|2019|12|2|15|30|2700|7.95|7.43|7.92|7.43|0.0||
ATLC|89|NASDAQ|2019|11|29|15|30|6100|7.95|7.37|7.95|7.94|0.0||
ATLC|90|NASDAQ|2019|11|27|15|30|2800|7.91|7.64|7.91|7.64|0.0||
ATLC|91|NASDAQ|2019|11|26|15|30|11000|7.89|7.5|7.84|7.89|0.0||
ATLC|92|NASDAQ|2019|11|25|15|30|8800|7.89|6.99|7.55|7.8|0.0||
ATLC|93|NASDAQ|2019|11|22|15|30|7900|7.86|7.46|7.46|7.86|0.0||
ATLC|94|NASDAQ|2019|11|21|15|30|4700|7.84|7.42|7.71|7.42|0.0||
ATLC|95|NASDAQ|2019|11|20|15|30|7300|7.88|7.43|7.6|7.78|0.0||
ATLC|96|NASDAQ|2019|11|19|15|30|12800|7.85|7.39|7.82|7.63|0.0||
ATLC|97|NASDAQ|2019|11|18|15|30|6600|7.45|7.22|7.35|7.41|0.0||
ATLC|98|NASDAQ|2019|11|15|15|30|11300|8.04|7.09|7.48|7.2|0.0||
ATLC|99|NASDAQ|2019|11|14|15|30|4500|7.36|7.05|7.05|7.16|0.0||
ATLC|100|NASDAQ|2019|11|13|15|30|5300|7.29|7.04|7.29|7.04|0.0||
ATLC|101|NASDAQ|2019|11|12|15|30|5500|7.07|6.84|7.02|7.01|0.0||
ATLC|102|NASDAQ|2019|11|11|15|30|6400|6.93|6.5|6.89|6.87|0.0||
ATLC|103|NASDAQ|2019|11|8|15|30|27800|6.97|6.72|6.94|6.73|0.0||
ATLC|104|NASDAQ|2019|11|7|15|30|27500|7.55|6.88|6.95|7.55|0.0||
ATLC|105|NASDAQ|2019|11|6|15|30|5000|7.74|7.57|7.69|7.6|0.0||
ATLC|106|NASDAQ|2019|11|5|15|30|4600|7.81|7.57|7.7|7.81|0.0||
ATLC|107|NASDAQ|2019|11|4|15|30|19800|8.06|7.72|7.84|8.0|0.0||
ATLC|108|NASDAQ|2019|11|1|14|30|8200|8.09|7.85|7.9|7.94|0.0||
ATLC|109|NASDAQ|2019|10|31|14|30|12100|8.03|7.82|7.91|7.84|0.0||
ATLC|110|NASDAQ|2019|10|30|14|30|16400|8.12|7.76|7.88|7.83|0.0||
ATLC|111|NASDAQ|2019|10|29|14|30|30000|8.21|7.68|7.88|7.75|0.0||
ATLC|112|NASDAQ|2019|10|28|14|30|26200|8.45|7.63|7.79|8.35|0.0||
ATLC|113|NASDAQ|2019|10|25|15|30|17900|8.12|7.96|8.0|8.1|0.0||
ATLC|114|NASDAQ|2019|10|24|15|30|36500|8.17|7.9|8.04|8.06|0.0||
ATLC|115|NASDAQ|2019|10|23|15|30|9100|8.19|7.88|7.99|7.88|0.0||
ATLC|116|NASDAQ|2019|10|22|15|30|30600|8.37|7.8|8.21|7.85|0.0||
ATLC|117|NASDAQ|2019|10|21|15|30|54000|8.13|7.61|8.09|7.89|0.0||
ATLC|118|NASDAQ|2019|10|18|15|30|44200|8.23|7.66|7.91|7.77|0.0||
ATLC|119|NASDAQ|2019|10|17|15|30|38500|8.27|7.73|7.83|8.1|0.0||
ATLC|120|NASDAQ|2019|10|16|15|30|37000|8.54|7.56|8.15|7.75|0.0||
ATLC|121|NASDAQ|2019|10|15|15|30|51300|8.7|7.36|7.65|8.55|0.0||
ATLC|122|NASDAQ|2019|10|14|15|30|70800|8.8|8.15|8.58|8.16|0.0||
ATLC|123|NASDAQ|2019|10|11|15|30|46900|8.7|7.26|8.11|7.35|||
ATLC|124|NASDAQ|2019|10|10|15|30|118400|8.18|6.77|7.35|7.11|||
ATLC|125|NASDAQ|2019|10|9|15|30|21600|7.73|7.32|7.48|7.5|||
ATLC|126|NASDAQ|2019|10|8|15|30|40900|7.83|7.35|7.42|7.8|||
ATLO|0|NASDAQ|2020|4|8|19|54|8085|20.41|20.200001|20.389999|20.360001|||
ATLO|1|NASDAQ|2020|4|7|15|30|24600|20.719999|19.68|20.309999|20.040001|||
ATLO|2|NASDAQ|2020|4|6|15|30|43400|20.219999|18.610001|20.219999|18.799999|||
ATLO|3|NASDAQ|2020|4|3|15|30|23200|18.690001|17.799999|18.01|18.27|||
ATLO|4|NASDAQ|2020|4|2|15|30|27100|19.68|17.799999|18.690001|19.0|||
ATLO|5|NASDAQ|2020|4|1|15|30|24900|20.25|18.73|19.030001|19.5|0.0||
ATLO|6|NASDAQ|2020|3|31|15|30|53000|20.860001|19.040001|20.450001|19.77|0.0||
ATLO|7|NASDAQ|2020|3|30|15|30|26900|20.74|19.780001|20.15|19.959999|0.0||
ATLO|8|NASDAQ|2020|3|27|14|30|15100|21.959999|19.959999|19.959999|21.0|0.0||
ATLO|9|NASDAQ|2020|3|26|14|30|17600|22.120001|21.129999|21.5|21.17|0.0||
ATLO|10|NASDAQ|2020|3|25|14|30|10300|21.389999|19.76|21.02|20.540001|0.0||
ATLO|11|NASDAQ|2020|3|24|14|30|22400|21.530001|19.75|20.700001|21.200001|0.0||
ATLO|12|NASDAQ|2020|3|23|14|30|23700|20.65|18.719999|19.27|19.379999|0.0||
ATLO|13|NASDAQ|2020|3|20|14|30|38000|21.0|18.85|18.9|20.870001|0.0||
ATLO|14|NASDAQ|2020|3|19|14|30|23100|21.620001|20.459999|21.0|20.6|0.0||
ATLO|15|NASDAQ|2020|3|18|14|30|25100|21.190001|19.27|20.5|20.700001|0.0||
ATLO|16|NASDAQ|2020|3|17|14|30|34400|22.6|18.200001|22.0|18.200001|0.0||
ATLO|17|NASDAQ|2020|3|16|14|30|32500|22.059999|18.0|18.0|21.67|0.0||
ATLO|18|NASDAQ|2020|3|13|14|30|28100|23.0|19.620001|22.75|19.93|0.0||
ATLO|19|NASDAQ|2020|3|12|14|30|44100|21.0|18.4|18.799999|19.41|0.0||
ATLO|20|NASDAQ|2020|3|11|14|30|22800|23.0|20.950001|21.139999|22.969999|0.0||
ATLO|21|NASDAQ|2020|3|10|14|30|14000|25.01|22.75|22.950001|23.219999|0.0||
ATLO|22|NASDAQ|2020|3|9|14|30|21700|25.389999|22.360001|22.690001|25.389999|0.0||
ATLO|23|NASDAQ|2020|3|6|15|30|25200|26.809999|25.57|25.879999|26.110001|0.0||
ATLO|24|NASDAQ|2020|3|5|15|30|20300|26.59|25.940001|26.57|26.35|0.0||
ATLO|25|NASDAQ|2020|3|4|15|30|29700|26.83|25.91|26.83|26.809999|0.0||
ATLO|26|NASDAQ|2020|3|3|15|30|14300|26.75|26.25|26.639999|26.280001|0.0||
ATLO|27|NASDAQ|2020|3|2|15|30|29900|26.450001|25.700001|26.450001|25.85|0.0||
ATLO|28|NASDAQ|2020|2|28|15|30|23300|26.5|25.6|25.870001|26.209999|0.0||
ATLO|29|NASDAQ|2020|2|27|15|30|23200|26.879999|26.01|26.5|26.459999|0.0||
ATLO|30|NASDAQ|2020|2|26|15|30|6500|26.940001|26.719999|26.799999|26.889999|0.0||
ATLO|31|NASDAQ|2020|2|25|15|30|35900|26.99|26.700001|26.879999|26.92|0.0||
ATLO|32|NASDAQ|2020|2|24|15|30|9900|27.0|26.75|27.0|26.799999|0.0||
ATLO|33|NASDAQ|2020|2|21|15|30|13200|27.08|26.780001|26.879999|27.08|0.0||
ATLO|34|NASDAQ|2020|2|20|15|30|4400|27.08|26.799999|27.02|26.9|0.0||
ATLO|35|NASDAQ|2020|2|19|15|30|9600|27.25|26.9|26.950001|27.17|0.0||
ATLO|36|NASDAQ|2020|2|18|15|30|8400|27.299999|27.040001|27.280001|27.1|0.0||
ATLO|37|NASDAQ|2020|2|14|15|30|9100|27.32|26.99|27.110001|27.0|0.0||
ATLO|38|NASDAQ|2020|2|13|15|30|2500|26.99|26.9|26.99|26.92|0.0||
ATLO|39|NASDAQ|2020|2|12|15|30|4900|27.0|26.82|26.9|27.0|0.0||
ATLO|40|NASDAQ|2020|2|11|15|30|3200|27.0|26.809999|26.91|27.0|0.0||
ATLO|41|NASDAQ|2020|2|10|15|30|5700|27.0|26.75|27.0|26.860001|0.0||
ATLO|42|NASDAQ|2020|2|7|15|30|8700|27.030001|26.83|26.91|26.98|0.0||
ATLO|43|NASDAQ|2020|2|6|15|30|11800|27.059999|26.75|26.959999|26.98|0.0||
ATLO|44|NASDAQ|2020|2|5|15|30|5100|26.940001|26.700001|26.940001|26.700001|0.0||
ATLO|45|NASDAQ|2020|2|4|15|30|5600|26.77|26.57|26.719999|26.74|0.0||
ATLO|46|NASDAQ|2020|2|3|15|30|9900|26.85|26.530001|26.780001|26.84|0.0||
ATLO|47|NASDAQ|2020|1|31|15|30|25800|26.85|26.4|26.68|26.75|0.0||
ATLO|48|NASDAQ|2020|1|30|15|30|6300|26.889999|26.67|26.879999|26.860001|0.0||
ATLO|49|NASDAQ|2020|1|29|15|30|11100|27.16|26.82|27.09|27.110001|0.0||
ATLO|50|NASDAQ|2020|1|28|15|30|6500|27.23|26.860001|27.23|26.860001|0.0||
ATLO|51|NASDAQ|2020|1|27|15|30|3900|27.049999|26.92|26.950001|26.92|0.0||
ATLO|52|NASDAQ|2020|1|24|15|30|7700|27.27|26.959999|27.1|27.09|0.0||
ATLO|53|NASDAQ|2020|1|23|15|30|4900|27.17|26.870001|27.17|27.01|0.0||
ATLO|54|NASDAQ|2020|1|22|15|30|4200|27.040001|26.870001|27.030001|26.9|0.0||
ATLO|55|NASDAQ|2020|1|21|15|30|10700|27.17|26.84|27.0|27.17|0.0||
ATLO|56|NASDAQ|2020|1|17|15|30|10500|27.200001|27.049999|27.129999|27.200001|0.0||
ATLO|57|NASDAQ|2020|1|16|15|30|13900|27.25|27.09|27.129999|27.09|0.0||
ATLO|58|NASDAQ|2020|1|15|15|30|9100|27.33|26.940001|27.23|27.15|0.0||
ATLO|59|NASDAQ|2020|1|14|15|30|7600|27.24|27.07|27.200001|27.07|0.0||
ATLO|60|NASDAQ|2020|1|13|15|30|7100|27.42|26.950001|27.200001|27.42|0.0||
ATLO|61|NASDAQ|2020|1|10|15|30|9700|27.459999|27.0|27.16|27.459999|0.0||
ATLO|62|NASDAQ|2020|1|9|15|30|6800|27.4|27.26|27.4|27.299999|0.0||
ATLO|63|NASDAQ|2020|1|8|15|30|9600|27.35|27.219999|27.219999|27.280001|0.0||
ATLO|64|NASDAQ|2020|1|7|15|30|13300|27.290001|27.120001|27.200001|27.15|0.0||
ATLO|65|NASDAQ|2020|1|6|15|30|10700|27.27|26.799999|27.190001|26.799999|0.0||
ATLO|66|NASDAQ|2020|1|3|15|30|101900|27.469999|25.76|26.799999|27.469999|0.0||
ATLO|67|NASDAQ|2020|1|2|15|30|2800|28.049999|27.610001|27.790001|28.049999|0.0||
ATLO|68|NASDAQ|2019|12|31|15|30|6100|28.059999|27.790001|28.059999|27.99|0.0||
ATLO|69|NASDAQ|2019|12|30|15|30|2800|28.059999|27.85|27.950001|27.93|0.0||
ATLO|70|NASDAQ|2019|12|27|15|30|6400|28.0|27.799999|27.870001|27.889999|0.0||
ATLO|71|NASDAQ|2019|12|26|15|30|11300|27.75|27.610001|27.610001|27.75|0.0||
ATLO|72|NASDAQ|2019|12|24|15|30|6200|28.02|27.780001|27.780001|28.02|0.0||
ATLO|73|NASDAQ|2019|12|23|15|30|3900|27.879999|27.809999|27.83|27.879999|0.0||
ATLO|74|NASDAQ|2019|12|20|15|30|64500|28.120001|27.93|28.120001|27.98|0.0||
ATLO|75|NASDAQ|2019|12|19|15|30|4300|28.049999|27.82|27.879999|28.030001|0.0||
ATLO|76|NASDAQ|2019|12|18|15|30|6600|28.16|27.860001|27.860001|28.139999|0.0||
ATLO|77|NASDAQ|2019|12|17|15|30|9500|28.049999|27.83|27.969999|27.83|0.0||
ATLO|78|NASDAQ|2019|12|16|15|30|16200|28.41|27.889999|27.969999|28.41|0.0||
ATLO|79|NASDAQ|2019|12|13|15|30|23500|28.610001|28.049999|28.059999|28.5|0.0||
ATLO|80|NASDAQ|2019|12|12|15|30|9900|28.59|27.65|28.59|27.65|0.0||
ATLO|81|NASDAQ|2019|12|11|15|30|8700|28.360001|27.4|28.360001|28.059999|0.0||
ATLO|82|NASDAQ|2019|12|10|15|30|4200|28.01|27.4|28.01|27.4|0.0||
ATLO|83|NASDAQ|2019|12|9|15|30|4300|28.09|27.74|27.74|27.799999|0.0||
ATLO|84|NASDAQ|2019|12|6|15|30|15700|28.299999|27.59|27.74|27.6|0.0||
ATLO|85|NASDAQ|2019|12|5|15|30|800|27.57|27.57|27.57|27.57|0.0||
ATLO|86|NASDAQ|2019|12|4|15|30|4900|28.0|27.639999|27.639999|27.9|0.0||
ATLO|87|NASDAQ|2019|12|3|15|30|2200|27.99|27.5|27.75|27.5|0.0||
ATLO|88|NASDAQ|2019|12|2|15|30|5900|27.959999|27.639999|27.719999|27.84|0.0||
ATLO|89|NASDAQ|2019|11|29|15|30|1400|28.190001|28.190001|28.190001|28.190001|0.0||
ATLO|90|NASDAQ|2019|11|27|15|30|3100|28.24|27.799999|28.1|27.82|0.0||
ATLO|91|NASDAQ|2019|11|26|15|30|11300|28.690001|27.870001|27.870001|28.6|0.0||
ATLO|92|NASDAQ|2019|11|25|15|30|10500|28.6|27.74|28.459999|27.74|0.0||
ATLO|93|NASDAQ|2019|11|22|15|30|4800|28.15|27.700001|27.75|28.15|0.0||
ATLO|94|NASDAQ|2019|11|21|15|30|7200|28.459999|27.719999|27.950001|28.049999|0.0||
ATLO|95|NASDAQ|2019|11|20|15|30|15700|28.5|27.93|28.02|28.15|0.0||
ATLO|96|NASDAQ|2019|11|19|15|30|7700|28.5|27.690001|28.34|27.879999|0.0||
ATLO|97|NASDAQ|2019|11|18|15|30|9700|28.120001|27.620001|28.120001|27.639999|0.0||
ATLO|98|NASDAQ|2019|11|15|15|30|11000|27.879999|27.610001|27.879999|27.719999|0.0||
ATLO|99|NASDAQ|2019|11|14|15|30|5800|27.66|27.23|27.48|27.280001|0.0||
ATLO|100|NASDAQ|2019|11|13|15|30|1800|27.360001|27.030001|27.299999|27.15|0.0||
ATLO|101|NASDAQ|2019|11|12|15|30|4800|27.35|26.99|27.190001|27.219999|0.0||
ATLO|102|NASDAQ|2019|11|11|15|30|3200|27.23|26.969999|27.17|27.02|0.0||
ATLO|103|NASDAQ|2019|11|8|15|30|4500|27.48|27.120001|27.120001|27.48|0.0||
ATLO|104|NASDAQ|2019|11|7|15|30|10600|27.77|27.01|27.299999|27.440001|0.0||
ATLO|105|NASDAQ|2019|11|6|15|30|17600|28.5|27.25|27.27|28.5|0.0||
ATLO|106|NASDAQ|2019|11|5|15|30|8500|28.700001|27.639999|28.700001|27.860001|0.0||
ATLO|107|NASDAQ|2019|11|4|15|30|3700|27.93|27.25|27.83|27.4|0.0||
ATLO|108|NASDAQ|2019|11|1|14|30|10900|27.68|27.35|27.5|27.68|0.0||
ATLO|109|NASDAQ|2019|10|31|14|30|12100|27.98|27.25|27.700001|27.85|0.0||
ATLO|110|NASDAQ|2019|10|30|14|30|3700|28.24|27.98|28.16|28.24|0.0||
ATLO|111|NASDAQ|2019|10|29|14|30|8500|28.030001|27.530001|27.950001|27.780001|0.0||
ATLO|112|NASDAQ|2019|10|28|14|30|2900|27.969999|27.200001|27.85|27.200001|0.0||
ATLO|113|NASDAQ|2019|10|25|15|30|5200|27.51|27.18|27.23|27.4|0.0||
ATLO|114|NASDAQ|2019|10|24|15|30|8300|27.450001|27.059999|27.23|27.43|0.0||
ATLO|115|NASDAQ|2019|10|23|15|30|4300|27.68|27.35|27.35|27.610001|0.0||
ATLO|116|NASDAQ|2019|10|22|15|30|7500|27.92|27.43|27.629999|27.92|0.0||
ATLO|117|NASDAQ|2019|10|21|15|30|6500|28.0|27.530001|28.0|27.65|0.0||
ATLO|118|NASDAQ|2019|10|18|15|30|7500|27.65|27.360001|27.5|27.360001|0.0||
ATLO|119|NASDAQ|2019|10|17|15|30|3700|27.65|27.370001|27.5|27.65|0.0||
ATLO|120|NASDAQ|2019|10|16|15|30|3400|27.77|27.370001|27.459999|27.41|0.0||
ATLO|121|NASDAQ|2019|10|15|15|30|13800|27.67|27.25|27.41|27.35|0.0||
ATLO|122|NASDAQ|2019|10|14|15|30|17800|27.940001|27.309999|27.42|27.860001|0.0||
ATLO|123|NASDAQ|2019|10|11|15|30|11200|28.26|27.4|27.92|27.75|||
ATLO|124|NASDAQ|2019|10|10|15|30|9000|27.74|27.43|27.51|27.43|||
ATLO|125|NASDAQ|2019|10|9|15|30|6300|27.68|27.280001|27.4|27.4|||
ATLO|126|NASDAQ|2019|10|8|15|30|4100|27.379999|27.17|27.190001|27.370001|||
ATNX|0|NASDAQ|2020|4|8|20|20|626259|8.45|7.88|7.92|8.33|||
ATNX|1|NASDAQ|2020|4|7|15|30|960700|8.65|7.91|8.15|8.38|||
ATNX|2|NASDAQ|2020|4|6|15|30|536400|8.15|7.45|8.13|7.54|||
ATNX|3|NASDAQ|2020|4|3|15|30|589600|8.04|7.07|7.11|8.04|||
ATNX|4|NASDAQ|2020|4|2|15|30|668400|8.08|7.5|8.06|7.78|||
ATNX|5|NASDAQ|2020|4|1|15|30|758300|7.8|6.96|7.75|7.41|0.0||
ATNX|6|NASDAQ|2020|3|31|15|30|815500|8.2|7.41|7.74|8.2|0.0||
ATNX|7|NASDAQ|2020|3|30|15|30|567200|8.15|7.25|8.13|7.61|0.0||
ATNX|8|NASDAQ|2020|3|27|14|30|616000|8.34|7.52|7.53|8.29|0.0||
ATNX|9|NASDAQ|2020|3|26|14|30|655200|9.215|8.06|8.65|8.06|0.0||
ATNX|10|NASDAQ|2020|3|25|14|30|648700|8.095|7.17|8.0|7.35|0.0||
ATNX|11|NASDAQ|2020|3|24|14|30|842900|7.63|6.87|7.32|7.26|0.0||
ATNX|12|NASDAQ|2020|3|23|14|30|865300|7.045|6.26|6.74|6.7|0.0||
ATNX|13|NASDAQ|2020|3|20|14|30|1175000|7.6|6.5|6.57|7.19|1.0||
ATNX|14|NASDAQ|2020|3|19|14|30|906700|7.3|5.7|6.99|5.73|0.0||
ATNX|15|NASDAQ|2020|3|18|14|30|1499300|6.87|5.63|5.71|6.62|1.0||
ATNX|16|NASDAQ|2020|3|17|14|30|1446200|7.34|6.46|7.0|7.07|0.0||
ATNX|17|NASDAQ|2020|3|16|14|30|1014400|8.0|6.99|6.99|7.69|0.0||
ATNX|18|NASDAQ|2020|3|13|14|30|1250000|9.31|7.8|8.56|8.89|0.0||
ATNX|19|NASDAQ|2020|3|12|14|30|2168100|9.08|8.05|8.2|9.0|0.0||
ATNX|20|NASDAQ|2020|3|11|14|30|1066200|10.38|9.4|9.66|10.21|0.0||
ATNX|21|NASDAQ|2020|3|10|14|30|1108700|10.6|9.7|10.47|10.47|0.0||
ATNX|22|NASDAQ|2020|3|9|14|30|1179200|11.45|9.701|9.81|11.05|0.0||
ATNX|23|NASDAQ|2020|3|6|15|30|608000|12.34|11.42|11.66|12.06|0.0||
ATNX|24|NASDAQ|2020|3|5|15|30|570300|13.19|12.41|12.5|13.01|0.0||
ATNX|25|NASDAQ|2020|3|4|15|30|475600|13.324000000000002|12.86|13.13|13.23|0.0||
ATNX|26|NASDAQ|2020|3|3|15|30|753900|13.17|12.66|12.9|12.79|0.0||
ATNX|27|NASDAQ|2020|3|2|15|30|1042300|12.95|12.05|12.89|12.5|0.0||
ATNX|28|NASDAQ|2020|2|28|15|30|1438300|12.23|11.609000000000002|12.22|11.78|0.0||
ATNX|29|NASDAQ|2020|2|27|15|30|851000|12.76|11.5|11.91|12.0|0.0||
ATNX|30|NASDAQ|2020|2|26|15|30|638900|12.62|12.034|12.25|12.55|0.0||
ATNX|31|NASDAQ|2020|2|25|15|30|916300|13.15|12.01|12.36|13.0|0.0||
ATNX|32|NASDAQ|2020|2|24|15|30|822600|13.62|12.7|12.95|13.54|0.0||
ATNX|33|NASDAQ|2020|2|21|15|30|552700|14.63|13.84|13.99|14.63|0.0||
ATNX|34|NASDAQ|2020|2|20|15|30|595300|14.84|14.26|14.62|14.79|0.0||
ATNX|35|NASDAQ|2020|2|19|15|30|612000|15.15|14.572|14.79|15.1|0.0||
ATNX|36|NASDAQ|2020|2|18|15|30|587300|15.03|14.32|15.01|14.68|0.0||
ATNX|37|NASDAQ|2020|2|14|15|30|270800|14.93|14.59|14.78|14.89|0.0||
ATNX|38|NASDAQ|2020|2|13|15|30|282400|15.38|14.89|14.9|15.21|0.0||
ATNX|39|NASDAQ|2020|2|12|15|30|393200|15.39|14.65|15.26|14.88|0.0||
ATNX|40|NASDAQ|2020|2|11|15|30|365300|15.01|14.49|14.8|14.82|0.0||
ATNX|41|NASDAQ|2020|2|10|15|30|314600|14.895|14.44|14.71|14.47|0.0||
ATNX|42|NASDAQ|2020|2|7|15|30|426000|15.305|14.44|14.5|15.18|0.0||
ATNX|43|NASDAQ|2020|2|6|15|30|579400|15.67|14.5|15.23|14.62|0.0||
ATNX|44|NASDAQ|2020|2|5|15|30|488300|14.83|14.32|14.6|14.32|0.0||
ATNX|45|NASDAQ|2020|2|4|15|30|368400|14.5|13.985|14.38|13.99|0.0||
ATNX|46|NASDAQ|2020|2|3|15|30|532400|13.9|13.32|13.85|13.35|0.0||
ATNX|47|NASDAQ|2020|1|31|15|30|619600|14.08|13.16|13.39|14.08|1.0||
ATNX|48|NASDAQ|2020|1|30|15|30|360400|14.44|13.995|14.13|14.12|0.0||
ATNX|49|NASDAQ|2020|1|29|15|30|274300|14.41|14.15|14.28|14.4|0.0||
ATNX|50|NASDAQ|2020|1|28|15|30|409700|14.43|13.989|14.27|14.03|0.0||
ATNX|51|NASDAQ|2020|1|27|15|30|479100|14.13|13.83|13.88|14.03|0.0||
ATNX|52|NASDAQ|2020|1|24|15|30|561400|15.138|14.31|14.33|15.02|0.0||
ATNX|53|NASDAQ|2020|1|23|15|30|466100|15.281|14.91|15.01|15.27|0.0||
ATNX|54|NASDAQ|2020|1|22|15|30|336700|15.56|15.19|15.36|15.56|0.0||
ATNX|55|NASDAQ|2020|1|21|15|30|384800|15.7|15.13|15.52|15.22|0.0||
ATNX|56|NASDAQ|2020|1|17|15|30|389400|15.73|15.14|15.27|15.57|0.0||
ATNX|57|NASDAQ|2020|1|16|15|30|332300|15.71|15.25|15.44|15.58|0.0||
ATNX|58|NASDAQ|2020|1|15|15|30|427900|15.54|15.21|15.42|15.35|0.0||
ATNX|59|NASDAQ|2020|1|14|15|30|555100|15.36|14.7|15.23|14.99|0.0||
ATNX|60|NASDAQ|2020|1|13|15|30|569000|15.67|14.91|15.09|15.5|0.0||
ATNX|61|NASDAQ|2020|1|10|15|30|491000|15.75|15.32|15.5|15.47|0.0||
ATNX|62|NASDAQ|2020|1|9|15|30|351900|16.040001|15.37|15.4|16.0|0.0||
ATNX|63|NASDAQ|2020|1|8|15|30|392300|16.02|15.48|15.85|15.61|0.0||
ATNX|64|NASDAQ|2020|1|7|15|30|519500|16.01|15.35|15.64|15.7|0.0||
ATNX|65|NASDAQ|2020|1|6|15|30|669900|15.8|14.86|15.6|15.78|0.0||
ATNX|66|NASDAQ|2020|1|3|15|30|675800|15.88|15.36|15.71|15.57|0.0||
ATNX|67|NASDAQ|2020|1|2|15|30|688100|15.86|15.09|15.8|15.39|0.0||
ATNX|68|NASDAQ|2019|12|31|15|30|692000|15.53|14.831|15.27|15.32|0.0||
ATNX|69|NASDAQ|2019|12|30|15|30|959100|16.0|15.21|15.36|15.6|0.0||
ATNX|70|NASDAQ|2019|12|27|15|30|873100|15.43|14.86|15.28|15.13|0.0||
ATNX|71|NASDAQ|2019|12|26|15|30|1343300|15.354|14.45|15.2|15.02|0.0||
ATNX|72|NASDAQ|2019|12|24|15|30|500800|14.56|14.01|14.54|14.25|0.0||
ATNX|73|NASDAQ|2019|12|23|15|30|962700|14.63|14.02|14.31|14.26|0.0||
ATNX|74|NASDAQ|2019|12|20|15|30|1790300|14.39|13.97|14.18|14.21|0.0||
ATNX|75|NASDAQ|2019|12|19|15|30|1249400|14.295|13.08|14.21|13.35|0.0||
ATNX|76|NASDAQ|2019|12|18|15|30|1283600|13.74|12.91|13.39|13.33|0.0||
ATNX|77|NASDAQ|2019|12|17|15|30|1328500|13.62|12.8|13.11|13.55|0.0||
ATNX|78|NASDAQ|2019|12|16|15|30|2589800|15.0|13.02|13.57|15.0|0.0||
ATNX|79|NASDAQ|2019|12|13|15|30|6975000|17.365|13.36|14.55|16.290001|0.0||
ATNX|80|NASDAQ|2019|12|12|15|30|1537200|17.341998999999998|16.83|16.959999|17.299999|0.0||
ATNX|81|NASDAQ|2019|12|11|15|30|1301900|18.35|17.200001|17.309998999999998|17.57|0.0||
ATNX|82|NASDAQ|2019|12|10|15|30|1086300|17.57|16.674999|17.5|16.690001000000002|0.0||
ATNX|83|NASDAQ|2019|12|9|15|30|1144700|17.99|16.15|16.655001000000002|17.91|0.0||
ATNX|84|NASDAQ|2019|12|6|15|30|1010400|17.799999|16.450001|17.75|16.66|0.0||
ATNX|85|NASDAQ|2019|12|5|15|30|1126500|17.5|16.104|16.440001000000002|16.129998999999998|0.0||
ATNX|86|NASDAQ|2019|12|4|15|30|732900|16.15|15.74|16.1|15.99|0.0||
ATNX|87|NASDAQ|2019|12|3|15|30|927400|16.139999|15.44|15.985|15.54|0.0||
ATNX|88|NASDAQ|2019|12|2|15|30|958500|16.0|15.42|15.7|15.53|0.0||
ATNX|89|NASDAQ|2019|11|29|15|30|254300|15.86|15.36|15.58|15.67|0.0||
ATNX|90|NASDAQ|2019|11|27|15|30|779600|15.94|15.39|15.69|15.77|0.0||
ATNX|91|NASDAQ|2019|11|26|15|30|1259800|16.75|15.62|15.78|16.719998999999998|0.0||
ATNX|92|NASDAQ|2019|11|25|15|30|1327400|16.620001000000002|15.6|16.610001|16.24|0.0||
ATNX|93|NASDAQ|2019|11|22|15|30|1367200|16.190001000000002|15.15|16.08|15.45|0.0||
ATNX|94|NASDAQ|2019|11|21|15|30|837200|15.57|15.04|15.42|15.25|0.0||
ATNX|95|NASDAQ|2019|11|20|15|30|1881900|15.48|14.15|15.195|15.15|0.0||
ATNX|96|NASDAQ|2019|11|19|15|30|6009600|16.469998999999998|12.295|15.52|12.3|0.0||
ATNX|97|NASDAQ|2019|11|18|15|30|506300|11.72|11.22|11.44|11.65|1.0||
ATNX|98|NASDAQ|2019|11|15|15|30|394000|11.63|11.09|11.63|11.31|1.0||
ATNX|99|NASDAQ|2019|11|14|15|30|467700|11.79|11.205|11.23|11.7|1.0||
ATNX|100|NASDAQ|2019|11|13|15|30|483600|12.03|11.65|11.81|11.99|1.0||
ATNX|101|NASDAQ|2019|11|12|15|30|389500|11.82|11.366|11.71|11.48|0.0||
ATNX|102|NASDAQ|2019|11|11|15|30|491500|12.14|11.36|11.39|11.85|0.0||
ATNX|103|NASDAQ|2019|11|8|15|30|510800|12.055|11.28|11.94|11.6|0.0||
ATNX|104|NASDAQ|2019|11|7|15|30|780600|11.8|11.1|11.67|11.43|0.0||
ATNX|105|NASDAQ|2019|11|6|15|30|633400|11.78|11.44|11.49|11.62|0.0||
ATNX|106|NASDAQ|2019|11|5|15|30|506100|11.87|11.39|11.65|11.5|0.0||
ATNX|107|NASDAQ|2019|11|4|15|30|601000|11.68|11.21|11.5|11.63|0.0||
ATNX|108|NASDAQ|2019|11|1|14|30|596500|11.66|11.06|11.58|11.06|0.0||
ATNX|109|NASDAQ|2019|10|31|14|30|567200|11.24|10.97|11.04|10.98|0.0||
ATNX|110|NASDAQ|2019|10|30|14|30|525100|11.12|10.93|11.0|11.05|0.0||
ATNX|111|NASDAQ|2019|10|29|14|30|431400|11.24|10.86|11.0|11.08|0.0||
ATNX|112|NASDAQ|2019|10|28|14|30|806800|11.36|10.87|11.12|10.98|0.0||
ATNX|113|NASDAQ|2019|10|25|15|30|1106200|11.13|10.11|10.92|10.5|0.0||
ATNX|114|NASDAQ|2019|10|24|15|30|1157500|11.4|10.49|10.58|11.09|0.0||
ATNX|115|NASDAQ|2019|10|23|15|30|1367700|11.73|10.77|11.11|11.5|0.0||
ATNX|116|NASDAQ|2019|10|22|15|30|7326500|11.55|8.82|11.5|9.76|0.0||
ATNX|117|NASDAQ|2019|10|21|15|30|2947800|10.375|9.57|9.6|10.34|1.0||
ATNX|118|NASDAQ|2019|10|18|15|30|1367200|10.81|10.04|10.23|10.67|0.0||
ATNX|119|NASDAQ|2019|10|17|15|30|1595000|11.06|10.35|10.8|10.4|0.0||
ATNX|120|NASDAQ|2019|10|16|15|30|2482200|10.975|9.91|10.46|10.97|0.0||
ATNX|121|NASDAQ|2019|10|15|15|30|778300|11.29|10.85|11.09|10.87|0.0||
ATNX|122|NASDAQ|2019|10|14|15|30|591600|11.2|10.78|10.83|10.88|0.0||
ATNX|123|NASDAQ|2019|10|11|15|30|1044700|11.38|10.54|10.93|11.32|||
ATNX|124|NASDAQ|2019|10|10|15|30|337600|11.41|11.04|11.29|11.11|||
ATNX|125|NASDAQ|2019|10|9|15|30|382000|11.85|11.075|11.13|11.69|||
ATNX|126|NASDAQ|2019|10|8|15|30|321000|11.89|11.51|11.61|11.82|||
ATOM|0|NASDAQ|2020|4|8|20|7|12658|4.231|3.9|4.2|3.97|||
ATOM|1|NASDAQ|2020|4|7|15|30|88900|4.26|3.68|3.965|3.9|||
ATOM|2|NASDAQ|2020|4|6|15|30|29300|3.89|3.34|3.81|3.54|||
ATOM|3|NASDAQ|2020|4|3|15|30|17800|3.7|3.15|3.7|3.45|||
ATOM|4|NASDAQ|2020|4|2|15|30|39900|3.59|3.11|3.45|3.33|||
ATOM|5|NASDAQ|2020|4|1|15|30|42100|3.65|3.2|3.45|3.54|1.0||
ATOM|6|NASDAQ|2020|3|31|15|30|28800|3.65|3.48|3.5|3.62|0.0||
ATOM|7|NASDAQ|2020|3|30|15|30|28900|3.64|3.45|3.55|3.46|0.0||
ATOM|8|NASDAQ|2020|3|27|14|30|64800|3.7|3.25|3.49|3.58|0.0||
ATOM|9|NASDAQ|2020|3|26|14|30|57300|3.94|3.15|3.685|3.15|0.0||
ATOM|10|NASDAQ|2020|3|25|14|30|32900|3.25|3.017|3.18|3.04|0.0||
ATOM|11|NASDAQ|2020|3|24|14|30|38500|3.2|2.69|2.93|2.69|1.0||
ATOM|12|NASDAQ|2020|3|23|14|30|36700|2.86|2.53|2.55|2.71|1.0||
ATOM|13|NASDAQ|2020|3|20|14|30|66600|3.0|2.66|2.66|3.0|1.0||
ATOM|14|NASDAQ|2020|3|19|14|30|25500|3.02|2.91|2.91|2.91|0.0||
ATOM|15|NASDAQ|2020|3|18|14|30|89500|3.184|2.7|2.86|3.12|0.0||
ATOM|16|NASDAQ|2020|3|17|14|30|49600|3.33|2.93|3.31|2.99|0.0||
ATOM|17|NASDAQ|2020|3|16|14|30|38600|3.096|2.8|2.94|3.07|0.0||
ATOM|18|NASDAQ|2020|3|13|14|30|64200|3.207|3.0|3.15|3.1|0.0||
ATOM|19|NASDAQ|2020|3|12|14|30|111100|3.772|2.85|3.05|3.75|0.0||
ATOM|20|NASDAQ|2020|3|11|14|30|74500|4.457|3.751|4.06|4.45|0.0||
ATOM|21|NASDAQ|2020|3|10|14|30|28700|4.64|4.26|4.47|4.53|0.0||
ATOM|22|NASDAQ|2020|3|9|14|30|70000|5.0|4.44|4.46|4.99|0.0||
ATOM|23|NASDAQ|2020|3|6|15|30|57400|5.26|4.75|5.14|4.86|0.0||
ATOM|24|NASDAQ|2020|3|5|15|30|101400|5.441|4.82|4.93|5.22|0.0||
ATOM|25|NASDAQ|2020|3|4|15|30|117500|5.301|4.82|5.205|4.82|0.0||
ATOM|26|NASDAQ|2020|3|3|15|30|63200|4.8|4.549|4.75|4.58|0.0||
ATOM|27|NASDAQ|2020|3|2|15|30|51000|4.66|4.211|4.51|4.23|0.0||
ATOM|28|NASDAQ|2020|2|28|15|30|103600|4.5|4.154|4.39|4.45|0.0||
ATOM|29|NASDAQ|2020|2|27|15|30|80700|5.24|4.465|4.56|5.24|1.0||
ATOM|30|NASDAQ|2020|2|26|15|30|86200|5.375|4.898|5.2|4.9|0.0||
ATOM|31|NASDAQ|2020|2|25|15|30|63800|5.0|4.63|4.94|4.8|0.0||
ATOM|32|NASDAQ|2020|2|24|15|30|35500|4.97|4.7|4.78|4.89|0.0||
ATOM|33|NASDAQ|2020|2|21|15|30|101700|4.99|4.58|4.93|4.75|0.0||
ATOM|34|NASDAQ|2020|2|20|15|30|78600|4.9|4.6|4.71|4.61|0.0||
ATOM|35|NASDAQ|2020|2|19|15|30|122300|4.77|4.33|4.6|4.33|0.0||
ATOM|36|NASDAQ|2020|2|18|15|30|111200|4.84|4.25|4.38|4.84|0.0||
ATOM|37|NASDAQ|2020|2|14|15|30|31300|4.86|4.6|4.74|4.86|0.0||
ATOM|38|NASDAQ|2020|2|13|15|30|266400|5.48|4.15|4.9|5.48|0.0||
ATOM|39|NASDAQ|2020|2|12|15|30|195700|5.7170000000000005|5.03|5.28|5.57|0.0||
ATOM|40|NASDAQ|2020|2|11|15|30|790900|6.37|4.879|5.67|4.89|0.0||
ATOM|41|NASDAQ|2020|2|10|15|30|299100|5.45|4.27|4.89|4.27|0.0||
ATOM|42|NASDAQ|2020|2|7|15|30|24700|4.334|4.15|4.17|4.24|1.0||
ATOM|43|NASDAQ|2020|2|6|15|30|24600|4.476|4.2|4.2|4.44|1.0||
ATOM|44|NASDAQ|2020|2|5|15|30|27300|4.47|4.34|4.36|4.35|1.0||
ATOM|45|NASDAQ|2020|2|4|15|30|31900|4.35|4.15|4.35|4.16|0.0||
ATOM|46|NASDAQ|2020|2|3|15|30|19000|4.2|4.1|4.15|4.15|0.0||
ATOM|47|NASDAQ|2020|1|31|15|30|54100|4.314|4.12|4.16|4.31|0.0||
ATOM|48|NASDAQ|2020|1|30|15|30|39200|4.603|4.3|4.32|4.516|0.0||
ATOM|49|NASDAQ|2020|1|29|15|30|111000|4.849|4.38|4.5|4.48|0.0||
ATOM|50|NASDAQ|2020|1|28|15|30|31200|4.458|4.37|4.45|4.43|0.0||
ATOM|51|NASDAQ|2020|1|27|15|30|57400|4.55|4.42|4.43|4.5|0.0||
ATOM|52|NASDAQ|2020|1|24|15|30|87300|4.765|4.26|4.56|4.31|0.0||
ATOM|53|NASDAQ|2020|1|23|15|30|32900|4.34|4.1|4.32|4.29|0.0||
ATOM|54|NASDAQ|2020|1|22|15|30|51700|4.49|4.18|4.31|4.3|0.0||
ATOM|55|NASDAQ|2020|1|21|15|30|174800|4.5|4.15|4.25|4.43|0.0||
ATOM|56|NASDAQ|2020|1|17|15|30|251200|4.709|3.96|4.43|4.01|0.0||
ATOM|57|NASDAQ|2020|1|16|15|30|91100|4.02|3.77|3.78|3.93|1.0||
ATOM|58|NASDAQ|2020|1|15|15|30|42300|4.029|3.8|3.91|3.97|0.0||
ATOM|59|NASDAQ|2020|1|14|15|30|44500|4.105|3.95|4.0|4.08|0.0||
ATOM|60|NASDAQ|2020|1|13|15|30|128200|4.336|3.9|4.1|4.24|0.0||
ATOM|61|NASDAQ|2020|1|10|15|30|142800|4.25|3.59|4.17|3.65|0.0||
ATOM|62|NASDAQ|2020|1|9|15|30|95400|3.71|3.284|3.64|3.29|0.0||
ATOM|63|NASDAQ|2020|1|8|15|30|55300|3.35|3.2|3.3|3.26|1.0||
ATOM|64|NASDAQ|2020|1|7|15|30|41200|3.4|3.25|3.29|3.3|1.0||
ATOM|65|NASDAQ|2020|1|6|15|30|24600|3.31|3.15|3.31|3.16|1.0||
ATOM|66|NASDAQ|2020|1|3|15|30|35600|3.28|3.13|3.15|3.16|1.0||
ATOM|67|NASDAQ|2020|1|2|15|30|38300|3.21|3.085|3.16|3.13|0.0||
ATOM|68|NASDAQ|2019|12|31|15|30|62300|3.15|3.0|3.08|3.05|0.0||
ATOM|69|NASDAQ|2019|12|30|15|30|59800|3.06|2.86|3.05|2.95|0.0||
ATOM|70|NASDAQ|2019|12|27|15|30|46300|3.04|2.88|2.95|3.04|0.0||
ATOM|71|NASDAQ|2019|12|26|15|30|101000|3.122|2.9610000000000003|3.1|3.04|0.0||
ATOM|72|NASDAQ|2019|12|24|15|30|24200|3.17|3.0|3.08|3.05|0.0||
ATOM|73|NASDAQ|2019|12|23|15|30|52900|3.1|2.9|3.095|2.9|0.0||
ATOM|74|NASDAQ|2019|12|20|15|30|98600|2.93|2.81|2.93|2.81|0.0||
ATOM|75|NASDAQ|2019|12|19|15|30|46000|2.9|2.83|2.85|2.9|0.0||
ATOM|76|NASDAQ|2019|12|18|15|30|28200|2.92|2.835|2.91|2.85|0.0||
ATOM|77|NASDAQ|2019|12|17|15|30|33300|2.92|2.844|2.89|2.9|0.0||
ATOM|78|NASDAQ|2019|12|16|15|30|33500|2.92|2.77|2.89|2.87|0.0||
ATOM|79|NASDAQ|2019|12|13|15|30|19400|3.01|2.85|2.87|2.85|0.0||
ATOM|80|NASDAQ|2019|12|12|15|30|33400|2.97|2.86|2.97|2.89|0.0||
ATOM|81|NASDAQ|2019|12|11|15|30|15900|2.955|2.77|2.88|2.82|0.0||
ATOM|82|NASDAQ|2019|12|10|15|30|46200|2.94|2.738|2.85|2.84|0.0||
ATOM|83|NASDAQ|2019|12|9|15|30|44100|2.98|2.77|2.85|2.94|0.0||
ATOM|84|NASDAQ|2019|12|6|15|30|64700|3.06|2.92|2.92|3.03|0.0||
ATOM|85|NASDAQ|2019|12|5|15|30|23800|3.1|3.023|3.03|3.06|0.0||
ATOM|86|NASDAQ|2019|12|4|15|30|23200|3.17|3.01|3.06|3.17|0.0||
ATOM|87|NASDAQ|2019|12|3|15|30|41700|3.17|2.95|3.17|3.0|0.0||
ATOM|88|NASDAQ|2019|12|2|15|30|71900|3.1|2.91|2.99|2.95|0.0||
ATOM|89|NASDAQ|2019|11|29|15|30|13500|3.12|2.991|3.05|3.04|0.0||
ATOM|90|NASDAQ|2019|11|27|15|30|45900|3.17|2.96|3.01|3.04|0.0||
ATOM|91|NASDAQ|2019|11|26|15|30|62600|3.19|2.92|3.04|3.0|0.0||
ATOM|92|NASDAQ|2019|11|25|15|30|74400|3.2|2.9810000000000003|3.02|3.09|0.0||
ATOM|93|NASDAQ|2019|11|22|15|30|96200|3.09|2.96|3.07|3.0|0.0||
ATOM|94|NASDAQ|2019|11|21|15|30|21600|2.93|2.8|2.89|2.8|0.0||
ATOM|95|NASDAQ|2019|11|20|15|30|44600|3.1|2.87|2.91|2.99|0.0||
ATOM|96|NASDAQ|2019|11|19|15|30|86800|3.12|2.85|2.95|2.85|0.0||
ATOM|97|NASDAQ|2019|11|18|15|30|84700|2.95|2.67|2.8|2.67|0.0||
ATOM|98|NASDAQ|2019|11|15|15|30|32600|2.667|2.575|2.62|2.624|0.0||
ATOM|99|NASDAQ|2019|11|14|15|30|36000|2.85|2.63|2.64|2.73|0.0||
ATOM|100|NASDAQ|2019|11|13|15|30|39900|2.75|2.61|2.68|2.67|0.0||
ATOM|101|NASDAQ|2019|11|12|15|30|77700|2.818|2.6|2.66|2.818|0.0||
ATOM|102|NASDAQ|2019|11|11|15|30|56000|3.11|2.77|2.77|3.11|0.0||
ATOM|103|NASDAQ|2019|11|8|15|30|44600|3.084|2.81|3.03|3.084|0.0||
ATOM|104|NASDAQ|2019|11|7|15|30|51600|3.15|3.05|3.07|3.15|0.0||
ATOM|105|NASDAQ|2019|11|6|15|30|135100|3.78|3.05|3.22|3.57|0.0||
ATOM|106|NASDAQ|2019|11|5|15|30|10000|3.47|3.34|3.455|3.44|0.0||
ATOM|107|NASDAQ|2019|11|4|15|30|43700|3.68|3.4|3.44|3.5|0.0||
ATOM|108|NASDAQ|2019|11|1|14|30|52000|3.55|3.3|3.4|3.45|0.0||
ATOM|109|NASDAQ|2019|10|31|14|30|197000|3.669|3.335|3.37|3.62|0.0||
ATOM|110|NASDAQ|2019|10|30|14|30|21000|3.97|3.7|3.7|3.76|0.0||
ATOM|111|NASDAQ|2019|10|29|14|30|32100|4.02|3.67|3.8|4.02|0.0||
ATOM|112|NASDAQ|2019|10|28|14|30|100900|4.08|3.57|3.94|3.7|0.0||
ATOM|113|NASDAQ|2019|10|25|15|30|71100|3.66|3.445|3.61|3.54|0.0||
ATOM|114|NASDAQ|2019|10|24|15|30|25200|3.54|3.32|3.54|3.32|0.0||
ATOM|115|NASDAQ|2019|10|23|15|30|34700|3.59|3.27|3.28|3.27|1.0||
ATOM|116|NASDAQ|2019|10|22|15|30|23300|3.325|3.19|3.27|3.2|1.0||
ATOM|117|NASDAQ|2019|10|21|15|30|4400|3.34|3.2|3.2|3.34|0.0||
ATOM|118|NASDAQ|2019|10|18|15|30|11200|3.34|3.16|3.33|3.32|0.0||
ATOM|119|NASDAQ|2019|10|17|15|30|56700|3.41|3.1630000000000003|3.34|3.18|0.0||
ATOM|120|NASDAQ|2019|10|16|15|30|68100|3.55|3.17|3.18|3.5|0.0||
ATOM|121|NASDAQ|2019|10|15|15|30|16500|3.61|3.49|3.55|3.505|0.0||
ATOM|122|NASDAQ|2019|10|14|15|30|8500|3.69|3.485|3.69|3.485|0.0||
ATOM|123|NASDAQ|2019|10|11|15|30|30100|3.61|3.427|3.53|3.57|||
ATOM|124|NASDAQ|2019|10|10|15|30|16500|3.71|3.53|3.57|3.71|||
ATOM|125|NASDAQ|2019|10|9|15|30|24700|3.74|3.55|3.71|3.66|||
ATOM|126|NASDAQ|2019|10|8|15|30|47000|3.68|3.5|3.57|3.55|||
ATRS|0|NASDAQ|2020|4|8|20|20|927886|2.57|2.3901|2.51|2.42|||
ATRS|1|NASDAQ|2020|4|7|15|30|2262200|2.53|2.31|2.38|2.37|||
ATRS|2|NASDAQ|2020|4|6|15|30|1470400|2.3|2.11|2.27|2.11|||
ATRS|3|NASDAQ|2020|4|3|15|30|1060300|2.13|1.93|2.02|2.05|||
ATRS|4|NASDAQ|2020|4|2|15|30|616600|2.15|2.02|2.08|2.06|||
ATRS|5|NASDAQ|2020|4|1|15|30|1789100|2.28|2.06|2.09|2.27|1.0||
ATRS|6|NASDAQ|2020|3|31|15|30|1735300|2.4|2.23|2.36|2.27|0.0||
ATRS|7|NASDAQ|2020|3|30|15|30|1674100|2.3|2.0|2.28|2.12|0.0||
ATRS|8|NASDAQ|2020|3|27|14|30|1801100|2.18|2.01|2.09|2.13|0.0||
ATRS|9|NASDAQ|2020|3|26|14|30|1785900|2.3|2.1|2.2|2.2|0.0||
ATRS|10|NASDAQ|2020|3|25|14|30|1669200|2.39|2.15|2.24|2.26|0.0||
ATRS|11|NASDAQ|2020|3|24|14|30|2717000|2.34|1.97|2.21|2.0|0.0||
ATRS|12|NASDAQ|2020|3|23|14|30|1847500|1.88|1.6|1.87|1.77|0.0||
ATRS|13|NASDAQ|2020|3|20|14|30|1830300|1.98|1.75|1.76|1.87|1.0||
ATRS|14|NASDAQ|2020|3|19|14|30|1614100|1.91|1.65|1.86|1.75|0.0||
ATRS|15|NASDAQ|2020|3|18|14|30|2134000|2.11|1.67|1.75|1.96|1.0||
ATRS|16|NASDAQ|2020|3|17|14|30|2396400|2.22|1.93|2.09|2.11|0.0||
ATRS|17|NASDAQ|2020|3|16|14|30|2300200|2.49|2.05|2.07|2.37|0.0||
ATRS|18|NASDAQ|2020|3|13|14|30|1712000|2.99|2.54|2.75|2.95|0.0||
ATRS|19|NASDAQ|2020|3|12|14|30|2529600|2.93|2.69|2.8|2.86|0.0||
ATRS|20|NASDAQ|2020|3|11|14|30|1796500|3.15|2.95|3.0|3.1|0.0||
ATRS|21|NASDAQ|2020|3|10|14|30|2468300|3.18|2.97|3.12|3.18|0.0||
ATRS|22|NASDAQ|2020|3|9|14|30|2354600|3.27|2.94|3.1|3.0|0.0||
ATRS|23|NASDAQ|2020|3|6|15|30|1843500|3.41|3.17|3.24|3.36|0.0||
ATRS|24|NASDAQ|2020|3|5|15|30|3075300|3.47|3.25|3.47|3.35|0.0||
ATRS|25|NASDAQ|2020|3|4|15|30|2341000|3.45|3.17|3.38|3.2|0.0||
ATRS|26|NASDAQ|2020|3|3|15|30|2636700|3.53|3.1|3.11|3.45|0.0||
ATRS|27|NASDAQ|2020|3|2|15|30|2457900|3.22|3.0|3.22|3.16|0.0||
ATRS|28|NASDAQ|2020|2|28|15|30|2111100|3.1|2.85|3.1|2.88|0.0||
ATRS|29|NASDAQ|2020|2|27|15|30|3161800|3.15|2.92|3.0|3.15|0.0||
ATRS|30|NASDAQ|2020|2|26|15|30|1277000|3.32|3.19|3.21|3.31|0.0||
ATRS|31|NASDAQ|2020|2|25|15|30|1208600|3.46|3.26|3.33|3.43|0.0||
ATRS|32|NASDAQ|2020|2|24|15|30|1268300|3.49|3.37|3.4|3.46|0.0||
ATRS|33|NASDAQ|2020|2|21|15|30|983900|3.55|3.45|3.53|3.51|0.0||
ATRS|34|NASDAQ|2020|2|20|15|30|1474400|3.55|3.41|3.5|3.54|0.0||
ATRS|35|NASDAQ|2020|2|19|15|30|1273900|3.59|3.41|3.53|3.53|0.0||
ATRS|36|NASDAQ|2020|2|18|15|30|979700|3.65|3.49|3.52|3.59|0.0||
ATRS|37|NASDAQ|2020|2|14|15|30|2299500|3.6|3.45|3.57|3.55|0.0||
ATRS|38|NASDAQ|2020|2|13|15|30|1246600|3.7|3.53|3.58|3.69|0.0||
ATRS|39|NASDAQ|2020|2|12|15|30|833500|3.71|3.63|3.7|3.68|0.0||
ATRS|40|NASDAQ|2020|2|11|15|30|736500|3.8|3.64|3.68|3.73|0.0||
ATRS|41|NASDAQ|2020|2|10|15|30|842900|3.74|3.63|3.69|3.68|0.0||
ATRS|42|NASDAQ|2020|2|7|15|30|693700|3.81|3.64|3.65|3.79|0.0||
ATRS|43|NASDAQ|2020|2|6|15|30|1137700|3.94|3.72|3.8|3.88|0.0||
ATRS|44|NASDAQ|2020|2|5|15|30|1567100|3.93|3.71|3.84|3.71|0.0||
ATRS|45|NASDAQ|2020|2|4|15|30|2088000|3.71|3.62|3.69|3.65|0.0||
ATRS|46|NASDAQ|2020|2|3|15|30|1141500|3.77|3.62|3.62|3.69|0.0||
ATRS|47|NASDAQ|2020|1|31|15|30|958300|3.82|3.63|3.67|3.77|0.0||
ATRS|48|NASDAQ|2020|1|30|15|30|1290800|3.85|3.66|3.79|3.81|0.0||
ATRS|49|NASDAQ|2020|1|29|15|30|2266700|3.96|3.76|3.8|3.92|0.0||
ATRS|50|NASDAQ|2020|1|28|15|30|1182300|4.06|3.9|3.91|4.04|0.0||
ATRS|51|NASDAQ|2020|1|27|15|30|1602900|4.15|3.97|4.02|4.0|0.0||
ATRS|52|NASDAQ|2020|1|24|15|30|1816000|4.11|3.92|3.99|4.1|0.0||
ATRS|53|NASDAQ|2020|1|23|15|30|1242100|4.24|4.1|4.11|4.24|0.0||
ATRS|54|NASDAQ|2020|1|22|15|30|879700|4.32|4.21|4.24|4.22|0.0||
ATRS|55|NASDAQ|2020|1|21|15|30|1607500|4.29|4.15|4.19|4.25|0.0||
ATRS|56|NASDAQ|2020|1|17|15|30|1422700|4.47|4.24|4.24|4.47|0.0||
ATRS|57|NASDAQ|2020|1|16|15|30|698000|4.58|4.44|4.44|4.53|0.0||
ATRS|58|NASDAQ|2020|1|15|15|30|998600|4.58|4.47|4.49|4.5|0.0||
ATRS|59|NASDAQ|2020|1|14|15|30|1632900|4.58|4.4|4.54|4.45|0.0||
ATRS|60|NASDAQ|2020|1|13|15|30|1576300|4.59|4.33|4.43|4.51|0.0||
ATRS|61|NASDAQ|2020|1|10|15|30|2206700|4.59|4.38|4.46|4.38|0.0||
ATRS|62|NASDAQ|2020|1|9|15|30|1708000|4.41|4.24|4.38|4.3|0.0||
ATRS|63|NASDAQ|2020|1|8|15|30|1415900|4.31|4.17|4.27|4.17|0.0||
ATRS|64|NASDAQ|2020|1|7|15|30|1004400|4.29|4.18|4.2|4.26|0.0||
ATRS|65|NASDAQ|2020|1|6|15|30|1355700|4.31|4.14|4.28|4.23|0.0||
ATRS|66|NASDAQ|2020|1|3|15|30|982000|4.32|4.16|4.26|4.27|0.0||
ATRS|67|NASDAQ|2020|1|2|15|30|3975500|4.65|4.15|4.26|4.61|0.0||
ATRS|68|NASDAQ|2019|12|31|15|30|642200|4.73|4.62|4.7|4.65|0.0||
ATRS|69|NASDAQ|2019|12|30|15|30|718300|4.72|4.62|4.65|4.71|0.0||
ATRS|70|NASDAQ|2019|12|27|15|30|898700|4.79|4.66|4.71|4.75|0.0||
ATRS|71|NASDAQ|2019|12|26|15|30|599200|4.86|4.75|4.76|4.85|0.0||
ATRS|72|NASDAQ|2019|12|24|15|30|435100|4.87|4.76|4.85|4.79|0.0||
ATRS|73|NASDAQ|2019|12|23|15|30|1012700|4.84|4.63|4.78|4.7|0.0||
ATRS|74|NASDAQ|2019|12|20|15|30|1175800|4.81|4.71|4.73|4.8|0.0||
ATRS|75|NASDAQ|2019|12|19|15|30|809900|4.87|4.77|4.8|4.86|0.0||
ATRS|76|NASDAQ|2019|12|18|15|30|1178100|4.9|4.71|4.86|4.74|0.0||
ATRS|77|NASDAQ|2019|12|17|15|30|798900|4.73|4.63|4.71|4.67|0.0||
ATRS|78|NASDAQ|2019|12|16|15|30|897600|4.73|4.55|4.67|4.66|0.0||
ATRS|79|NASDAQ|2019|12|13|15|30|1229400|4.75|4.59|4.67|4.72|0.0||
ATRS|80|NASDAQ|2019|12|12|15|30|1266000|4.8|4.66|4.72|4.76|0.0||
ATRS|81|NASDAQ|2019|12|11|15|30|716600|4.86|4.73|4.76|4.85|0.0||
ATRS|82|NASDAQ|2019|12|10|15|30|1473100|4.88|4.7|4.86|4.74|0.0||
ATRS|83|NASDAQ|2019|12|9|15|30|2878100|4.86|4.53|4.72|4.81|0.0||
ATRS|84|NASDAQ|2019|12|6|15|30|1126000|5.0|4.85|4.89|4.86|0.0||
ATRS|85|NASDAQ|2019|12|5|15|30|1303300|4.92|4.78|4.82|4.89|0.0||
ATRS|86|NASDAQ|2019|12|4|15|30|1900000|5.11|4.83|4.89|5.09|0.0||
ATRS|87|NASDAQ|2019|12|3|15|30|2339300|5.13|4.87|5.06|4.92|0.0||
ATRS|88|NASDAQ|2019|12|2|15|30|2804300|5.01|4.78|4.95|4.8|0.0||
ATRS|89|NASDAQ|2019|11|29|15|30|720400|4.83|4.72|4.73|4.75|0.0||
ATRS|90|NASDAQ|2019|11|27|15|30|1785600|4.83|4.62|4.77|4.64|0.0||
ATRS|91|NASDAQ|2019|11|26|15|30|3978100|4.79|4.4|4.62|4.79|0.0||
ATRS|92|NASDAQ|2019|11|25|15|30|3302800|5.06|4.72|4.81|4.95|0.0||
ATRS|93|NASDAQ|2019|11|22|15|30|2257900|4.99|4.74|4.89|4.8|0.0||
ATRS|94|NASDAQ|2019|11|21|15|30|2348300|4.8|4.59|4.79|4.65|0.0||
ATRS|95|NASDAQ|2019|11|20|15|30|3436000|4.74|4.42|4.63|4.44|0.0||
ATRS|96|NASDAQ|2019|11|19|15|30|4277600|4.54|4.3|4.44|4.36|0.0||
ATRS|97|NASDAQ|2019|11|18|15|30|2656300|4.33|4.16|4.3|4.16|1.0||
ATRS|98|NASDAQ|2019|11|15|15|30|2683000|4.22|4.09|4.16|4.1|1.0||
ATRS|99|NASDAQ|2019|11|14|15|30|3909400|4.19|4.05|4.06|4.06|1.0||
ATRS|100|NASDAQ|2019|11|13|15|30|9335400|4.2|3.89|4.04|3.9|0.0||
ATRS|101|NASDAQ|2019|11|12|15|30|3576500|4.0|3.76|3.9|3.76|0.0||
ATRS|102|NASDAQ|2019|11|11|15|30|2984900|3.78|3.63|3.77|3.64|0.0||
ATRS|103|NASDAQ|2019|11|8|15|30|3598100|3.73|3.64|3.64|3.68|0.0||
ATRS|104|NASDAQ|2019|11|7|15|30|3033100|3.8|3.65|3.68|3.75|0.0||
ATRS|105|NASDAQ|2019|11|6|15|30|3762800|3.85|3.64|3.74|3.77|0.0||
ATRS|106|NASDAQ|2019|11|5|15|30|3347700|3.79|3.53|3.7|3.63|0.0||
ATRS|107|NASDAQ|2019|11|4|15|30|1113600|3.45|3.35|3.41|3.4|0.0||
ATRS|108|NASDAQ|2019|11|1|14|30|1164200|3.4|3.25|3.4|3.38|0.0||
ATRS|109|NASDAQ|2019|10|31|14|30|1179300|3.41|3.22|3.36|3.4|0.0||
ATRS|110|NASDAQ|2019|10|30|14|30|1259600|3.45|3.27|3.4|3.3|0.0||
ATRS|111|NASDAQ|2019|10|29|14|30|953200|3.6|3.48|3.49|3.6|0.0||
ATRS|112|NASDAQ|2019|10|28|14|30|612700|3.62|3.47|3.59|3.47|0.0||
ATRS|113|NASDAQ|2019|10|25|15|30|757600|3.55|3.39|3.5|3.42|0.0||
ATRS|114|NASDAQ|2019|10|24|15|30|260800|3.46|3.41|3.43|3.46|0.0||
ATRS|115|NASDAQ|2019|10|23|15|30|473900|3.46|3.38|3.45|3.41|0.0||
ATRS|116|NASDAQ|2019|10|22|15|30|632200|3.49|3.42|3.43|3.46|0.0||
ATRS|117|NASDAQ|2019|10|21|15|30|663000|3.53|3.44|3.46|3.47|0.0||
ATRS|118|NASDAQ|2019|10|18|15|30|468800|3.48|3.41|3.46|3.43|0.0||
ATRS|119|NASDAQ|2019|10|17|15|30|673800|3.5|3.43|3.46|3.44|0.0||
ATRS|120|NASDAQ|2019|10|16|15|30|619500|3.46|3.36|3.42|3.36|0.0||
ATRS|121|NASDAQ|2019|10|15|15|30|535700|3.39|3.27|3.36|3.28|0.0||
ATRS|122|NASDAQ|2019|10|14|15|30|660000|3.29|3.21|3.28|3.27|0.0||
ATRS|123|NASDAQ|2019|10|11|15|30|564700|3.35|3.26|3.29|3.26|||
ATRS|124|NASDAQ|2019|10|10|15|30|642200|3.29|3.18|3.26|3.25|||
ATRS|125|NASDAQ|2019|10|9|15|30|1070500|3.33|3.19|3.24|3.29|||
ATRS|126|NASDAQ|2019|10|8|15|30|587800|3.39|3.23|3.3|3.27|||
AUDC|0|NASDAQ|2020|4|8|20|17|230188|28.243|27.23|28.030001|27.75|||
AUDC|1|NASDAQ|2020|4|7|15|30|608400|28.07|27.02|27.18|27.76|||
AUDC|2|NASDAQ|2020|4|6|15|30|599300|26.940001|25.059999|26.389999|26.940001|||
AUDC|3|NASDAQ|2020|4|3|15|30|754700|26.700001|24.27|25.59|24.84|||
AUDC|4|NASDAQ|2020|4|2|15|30|357700|25.09|23.23|24.84|23.23|||
AUDC|5|NASDAQ|2020|4|1|15|30|379400|24.32|22.860001|23.24|22.950001|1.0||
AUDC|6|NASDAQ|2020|3|31|15|30|592200|25.790001|23.190001|23.889999|24.01|0.0||
AUDC|7|NASDAQ|2020|3|30|15|30|414600|23.540001|21.76|23.51|21.76|0.0||
AUDC|8|NASDAQ|2020|3|27|14|30|242700|22.139999|20.549999|21.540001|21.620001|1.0||
AUDC|9|NASDAQ|2020|3|26|14|30|308400|22.83|21.77|22.110001|21.99|0.0||
AUDC|10|NASDAQ|2020|3|25|14|30|289400|22.5|20.84|21.860001|21.040001|0.0||
AUDC|11|NASDAQ|2020|3|24|14|30|382800|21.41|19.200001|20.940001|19.25|0.0||
AUDC|12|NASDAQ|2020|3|23|14|30|339400|19.959999|18.08|18.540001|19.459999|1.0||
AUDC|13|NASDAQ|2020|3|20|14|30|934800|20.0|18.200001|19.34|18.610001|1.0||
AUDC|14|NASDAQ|2020|3|19|14|30|1425800|18.799999|16.85|18.43|17.030001000000002|1.0||
AUDC|15|NASDAQ|2020|3|18|14|30|298700|18.33|16.209999|17.059998999999998|16.66|1.0||
AUDC|16|NASDAQ|2020|3|17|14|30|383200|18.82|16.469998999999998|18.0|16.469998999999998|0.0||
AUDC|17|NASDAQ|2020|3|16|14|30|498500|17.43|9.0|16.379998999999998|15.77|1.0||
AUDC|18|NASDAQ|2020|3|13|14|30|746700|17.98|17.200001|17.51|17.620001000000006|0.0||
AUDC|19|NASDAQ|2020|3|12|14|30|479000|17.93|16.540001|16.959999|17.889999|0.0||
AUDC|20|NASDAQ|2020|3|11|14|30|555300|20.5|19.0|19.25|20.139999|0.0||
AUDC|21|NASDAQ|2020|3|10|14|30|228000|21.23|20.1|20.860001|20.809999|0.0||
AUDC|22|NASDAQ|2020|3|9|14|30|479700|20.799999|19.5|20.16|19.58|0.0||
AUDC|23|NASDAQ|2020|3|6|15|30|722800|22.0|20.959999|21.790001|21.48|0.0||
AUDC|24|NASDAQ|2020|3|5|15|30|386200|22.76|21.83|22.16|21.93|0.0||
AUDC|25|NASDAQ|2020|3|4|15|30|285200|23.15|22.139999|23.08|22.83|0.0||
AUDC|26|NASDAQ|2020|3|3|15|30|458900|23.23|22.0|22.49|22.950001|0.0||
AUDC|27|NASDAQ|2020|3|2|15|30|402800|23.129999|21.83|22.950001|22.299999|0.0||
AUDC|28|NASDAQ|2020|2|28|15|30|734200|22.540001|20.370001|22.41|21.0|0.0||
AUDC|29|NASDAQ|2020|2|27|15|30|458400|23.18|22.040001|22.219999|23.0|0.0||
AUDC|30|NASDAQ|2020|2|26|15|30|312900|24.74|23.92|24.02|24.18|0.0||
AUDC|31|NASDAQ|2020|2|25|15|30|341500|24.85|24.02|24.23|24.68|0.0||
AUDC|32|NASDAQ|2020|2|24|15|30|393100|24.58|23.379999|24.35|23.5|0.0||
AUDC|33|NASDAQ|2020|2|21|15|30|271200|25.299999|24.389999|25.120001|25.01|0.0||
AUDC|34|NASDAQ|2020|2|20|15|30|416000|25.16|23.59|25.01|23.82|0.0||
AUDC|35|NASDAQ|2020|2|19|15|30|170500|24.219999|23.620001|23.940001|23.620001|0.0||
AUDC|36|NASDAQ|2020|2|18|15|30|235400|24.1|23.01|23.389999|23.82|0.0||
AUDC|37|NASDAQ|2020|2|14|15|30|216900|24.73|23.889999|24.15|24.709999|0.0||
AUDC|38|NASDAQ|2020|2|13|15|30|742900|24.780001|22.82|24.709999|23.030001|0.0||
AUDC|39|NASDAQ|2020|2|12|15|30|204200|23.33|22.73|23.309999|22.93|0.0||
AUDC|40|NASDAQ|2020|2|11|15|30|371900|23.02|22.360001|22.790001|22.370001|0.0||
AUDC|41|NASDAQ|2020|2|10|15|30|306900|22.469999|21.620001|22.049999|22.379999|0.0||
AUDC|42|NASDAQ|2020|2|7|15|30|259700|22.690001|21.92|22.65|22.59|0.0||
AUDC|43|NASDAQ|2020|2|6|15|30|603800|23.440001|22.58|22.690001|22.629999|0.0||
AUDC|44|NASDAQ|2020|2|5|15|30|598100|23.5|22.26|22.85|23.280001|0.0||
AUDC|45|NASDAQ|2020|2|4|15|30|513000|22.639999|21.780001|21.950001|21.84|0.0||
AUDC|46|NASDAQ|2020|2|3|15|30|1219900|21.299999|19.93|21.129999|21.09|0.0||
AUDC|47|NASDAQ|2020|1|31|15|30|609000|23.0|21.309999|21.440001|22.809999|0.0||
AUDC|48|NASDAQ|2020|1|30|15|30|820000|23.16|22.120001|23.049999|22.35|0.0||
AUDC|49|NASDAQ|2020|1|29|15|30|1135600|24.879999|22.209999|22.33|24.709999|0.0||
AUDC|50|NASDAQ|2020|1|28|15|30|1411100|27.48|22.809999|24.4|27.379999|0.0||
AUDC|51|NASDAQ|2020|1|27|15|30|783800|27.200001|24.51|26.690001|26.83|0.0||
AUDC|52|NASDAQ|2020|1|24|15|30|189700|28.48|27.68|28.02|28.120001|0.0||
AUDC|53|NASDAQ|2020|1|23|15|30|161300|28.620001|27.91|28.120001|28.5|0.0||
AUDC|54|NASDAQ|2020|1|22|15|30|205600|28.73|28.030001|28.48|28.51|0.0||
AUDC|55|NASDAQ|2020|1|21|15|30|249100|28.559999|27.68|28.120001|27.879999|0.0||
AUDC|56|NASDAQ|2020|1|17|15|30|238500|28.58|27.24|27.459999|28.219999|0.0||
AUDC|57|NASDAQ|2020|1|16|15|30|257000|28.209999|27.01|28.15|27.41|0.0||
AUDC|58|NASDAQ|2020|1|15|15|30|150500|27.530001|26.940001|27.120001|27.33|0.0||
AUDC|59|NASDAQ|2020|1|14|15|30|221300|27.91|26.629999|27.33|27.73|0.0||
AUDC|60|NASDAQ|2020|1|13|15|30|491400|27.66|26.129999|27.469999|26.17|0.0||
AUDC|61|NASDAQ|2020|1|10|15|30|135500|26.1|25.32|25.870001|25.549999|0.0||
AUDC|62|NASDAQ|2020|1|9|15|30|131200|25.799999|25.32|25.5|25.75|0.0||
AUDC|63|NASDAQ|2020|1|8|15|30|198400|25.85|25.27|25.469999|25.27|0.0||
AUDC|64|NASDAQ|2020|1|7|15|30|177600|24.99|24.32|24.950001|24.549999|0.0||
AUDC|65|NASDAQ|2020|1|6|15|30|456100|25.32|24.049999|24.26|25.16|0.0||
AUDC|66|NASDAQ|2020|1|3|15|30|209400|26.200001|25.57|25.610001|26.059999|0.0||
AUDC|67|NASDAQ|2020|1|2|15|30|325700|26.68|25.969999|26.33|26.129999|0.0||
AUDC|68|NASDAQ|2019|12|31|15|30|238300|25.950001|25.049999|25.690001|25.049999|0.0||
AUDC|69|NASDAQ|2019|12|30|15|30|165500|25.379999|24.75|25.08|25.17|0.0||
AUDC|70|NASDAQ|2019|12|27|15|30|139900|25.51|24.75|25.17|25.360001|0.0||
AUDC|71|NASDAQ|2019|12|26|15|30|145000|25.59|25.120001|25.309999|25.48|0.0||
AUDC|72|NASDAQ|2019|12|24|15|30|86000|25.620001|25.209999|25.48|25.5|0.0||
AUDC|73|NASDAQ|2019|12|23|15|30|230200|25.59|25.09|25.379999|25.48|0.0||
AUDC|74|NASDAQ|2019|12|20|15|30|200600|25.469999|24.790001|25.280001|24.98|0.0||
AUDC|75|NASDAQ|2019|12|19|15|30|253700|25.42|24.559999|24.950001|25.42|0.0||
AUDC|76|NASDAQ|2019|12|18|15|30|239100|26.0|25.1|25.35|25.700001|0.0||
AUDC|77|NASDAQ|2019|12|17|15|30|197700|25.99|25.299999|25.700001|25.52|0.0||
AUDC|78|NASDAQ|2019|12|16|15|30|275400|25.82|24.49|25.540001|24.959999|0.0||
AUDC|79|NASDAQ|2019|12|13|15|30|253300|25.629999|24.52|24.690001|25.1|0.0||
AUDC|80|NASDAQ|2019|12|12|15|30|209300|25.200001|24.190001|25.120001|24.26|0.0||
AUDC|81|NASDAQ|2019|12|11|15|30|184400|24.540001|23.83|24.49|24.01|0.0||
AUDC|82|NASDAQ|2019|12|10|15|30|215100|24.209999|23.35|23.799999|23.51|0.0||
AUDC|83|NASDAQ|2019|12|9|15|30|172300|23.799999|23.08|23.469999|23.799999|0.0||
AUDC|84|NASDAQ|2019|12|6|15|30|208900|24.25|23.379999|23.76|24.0|0.0||
AUDC|85|NASDAQ|2019|12|5|15|30|238900|24.6|23.450001|23.84|24.34|0.0||
AUDC|86|NASDAQ|2019|12|4|15|30|369200|25.040001|24.16|24.459999|24.459999|0.0||
AUDC|87|NASDAQ|2019|12|3|15|30|299200|24.469999|23.34|24.35|23.5|0.0||
AUDC|88|NASDAQ|2019|12|2|15|30|294600|24.49|23.35|24.040001|24.41|0.0||
AUDC|89|NASDAQ|2019|11|29|15|30|90800|24.09|23.719999|23.969999|23.969999|0.0||
AUDC|90|NASDAQ|2019|11|27|15|30|265700|24.040001|23.299999|24.0|23.5|0.0||
AUDC|91|NASDAQ|2019|11|26|15|30|198700|23.5|22.77|23.450001|23.1|0.0||
AUDC|92|NASDAQ|2019|11|25|15|30|348900|23.620001|22.66|22.959999|22.940001|0.0||
AUDC|93|NASDAQ|2019|11|22|15|30|194300|22.77|22.02|22.76|22.700001|0.0||
AUDC|94|NASDAQ|2019|11|21|15|30|215300|23.280001|22.469999|22.780001|23.25|0.0||
AUDC|95|NASDAQ|2019|11|20|15|30|319200|23.48|22.83|23.18|22.9|0.0||
AUDC|96|NASDAQ|2019|11|19|15|30|438400|24.219999|22.629999|23.219999|24.049999|0.0||
AUDC|97|NASDAQ|2019|11|18|15|30|743600|24.35|23.16|24.01|23.33|0.0||
AUDC|98|NASDAQ|2019|11|15|15|30|924600|23.950001|22.34|23.42|22.5|0.0||
AUDC|99|NASDAQ|2019|11|14|15|30|178900|22.030001|21.280001|22.0|21.379999|0.0||
AUDC|100|NASDAQ|2019|11|13|15|30|122800|21.6|21.15|21.35|21.58|0.0||
AUDC|101|NASDAQ|2019|11|12|15|30|259600|21.82|21.33|21.639999|21.33|0.0||
AUDC|102|NASDAQ|2019|11|11|15|30|434100|21.51|19.700001|21.440001|20.469999|0.0||
AUDC|103|NASDAQ|2019|11|8|15|30|215100|22.0|20.9|21.280001|22.0|0.0||
AUDC|104|NASDAQ|2019|11|7|15|30|189000|21.969999|21.440001|21.950001|21.49|0.0||
AUDC|105|NASDAQ|2019|11|6|15|30|323100|22.200001|21.27|21.440001|21.58|0.0||
AUDC|106|NASDAQ|2019|11|5|15|30|267000|21.700001|20.9|21.51|21.389999|0.0||
AUDC|107|NASDAQ|2019|11|4|15|30|267000|21.6|20.52|21.370001|21.0|0.0||
AUDC|108|NASDAQ|2019|11|1|14|30|202800|21.700001|20.59|20.889999|21.0|0.0||
AUDC|109|NASDAQ|2019|10|31|14|30|370500|21.73|20.73|21.139999|21.73|0.0||
AUDC|110|NASDAQ|2019|10|30|14|30|483700|22.0|20.59|21.959999|20.950001|0.0||
AUDC|111|NASDAQ|2019|10|29|14|30|723400|21.15|19.92|20.809999|20.129999|0.0||
AUDC|112|NASDAQ|2019|10|28|14|30|260300|19.459999|19.02|19.299999|19.110001|0.0||
AUDC|113|NASDAQ|2019|10|25|15|30|113600|18.969999|18.379999|18.73|18.4|0.0||
AUDC|114|NASDAQ|2019|10|24|15|30|140400|18.84|18.059999|18.450001|18.84|1.0||
AUDC|115|NASDAQ|2019|10|23|15|30|118400|18.68|18.07|18.51|18.469999|0.0||
AUDC|116|NASDAQ|2019|10|22|15|30|244600|19.389999|17.940001000000006|18.280001|19.08|0.0||
AUDC|117|NASDAQ|2019|10|21|15|30|177500|19.059999|18.32|19.030001|18.82|0.0||
AUDC|118|NASDAQ|2019|10|18|15|30|190100|18.940001|18.4|18.74|18.65|0.0||
AUDC|119|NASDAQ|2019|10|17|15|30|162300|19.07|18.33|18.58|18.4|0.0||
AUDC|120|NASDAQ|2019|10|16|15|30|121200|18.24|17.84|18.18|18.200001|0.0||
AUDC|121|NASDAQ|2019|10|15|15|30|122000|18.360001|17.82|18.16|17.860001|0.0||
AUDC|122|NASDAQ|2019|10|14|15|30|135900|18.059999|17.620001000000006|17.790001|17.969998999999994|0.0||
AUDC|123|NASDAQ|2019|10|11|15|30|154100|18.469999|17.860001|17.950001|18.18|||
AUDC|124|NASDAQ|2019|10|10|15|30|166900|18.18|17.75|17.870001000000006|17.85|||
AUDC|125|NASDAQ|2019|10|9|15|30|125900|17.85|17.559998999999998|17.74|17.709999|||
AUDC|126|NASDAQ|2019|10|8|15|30|151300|18.41|17.540001|17.6|18.41|||
AUTL|0|NASDAQ|2020|4|8|20|12|40818|7.03|6.59|6.825|6.74|||
AUTL|1|NASDAQ|2020|4|7|15|30|97400|7.21|6.39|6.55|6.77|||
AUTL|2|NASDAQ|2020|4|6|15|30|156200|6.5|5.7|6.35|6.02|||
AUTL|3|NASDAQ|2020|4|3|15|30|71500|5.75|5.19|5.38|5.33|||
AUTL|4|NASDAQ|2020|4|2|15|30|62700|5.62|5.05|5.43|5.42|||
AUTL|5|NASDAQ|2020|4|1|15|30|171200|5.79|5.33|5.42|5.53|1.0||
AUTL|6|NASDAQ|2020|3|31|15|30|187900|5.99|5.36|5.99|5.56|0.0||
AUTL|7|NASDAQ|2020|3|30|15|30|88300|5.76|5.23|5.63|5.23|0.0||
AUTL|8|NASDAQ|2020|3|27|14|30|81600|5.73|4.57|5.44|5.24|0.0||
AUTL|9|NASDAQ|2020|3|26|14|30|124700|5.73|5.25|5.62|5.32|0.0||
AUTL|10|NASDAQ|2020|3|25|14|30|155100|5.545|4.0|5.32|4.0|0.0||
AUTL|11|NASDAQ|2020|3|24|14|30|476500|4.7|4.22|4.48|4.57|1.0||
AUTL|12|NASDAQ|2020|3|23|14|30|52300|4.815|4.049|4.43|4.59|1.0||
AUTL|13|NASDAQ|2020|3|20|14|30|171200|5.49|4.41|4.49|4.99|1.0||
AUTL|14|NASDAQ|2020|3|19|14|30|161900|4.93|4.25|4.91|4.25|0.0||
AUTL|15|NASDAQ|2020|3|18|14|30|190300|5.14|3.8|4.2|4.96|0.0||
AUTL|16|NASDAQ|2020|3|17|14|30|168900|5.59|4.509|5.26|5.19|0.0||
AUTL|17|NASDAQ|2020|3|16|14|30|184600|5.17|3.0|5.11|3.0|0.0||
AUTL|18|NASDAQ|2020|3|13|14|30|200900|5.87|5.37|5.55|5.52|0.0||
AUTL|19|NASDAQ|2020|3|12|14|30|254300|6.48|5.26|5.36|6.33|0.0||
AUTL|20|NASDAQ|2020|3|11|14|30|165300|7.565|6.61|6.77|7.03|0.0||
AUTL|21|NASDAQ|2020|3|10|14|30|224800|7.765|7.18|7.24|7.46|0.0||
AUTL|22|NASDAQ|2020|3|9|14|30|214900|7.81|7.24|7.34|7.73|0.0||
AUTL|23|NASDAQ|2020|3|6|15|30|122900|8.81|8.22|8.25|8.71|0.0||
AUTL|24|NASDAQ|2020|3|5|15|30|99100|9.21|8.8|8.81|9.07|0.0||
AUTL|25|NASDAQ|2020|3|4|15|30|98900|9.38|8.9|9.29|9.07|0.0||
AUTL|26|NASDAQ|2020|3|3|15|30|330700|9.62|8.4|8.91|8.65|0.0||
AUTL|27|NASDAQ|2020|3|2|15|30|195800|8.52|7.82|8.4|8.3|0.0||
AUTL|28|NASDAQ|2020|2|28|15|30|134000|8.64|8.12|8.18|8.44|0.0||
AUTL|29|NASDAQ|2020|2|27|15|30|175800|9.29|8.55|8.6|9.29|0.0||
AUTL|30|NASDAQ|2020|2|26|15|30|69700|9.6|9.12|9.29|9.22|0.0||
AUTL|31|NASDAQ|2020|2|25|15|30|222400|10.0|9.08|9.12|9.92|0.0||
AUTL|32|NASDAQ|2020|2|24|15|30|185500|10.35|9.8|9.92|10.2|0.0||
AUTL|33|NASDAQ|2020|2|21|15|30|105400|10.66|10.23|10.47|10.54|0.0||
AUTL|34|NASDAQ|2020|2|20|15|30|106700|10.8|10.28|10.54|10.44|0.0||
AUTL|35|NASDAQ|2020|2|19|15|30|140700|10.556|9.8|10.33|10.26|0.0||
AUTL|36|NASDAQ|2020|2|18|15|30|138300|11.231|10.11|10.21|11.15|0.0||
AUTL|37|NASDAQ|2020|2|14|15|30|191000|11.19|10.51|11.18|10.61|0.0||
AUTL|38|NASDAQ|2020|2|13|15|30|242400|10.59|9.93|10.49|10.02|0.0||
AUTL|39|NASDAQ|2020|2|12|15|30|160900|10.36|9.94|10.0|10.33|0.0||
AUTL|40|NASDAQ|2020|2|11|15|30|167600|10.6|9.8|10.2|9.99|0.0||
AUTL|41|NASDAQ|2020|2|10|15|30|110700|10.02|9.71|9.96|9.73|0.0||
AUTL|42|NASDAQ|2020|2|7|15|30|139900|9.99|9.5|9.8|9.8|0.0||
AUTL|43|NASDAQ|2020|2|6|15|30|162800|10.14|9.69|9.85|9.75|0.0||
AUTL|44|NASDAQ|2020|2|5|15|30|195500|9.93|9.66|9.8|9.74|0.0||
AUTL|45|NASDAQ|2020|2|4|15|30|166000|9.94|9.65|9.66|9.84|0.0||
AUTL|46|NASDAQ|2020|2|3|15|30|176700|10.23|9.64|9.72|9.88|0.0||
AUTL|47|NASDAQ|2020|1|31|15|30|199600|10.095|9.6|9.82|10.0|0.0||
AUTL|48|NASDAQ|2020|1|30|15|30|337800|10.57|9.75|9.95|10.5|0.0||
AUTL|49|NASDAQ|2020|1|29|15|30|211500|10.395|9.76|10.25|10.01|0.0||
AUTL|50|NASDAQ|2020|1|28|15|30|193600|10.44|10.0|10.07|10.15|0.0||
AUTL|51|NASDAQ|2020|1|27|15|30|398800|10.37|9.4|10.18|9.6|0.0||
AUTL|52|NASDAQ|2020|1|24|15|30|578000|10.14|9.45|9.76|10.0|0.0||
AUTL|53|NASDAQ|2020|1|23|15|30|1870500|10.46|9.7|9.99|10.0|0.0||
AUTL|54|NASDAQ|2020|1|22|15|30|61500|12.97|12.37|12.47|12.91|0.0||
AUTL|55|NASDAQ|2020|1|21|15|30|73800|12.91|12.27|12.84|12.56|0.0||
AUTL|56|NASDAQ|2020|1|17|15|30|113600|13.08|12.41|12.55|12.86|0.0||
AUTL|57|NASDAQ|2020|1|16|15|30|112100|13.12|12.67|12.85|12.69|0.0||
AUTL|58|NASDAQ|2020|1|15|15|30|83100|13.0|12.6|12.72|12.61|0.0||
AUTL|59|NASDAQ|2020|1|14|15|30|108900|13.1|12.47|12.7|12.51|0.0||
AUTL|60|NASDAQ|2020|1|13|15|30|70800|12.95|12.2|12.59|12.56|0.0||
AUTL|61|NASDAQ|2020|1|10|15|30|109300|13.24|12.5|12.56|12.78|0.0||
AUTL|62|NASDAQ|2020|1|9|15|30|64700|13.2|12.85|12.85|12.94|0.0||
AUTL|63|NASDAQ|2020|1|8|15|30|111700|13.194|12.73|13.0|12.84|0.0||
AUTL|64|NASDAQ|2020|1|7|15|30|71500|13.2|12.81|12.99|12.93|0.0||
AUTL|65|NASDAQ|2020|1|6|15|30|82200|13.1|12.628|12.94|12.75|0.0||
AUTL|66|NASDAQ|2020|1|3|15|30|110800|13.115|12.57|12.91|12.86|0.0||
AUTL|67|NASDAQ|2020|1|2|15|30|55400|13.77|12.5|12.96|13.1|0.0||
AUTL|68|NASDAQ|2019|12|31|15|30|117400|14.29|13.06|13.2|14.01|0.0||
AUTL|69|NASDAQ|2019|12|30|15|30|134200|14.19|13.54|14.09|13.61|0.0||
AUTL|70|NASDAQ|2019|12|27|15|30|112500|14.26|13.52|13.61|14.16|0.0||
AUTL|71|NASDAQ|2019|12|26|15|30|66600|14.67|13.85|14.19|14.31|0.0||
AUTL|72|NASDAQ|2019|12|24|15|30|42600|14.32|13.12|14.27|13.6|0.0||
AUTL|73|NASDAQ|2019|12|23|15|30|94000|13.79|12.32|13.56|12.79|0.0||
AUTL|74|NASDAQ|2019|12|20|15|30|167900|13.238|12.53|12.79|13.19|0.0||
AUTL|75|NASDAQ|2019|12|19|15|30|100500|13.89|13.06|13.12|13.52|0.0||
AUTL|76|NASDAQ|2019|12|18|15|30|155100|13.994000000000002|13.1|13.6|13.52|0.0||
AUTL|77|NASDAQ|2019|12|17|15|30|233800|13.5|11.95|13.5|12.15|0.0||
AUTL|78|NASDAQ|2019|12|16|15|30|493900|13.005|11.79|12.09|12.8|0.0||
AUTL|79|NASDAQ|2019|12|13|15|30|172200|13.27|12.28|12.65|12.89|0.0||
AUTL|80|NASDAQ|2019|12|12|15|30|221500|13.86|12.71|13.0|13.83|0.0||
AUTL|81|NASDAQ|2019|12|11|15|30|288900|15.08|13.69|13.71|14.84|0.0||
AUTL|82|NASDAQ|2019|12|10|15|30|151100|15.96|14.78|15.0|15.35|0.0||
AUTL|83|NASDAQ|2019|12|9|15|30|157800|16.889999|15.0|15.69|16.879998999999998|0.0||
AUTL|84|NASDAQ|2019|12|6|15|30|331200|15.59|14.56|14.74|14.63|0.0||
AUTL|85|NASDAQ|2019|12|5|15|30|128400|16.200001|14.52|14.78|15.83|0.0||
AUTL|86|NASDAQ|2019|12|4|15|30|136600|16.870001000000002|15.01|15.92|16.6|0.0||
AUTL|87|NASDAQ|2019|12|3|15|30|122100|16.75|15.78|16.190001000000002|16.07|0.0||
AUTL|88|NASDAQ|2019|12|2|15|30|189600|16.379998999999998|14.67|16.280001000000002|15.85|0.0||
AUTL|89|NASDAQ|2019|11|29|15|30|43300|15.27|14.3|15.0|14.3|0.0||
AUTL|90|NASDAQ|2019|11|27|15|30|47400|14.519|13.63|14.29|13.92|0.0||
AUTL|91|NASDAQ|2019|11|26|15|30|55200|14.21|13.5|13.91|13.88|1.0||
AUTL|92|NASDAQ|2019|11|25|15|30|67000|13.833|12.85|13.54|12.85|1.0||
AUTL|93|NASDAQ|2019|11|22|15|30|39300|14.06|12.6|12.91|13.35|1.0||
AUTL|94|NASDAQ|2019|11|21|15|30|86100|14.19|13.27|13.43|14.19|0.0||
AUTL|95|NASDAQ|2019|11|20|15|30|147800|14.79|12.86|13.8|12.86|0.0||
AUTL|96|NASDAQ|2019|11|19|15|30|78800|12.92|12.2|12.69|12.2|0.0||
AUTL|97|NASDAQ|2019|11|18|15|30|166000|12.542|11.627|11.92|11.775|0.0||
AUTL|98|NASDAQ|2019|11|15|15|30|83800|12.09|11.28|11.79|11.31|1.0||
AUTL|99|NASDAQ|2019|11|14|15|30|48600|11.47|10.85|11.17|11.13|1.0||
AUTL|100|NASDAQ|2019|11|13|15|30|94500|11.85|10.83|11.13|11.4|1.0||
AUTL|101|NASDAQ|2019|11|12|15|30|100200|12.8|11.36|11.5|12.24|0.0||
AUTL|102|NASDAQ|2019|11|11|15|30|182300|12.43|11.9|12.24|12.43|0.0||
AUTL|103|NASDAQ|2019|11|8|15|30|35700|12.63|11.85|12.05|12.36|0.0||
AUTL|104|NASDAQ|2019|11|7|15|30|76000|13.48|12.04|12.39|13.09|0.0||
AUTL|105|NASDAQ|2019|11|6|15|30|67800|14.29|12.96|13.04|14.29|0.0||
AUTL|106|NASDAQ|2019|11|5|15|30|77900|14.816|13.2|14.29|13.2|0.0||
AUTL|107|NASDAQ|2019|11|4|15|30|43300|13.14|12.53|12.91|12.79|0.0||
AUTL|108|NASDAQ|2019|11|1|14|30|139800|12.72|11.98|12.66|12.1|0.0||
AUTL|109|NASDAQ|2019|10|31|14|30|217300|12.25|11.83|11.97|12.13|0.0||
AUTL|110|NASDAQ|2019|10|30|14|30|79400|12.6|11.83|12.01|12.32|1.0||
AUTL|111|NASDAQ|2019|10|29|14|30|77900|12.79|12.31|12.46|12.53|0.0||
AUTL|112|NASDAQ|2019|10|28|14|30|43500|13.61|12.6|12.64|13.35|0.0||
AUTL|113|NASDAQ|2019|10|25|15|30|64100|14.25|13.15|13.41|13.63|0.0||
AUTL|114|NASDAQ|2019|10|24|15|30|124200|13.8|12.38|13.52|12.38|0.0||
AUTL|115|NASDAQ|2019|10|23|15|30|51400|13.24|12.42|12.5|13.02|0.0||
AUTL|116|NASDAQ|2019|10|22|15|30|101400|13.83|12.6|12.88|12.76|0.0||
AUTL|117|NASDAQ|2019|10|21|15|30|54100|12.92|12.1|12.74|12.32|0.0||
AUTL|118|NASDAQ|2019|10|18|15|30|32000|13.1|12.15|12.31|12.95|0.0||
AUTL|119|NASDAQ|2019|10|17|15|30|94400|13.29|11.98|12.92|11.98|0.0||
AUTL|120|NASDAQ|2019|10|16|15|30|59100|12.39|11.59|11.77|12.14|0.0||
AUTL|121|NASDAQ|2019|10|15|15|30|47700|12.415|11.965|12.13|12.26|0.0||
AUTL|122|NASDAQ|2019|10|14|15|30|132300|12.72|11.951|12.16|12.34|0.0||
AUTL|123|NASDAQ|2019|10|11|15|30|45300|12.92|11.93|12.44|12.82|||
AUTL|124|NASDAQ|2019|10|10|15|30|88800|12.724|11.915|12.68|12.23|||
AUTL|125|NASDAQ|2019|10|9|15|30|157200|12.771|11.5|12.38|11.85|||
AUTL|126|NASDAQ|2019|10|8|15|30|61400|12.37|11.79|11.85|12.3|||
AUTO|0|NASDAQ|2020|4|8|19|13|14097|0.8299|0.7025|0.7440000000000001|0.79|||
AUTO|1|NASDAQ|2020|4|7|15|30|32500|0.83|0.73|0.74|0.76|||
AUTO|2|NASDAQ|2020|4|6|15|30|55800|0.88|0.71|0.75|0.84|||
AUTO|3|NASDAQ|2020|4|3|15|30|33500|0.95|0.72|0.81|0.95|||
AUTO|4|NASDAQ|2020|4|2|15|30|7800|0.93|0.87|0.89|0.93|||
AUTO|5|NASDAQ|2020|4|1|15|30|16700|1.05|0.85|0.93|1.02|0.0||
AUTO|6|NASDAQ|2020|3|31|15|30|22100|1.09|0.95|1.02|1.02|0.0||
AUTO|7|NASDAQ|2020|3|30|15|30|45800|1.2|0.95|1.01|1.2|0.0||
AUTO|8|NASDAQ|2020|3|27|14|30|61000|1.1|0.85|1.02|1.1|0.0||
AUTO|9|NASDAQ|2020|3|26|14|30|212100|1.34|1.06|1.23|1.06|0.0||
AUTO|10|NASDAQ|2020|3|25|14|30|1275600|1.86|0.5|0.97|0.7|0.0||
AUTO|11|NASDAQ|2020|3|24|14|30|118800|0.89|0.61|0.67|0.8|1.0||
AUTO|12|NASDAQ|2020|3|23|14|30|141000|1.0|0.65|0.68|1.0|1.0||
AUTO|13|NASDAQ|2020|3|20|14|30|57600|1.11|0.91|0.92|1.11|0.0||
AUTO|14|NASDAQ|2020|3|19|14|30|63300|1.34|1.05|1.16|1.2|0.0||
AUTO|15|NASDAQ|2020|3|18|14|30|114000|1.79|1.01|1.2|1.79|0.0||
AUTO|16|NASDAQ|2020|3|17|14|30|56400|1.72|1.38|1.38|1.43|0.0||
AUTO|17|NASDAQ|2020|3|16|14|30|78300|1.93|1.65|1.81|1.93|0.0||
AUTO|18|NASDAQ|2020|3|13|14|30|98300|2.07|1.62|1.89|1.67|0.0||
AUTO|19|NASDAQ|2020|3|12|14|30|50800|1.99|1.8|1.94|1.9|0.0||
AUTO|20|NASDAQ|2020|3|11|14|30|32800|2.01|1.91|1.97|2.01|0.0||
AUTO|21|NASDAQ|2020|3|10|14|30|49700|2.21|1.9|1.99|2.21|0.0||
AUTO|22|NASDAQ|2020|3|9|14|30|54600|2.14|1.9|2.02|1.91|0.0||
AUTO|23|NASDAQ|2020|3|6|15|30|27900|2.08|1.75|1.8|1.9|0.0||
AUTO|24|NASDAQ|2020|3|5|15|30|8700|2.23|2.02|2.02|2.02|0.0||
AUTO|25|NASDAQ|2020|3|4|15|30|6000|2.19|1.97|2.19|1.97|0.0||
AUTO|26|NASDAQ|2020|3|3|15|30|23000|2.18|1.89|1.95|1.89|0.0||
AUTO|27|NASDAQ|2020|3|2|15|30|7600|2.09|1.9|1.95|1.95|0.0||
AUTO|28|NASDAQ|2020|2|28|15|30|26700|2.14|1.89|1.93|1.89|0.0||
AUTO|29|NASDAQ|2020|2|27|15|30|23600|2.2|1.75|2.06|1.83|0.0||
AUTO|30|NASDAQ|2020|2|26|15|30|11800|2.0|1.74|2.0|1.74|0.0||
AUTO|31|NASDAQ|2020|2|25|15|30|38500|2.01|1.67|1.95|1.94|0.0||
AUTO|32|NASDAQ|2020|2|24|15|30|14700|2.02|1.88|1.94|1.9|0.0||
AUTO|33|NASDAQ|2020|2|21|15|30|34700|2.17|1.86|2.02|2.1|0.0||
AUTO|34|NASDAQ|2020|2|20|15|30|2800|2.13|2.1|2.1|2.13|0.0||
AUTO|35|NASDAQ|2020|2|19|15|30|600|2.16|2.1|2.15|2.16|0.0||
AUTO|36|NASDAQ|2020|2|18|15|30|1000|2.18|2.13|2.14|2.18|0.0||
AUTO|37|NASDAQ|2020|2|14|15|30|300|2.15|2.14|2.15|2.14|0.0||
AUTO|38|NASDAQ|2020|2|13|15|30|1200|2.17|2.12|2.12|2.16|0.0||
AUTO|39|NASDAQ|2020|2|12|15|30|1100|2.23|2.1|2.13|2.1|0.0||
AUTO|40|NASDAQ|2020|2|11|15|30|20600|2.18|2.1|2.1|2.11|0.0||
AUTO|41|NASDAQ|2020|2|10|15|30|22700|2.15|2.1|2.11|2.1|0.0||
AUTO|42|NASDAQ|2020|2|7|15|30|4800|2.27|2.1|2.1|2.11|0.0||
AUTO|43|NASDAQ|2020|2|6|15|30|21400|2.16|2.1|2.16|2.1|0.0||
AUTO|44|NASDAQ|2020|2|5|15|30|20700|2.4|2.0|2.05|2.0|0.0||
AUTO|45|NASDAQ|2020|2|4|15|30|157700|2.12|1.44|2.0|2.07|0.0||
AUTO|46|NASDAQ|2020|2|3|15|30|5600|2.16|2.08|2.11|2.08|0.0||
AUTO|47|NASDAQ|2020|1|31|15|30|21500|2.29|2.17|2.17|2.29|0.0||
AUTO|48|NASDAQ|2020|1|30|15|30|3400|2.29|2.25|2.25|2.29|0.0||
AUTO|49|NASDAQ|2020|1|29|15|30|14200|2.44|2.25|2.32|2.44|0.0||
AUTO|50|NASDAQ|2020|1|28|15|30|7400|2.49|2.36|2.4|2.47|0.0||
AUTO|51|NASDAQ|2020|1|27|15|30|5400|2.44|2.25|2.33|2.25|0.0||
AUTO|52|NASDAQ|2020|1|24|15|30|31000|2.44|2.25|2.29|2.44|0.0||
AUTO|53|NASDAQ|2020|1|23|15|30|16300|2.5|2.4|2.4|2.47|0.0||
AUTO|54|NASDAQ|2020|1|22|15|30|14600|2.46|2.4|2.41|2.46|0.0||
AUTO|55|NASDAQ|2020|1|21|15|30|15600|2.5|2.4|2.41|2.4|0.0||
AUTO|56|NASDAQ|2020|1|17|15|30|12900|2.58|2.4|2.43|2.4|0.0||
AUTO|57|NASDAQ|2020|1|16|15|30|23100|2.56|2.4|2.4|2.53|0.0||
AUTO|58|NASDAQ|2020|1|15|15|30|2300|2.64|2.51|2.51|2.52|0.0||
AUTO|59|NASDAQ|2020|1|14|15|30|7100|2.58|2.41|2.51|2.54|0.0||
AUTO|60|NASDAQ|2020|1|13|15|30|35800|2.6|2.4|2.5|2.4|0.0||
AUTO|61|NASDAQ|2020|1|10|15|30|27600|2.48|2.27|2.45|2.29|0.0||
AUTO|62|NASDAQ|2020|1|9|15|30|21500|2.36|2.21|2.36|2.21|0.0||
AUTO|63|NASDAQ|2020|1|8|15|30|26400|2.54|2.24|2.28|2.41|0.0||
AUTO|64|NASDAQ|2020|1|7|15|30|12900|2.58|2.4|2.4|2.46|0.0||
AUTO|65|NASDAQ|2020|1|6|15|30|35700|2.7|2.45|2.47|2.65|0.0||
AUTO|66|NASDAQ|2020|1|3|15|30|4100|2.69|2.49|2.65|2.49|0.0||
AUTO|67|NASDAQ|2020|1|2|15|30|3200|2.5|2.43|2.44|2.47|0.0||
AUTO|68|NASDAQ|2019|12|31|15|30|34100|2.76|2.47|2.47|2.5|0.0||
AUTO|69|NASDAQ|2019|12|30|15|30|26900|2.74|2.49|2.56|2.53|0.0||
AUTO|70|NASDAQ|2019|12|27|15|30|8400|2.73|2.53|2.59|2.53|0.0||
AUTO|71|NASDAQ|2019|12|26|15|30|9700|2.72|2.52|2.58|2.69|0.0||
AUTO|72|NASDAQ|2019|12|24|15|30|3300|2.72|2.62|2.68|2.7|0.0||
AUTO|73|NASDAQ|2019|12|23|15|30|2700|2.85|2.68|2.74|2.69|0.0||
AUTO|74|NASDAQ|2019|12|20|15|30|9000|3.03|2.93|2.93|2.93|0.0||
AUTO|75|NASDAQ|2019|12|19|15|30|25100|3.21|2.89|2.93|2.9|0.0||
AUTO|76|NASDAQ|2019|12|18|15|30|2300|2.94|2.83|2.87|2.83|0.0||
AUTO|77|NASDAQ|2019|12|17|15|30|2000|2.98|2.83|2.89|2.91|0.0||
AUTO|78|NASDAQ|2019|12|16|15|30|20900|2.92|2.7|2.85|2.7|0.0||
AUTO|79|NASDAQ|2019|12|13|15|30|21400|2.77|2.57|2.73|2.7|0.0||
AUTO|80|NASDAQ|2019|12|12|15|30|29400|2.73|2.54|2.69|2.54|0.0||
AUTO|81|NASDAQ|2019|12|11|15|30|40800|2.59|2.5|2.56|2.54|0.0||
AUTO|82|NASDAQ|2019|12|10|15|30|35100|2.56|2.43|2.51|2.51|1.0||
AUTO|83|NASDAQ|2019|12|9|15|30|11800|2.51|2.4|2.51|2.47|0.0||
AUTO|84|NASDAQ|2019|12|6|15|30|3000|2.62|2.4|2.4|2.62|0.0||
AUTO|85|NASDAQ|2019|12|5|15|30|5100|2.59|2.42|2.56|2.44|0.0||
AUTO|86|NASDAQ|2019|12|4|15|30|15300|2.51|2.4|2.4|2.41|0.0||
AUTO|87|NASDAQ|2019|12|3|15|30|8000|2.47|2.42|2.47|2.43|0.0||
AUTO|88|NASDAQ|2019|12|2|15|30|17000|2.54|2.41|2.41|2.54|0.0||
AUTO|89|NASDAQ|2019|11|29|15|30|4500|2.58|2.43|2.53|2.5|0.0||
AUTO|90|NASDAQ|2019|11|27|15|30|53500|2.45|2.4|2.4|2.42|0.0||
AUTO|91|NASDAQ|2019|11|26|15|30|14100|2.48|2.4|2.43|2.46|0.0||
AUTO|92|NASDAQ|2019|11|25|15|30|57200|2.49|2.4|2.44|2.45|0.0||
AUTO|93|NASDAQ|2019|11|22|15|30|19500|2.5|2.16|2.46|2.47|0.0||
AUTO|94|NASDAQ|2019|11|21|15|30|13300|2.5|2.43|2.43|2.49|0.0||
AUTO|95|NASDAQ|2019|11|20|15|30|9000|2.6|2.46|2.46|2.6|0.0||
AUTO|96|NASDAQ|2019|11|19|15|30|2600|2.65|2.53|2.59|2.54|0.0||
AUTO|97|NASDAQ|2019|11|18|15|30|1800|2.57|2.47|2.53|2.47|0.0||
AUTO|98|NASDAQ|2019|11|15|15|30|81500|2.66|2.49|2.52|2.54|0.0||
AUTO|99|NASDAQ|2019|11|14|15|30|6000|2.55|2.36|2.54|2.36|0.0||
AUTO|100|NASDAQ|2019|11|13|15|30|3600|2.51|2.48|2.49|2.49|0.0||
AUTO|101|NASDAQ|2019|11|12|15|30|10000|2.5|2.45|2.5|2.49|0.0||
AUTO|102|NASDAQ|2019|11|11|15|30|15700|2.6|2.42|2.48|2.58|0.0||
AUTO|103|NASDAQ|2019|11|8|15|30|8400|2.74|2.42|2.53|2.42|0.0||
AUTO|104|NASDAQ|2019|11|7|15|30|14300|2.66|2.44|2.44|2.64|0.0||
AUTO|105|NASDAQ|2019|11|6|15|30|3900|2.69|2.44|2.69|2.44|0.0||
AUTO|106|NASDAQ|2019|11|5|15|30|14500|2.62|2.46|2.46|2.5|0.0||
AUTO|107|NASDAQ|2019|11|4|15|30|900|2.56|2.5|2.5|2.5|0.0||
AUTO|108|NASDAQ|2019|11|1|14|30|6900|2.59|2.5|2.5|2.59|0.0||
AUTO|109|NASDAQ|2019|10|31|14|30|1800|2.55|2.46|2.46|2.47|0.0||
AUTO|110|NASDAQ|2019|10|30|14|30|14000|2.63|2.44|2.54|2.62|0.0||
AUTO|111|NASDAQ|2019|10|29|14|30|8200|2.6|2.44|2.44|2.5|0.0||
AUTO|112|NASDAQ|2019|10|28|14|30|6500|2.64|2.5|2.5|2.57|0.0||
AUTO|113|NASDAQ|2019|10|25|15|30|900|2.62|2.62|2.62|2.62|0.0||
AUTO|114|NASDAQ|2019|10|24|15|30|16900|2.72|2.57|2.58|2.66|0.0||
AUTO|115|NASDAQ|2019|10|23|15|30|300|2.64|2.59|2.64|2.59|0.0||
AUTO|116|NASDAQ|2019|10|22|15|30|1300|2.67|2.55|2.67|2.55|0.0||
AUTO|117|NASDAQ|2019|10|21|15|30|5000|2.59|2.51|2.55|2.59|0.0||
AUTO|118|NASDAQ|2019|10|18|15|30|14200|2.72|2.51|2.53|2.66|0.0||
AUTO|119|NASDAQ|2019|10|17|15|30|3200|2.75|2.59|2.72|2.75|0.0||
AUTO|120|NASDAQ|2019|10|16|15|30|10400|2.74|2.63|2.7|2.63|0.0||
AUTO|121|NASDAQ|2019|10|15|15|30|4100|2.74|2.62|2.62|2.73|0.0||
AUTO|122|NASDAQ|2019|10|14|15|30|3500|2.75|2.63|2.65|2.63|0.0||
AUTO|123|NASDAQ|2019|10|11|15|30|4900|2.72|2.54|2.61|2.72|||
AUTO|124|NASDAQ|2019|10|10|15|30|9900|2.75|2.51|2.67|2.51|||
AUTO|125|NASDAQ|2019|10|9|15|30|16400|2.69|2.53|2.65|2.63|||
AUTO|126|NASDAQ|2019|10|8|15|30|2400|2.8|2.69|2.7|2.8|||
AVDL|0|NASDAQ|2020|4|8|20|20|220244|9.07|8.39|8.85|8.39|||
AVDL|1|NASDAQ|2020|4|7|15|30|471200|9.37|8.11|8.29|9.04|||
AVDL|2|NASDAQ|2020|4|6|15|30|339700|8.88|8.28|8.78|8.37|||
AVDL|3|NASDAQ|2020|4|3|15|30|554900|8.36|7.56|7.98|7.9|||
AVDL|4|NASDAQ|2020|4|2|15|30|351800|7.81|6.91|7.25|6.92|||
AVDL|5|NASDAQ|2020|4|1|15|30|486900|8.17|7.23|7.34|7.59|0.0||
AVDL|6|NASDAQ|2020|3|31|15|30|271400|9.39|7.85|7.94|8.66|0.0||
AVDL|7|NASDAQ|2020|3|30|15|30|413600|9.3|8.4|8.72|8.94|0.0||
AVDL|8|NASDAQ|2020|3|27|14|30|458800|9.55|8.8|9.06|9.09|0.0||
AVDL|9|NASDAQ|2020|3|26|14|30|764800|9.75|8.18|9.4|8.78|0.0||
AVDL|10|NASDAQ|2020|3|25|14|30|755200|8.89|7.36|8.63|7.74|0.0||
AVDL|11|NASDAQ|2020|3|24|14|30|481600|7.65|6.6|7.3|7.06|1.0||
AVDL|12|NASDAQ|2020|3|23|14|30|966100|7.0|5.75|6.96|6.32|1.0||
AVDL|13|NASDAQ|2020|3|20|14|30|674000|6.16|5.2|6.09|5.67|1.0||
AVDL|14|NASDAQ|2020|3|19|14|30|617400|5.61|4.1|5.45|4.1|1.0||
AVDL|15|NASDAQ|2020|3|18|14|30|1051700|5.31|4.0|4.06|5.0|1.0||
AVDL|16|NASDAQ|2020|3|17|14|30|833300|5.81|5.0|5.14|5.52|0.0||
AVDL|17|NASDAQ|2020|3|16|14|30|712100|6.17|5.2|5.52|5.78|0.0||
AVDL|18|NASDAQ|2020|3|13|14|30|1095200|6.91|5.54|6.01|6.4|0.0||
AVDL|19|NASDAQ|2020|3|12|14|30|841600|7.9|6.01|6.35|7.62|0.0||
AVDL|20|NASDAQ|2020|3|11|14|30|691600|8.45|7.52|7.99|8.37|0.0||
AVDL|21|NASDAQ|2020|3|10|14|30|477400|8.93|7.53|8.57|8.41|0.0||
AVDL|22|NASDAQ|2020|3|9|14|30|774200|9.49|8.12|8.23|9.1|0.0||
AVDL|23|NASDAQ|2020|3|6|15|30|729200|10.46|9.74|9.88|9.9|0.0||
AVDL|24|NASDAQ|2020|3|5|15|30|453700|10.42|9.72|10.06|9.93|0.0||
AVDL|25|NASDAQ|2020|3|4|15|30|1039200|10.46|9.93|10.16|10.24|0.0||
AVDL|26|NASDAQ|2020|3|3|15|30|1210200|10.75|9.79|10.15|10.75|0.0||
AVDL|27|NASDAQ|2020|3|2|15|30|930000|10.24|9.55|10.1|9.6|0.0||
AVDL|28|NASDAQ|2020|2|28|15|30|827700|10.0|9.33|9.99|9.79|0.0||
AVDL|29|NASDAQ|2020|2|27|15|30|1035700|10.44|9.37|10.19|10.28|0.0||
AVDL|30|NASDAQ|2020|2|26|15|30|920000|10.75|10.28|10.35|10.36|0.0||
AVDL|31|NASDAQ|2020|2|25|15|30|1537500|10.75|9.96|10.22|10.46|0.0||
AVDL|32|NASDAQ|2020|2|24|15|30|2451400|10.75|9.01|10.64|9.15|0.0||
AVDL|33|NASDAQ|2020|2|21|15|30|5800900|9.64|8.4|9.4|8.5|0.0||
AVDL|34|NASDAQ|2020|2|20|15|30|258400|7.33|7.01|7.12|7.11|1.0||
AVDL|35|NASDAQ|2020|2|19|15|30|332800|7.18|6.9|7.14|7.01|1.0||
AVDL|36|NASDAQ|2020|2|18|15|30|263200|7.29|6.9|6.95|7.08|1.0||
AVDL|37|NASDAQ|2020|2|14|15|30|371600|7.17|6.85|7.14|7.16|1.0||
AVDL|38|NASDAQ|2020|2|13|15|30|276600|7.15|6.85|7.1|6.92|0.0||
AVDL|39|NASDAQ|2020|2|12|15|30|357400|7.65|6.9|7.02|7.51|0.0||
AVDL|40|NASDAQ|2020|2|11|15|30|208600|7.85|7.54|7.54|7.71|0.0||
AVDL|41|NASDAQ|2020|2|10|15|30|792800|7.8|6.91|7.71|6.97|0.0||
AVDL|42|NASDAQ|2020|2|7|15|30|499600|7.17|6.67|7.09|7.07|0.0||
AVDL|43|NASDAQ|2020|2|6|15|30|589800|7.2|6.98|7.11|7.01|0.0||
AVDL|44|NASDAQ|2020|2|5|15|30|2508100|7.26|6.62|7.01|6.92|0.0||
AVDL|45|NASDAQ|2020|2|4|15|30|222800|7.32|7.04|7.1|7.05|0.0||
AVDL|46|NASDAQ|2020|2|3|15|30|672000|7.47|6.96|7.07|6.99|0.0||
AVDL|47|NASDAQ|2020|1|31|15|30|229000|7.44|6.94|7.28|7.17|0.0||
AVDL|48|NASDAQ|2020|1|30|15|30|269800|7.49|7.14|7.29|7.28|0.0||
AVDL|49|NASDAQ|2020|1|29|15|30|564300|7.51|6.56|7.04|6.66|0.0||
AVDL|50|NASDAQ|2020|1|28|15|30|292200|6.71|6.35|6.55|6.42|0.0||
AVDL|51|NASDAQ|2020|1|27|15|30|282200|6.74|6.32|6.42|6.67|1.0||
AVDL|52|NASDAQ|2020|1|24|15|30|922400|7.59|6.75|6.89|7.49|0.0||
AVDL|53|NASDAQ|2020|1|23|15|30|1427600|8.04|7.44|7.53|7.81|0.0||
AVDL|54|NASDAQ|2020|1|22|15|30|615000|8.4|7.91|7.97|8.33|0.0||
AVDL|55|NASDAQ|2020|1|21|15|30|800100|8.39|7.5|8.25|7.56|0.0||
AVDL|56|NASDAQ|2020|1|17|15|30|821700|8.49|7.46|7.63|7.6|0.0||
AVDL|57|NASDAQ|2020|1|16|15|30|636800|7.75|7.08|7.67|7.13|0.0||
AVDL|58|NASDAQ|2020|1|15|15|30|423300|7.3|7.05|7.07|7.05|0.0||
AVDL|59|NASDAQ|2020|1|14|15|30|423300|7.3|6.95|7.07|6.99|1.0||
AVDL|60|NASDAQ|2020|1|13|15|30|2013400|7.1|6.66|6.97|6.98|0.0||
AVDL|61|NASDAQ|2020|1|10|15|30|601900|7.18|6.85|6.9|7.0|0.0||
AVDL|62|NASDAQ|2020|1|9|15|30|476000|7.2|6.72|7.0|6.84|0.0||
AVDL|63|NASDAQ|2020|1|8|15|30|235200|7.01|6.71|6.8|6.71|0.0||
AVDL|64|NASDAQ|2020|1|7|15|30|1410700|7.15|6.61|6.75|6.82|0.0||
AVDL|65|NASDAQ|2020|1|6|15|30|326400|7.01|6.64|6.91|7.01|0.0||
AVDL|66|NASDAQ|2020|1|3|15|30|274000|7.37|7.15|7.16|7.3|0.0||
AVDL|67|NASDAQ|2020|1|2|15|30|238300|7.8|7.26|7.41|7.76|0.0||
AVDL|68|NASDAQ|2019|12|31|15|30|516000|8.0|7.24|7.55|7.35|0.0||
AVDL|69|NASDAQ|2019|12|30|15|30|393100|7.4|7.01|7.24|7.28|0.0||
AVDL|70|NASDAQ|2019|12|27|15|30|383800|7.33|6.92|7.28|7.31|0.0||
AVDL|71|NASDAQ|2019|12|26|15|30|349100|7.31|7.01|7.25|7.15|0.0||
AVDL|72|NASDAQ|2019|12|24|15|30|436500|7.18|6.41|6.98|6.6|0.0||
AVDL|73|NASDAQ|2019|12|23|15|30|684100|6.68|6.0|6.6|6.03|0.0||
AVDL|74|NASDAQ|2019|12|20|15|30|2831700|6.26|5.8|6.01|6.25|1.0||
AVDL|75|NASDAQ|2019|12|19|15|30|439700|6.38|6.19|6.29|6.38|1.0||
AVDL|76|NASDAQ|2019|12|18|15|30|617400|6.64|6.22|6.32|6.64|0.0||
AVDL|77|NASDAQ|2019|12|17|15|30|2040300|7.0|6.55|6.64|6.75|0.0||
AVDL|78|NASDAQ|2019|12|16|15|30|1626900|6.9|5.95|6.75|6.75|0.0||
AVDL|79|NASDAQ|2019|12|13|15|30|458200|7.47|7.09|7.2|7.22|0.0||
AVDL|80|NASDAQ|2019|12|12|15|30|885100|7.66|6.85|7.26|7.62|0.0||
AVDL|81|NASDAQ|2019|12|11|15|30|1068100|8.0|7.49|7.62|7.84|0.0||
AVDL|82|NASDAQ|2019|12|10|15|30|1148700|7.93|7.05|7.7|7.41|0.0||
AVDL|83|NASDAQ|2019|12|9|15|30|1090500|7.34|6.27|7.34|6.3|0.0||
AVDL|84|NASDAQ|2019|12|6|15|30|625800|6.43|5.91|6.3|5.98|1.0||
AVDL|85|NASDAQ|2019|12|5|15|30|267500|6.03|5.7|5.76|5.92|1.0||
AVDL|86|NASDAQ|2019|12|4|15|30|280000|6.06|5.8|5.92|5.82|1.0||
AVDL|87|NASDAQ|2019|12|3|15|30|643000|6.4|5.5|5.9|5.96|1.0||
AVDL|88|NASDAQ|2019|12|2|15|30|354600|6.31|5.95|6.14|5.95|0.0||
AVDL|89|NASDAQ|2019|11|29|15|30|137200|6.4|6.15|6.35|6.16|0.0||
AVDL|90|NASDAQ|2019|11|27|15|30|429000|6.35|6.04|6.21|6.3|0.0||
AVDL|91|NASDAQ|2019|11|26|15|30|570600|6.47|6.13|6.34|6.17|0.0||
AVDL|92|NASDAQ|2019|11|25|15|30|857800|6.3|5.75|6.06|6.04|0.0||
AVDL|93|NASDAQ|2019|11|22|15|30|953700|6.2|5.7|5.92|5.89|0.0||
AVDL|94|NASDAQ|2019|11|21|15|30|569400|6.0|5.34|5.79|5.42|0.0||
AVDL|95|NASDAQ|2019|11|20|15|30|859900|5.65|4.98|5.5|5.11|1.0||
AVDL|96|NASDAQ|2019|11|19|15|30|284300|5.18|4.81|4.81|5.04|1.0||
AVDL|97|NASDAQ|2019|11|18|15|30|510000|5.12|4.91|5.05|5.1|1.0||
AVDL|98|NASDAQ|2019|11|15|15|30|350600|5.13|4.86|4.99|5.13|1.0||
AVDL|99|NASDAQ|2019|11|14|15|30|188400|5.01|4.75|4.96|4.77|0.0||
AVDL|100|NASDAQ|2019|11|13|15|30|550900|4.98|4.7|4.77|4.78|0.0||
AVDL|101|NASDAQ|2019|11|12|15|30|359700|5.19|4.88|5.0|4.95|0.0||
AVDL|102|NASDAQ|2019|11|11|15|30|239000|5.1|4.71|4.9|4.79|0.0||
AVDL|103|NASDAQ|2019|11|8|15|30|630400|5.47|4.85|4.85|5.35|0.0||
AVDL|104|NASDAQ|2019|11|7|15|30|199800|5.64|5.28|5.41|5.53|0.0||
AVDL|105|NASDAQ|2019|11|6|15|30|271000|5.75|5.23|5.42|5.59|0.0||
AVDL|106|NASDAQ|2019|11|5|15|30|884300|5.74|5.1|5.53|5.1|0.0||
AVDL|107|NASDAQ|2019|11|4|15|30|377000|5.2|4.8|5.07|4.92|0.0||
AVDL|108|NASDAQ|2019|11|1|14|30|393000|5.17|4.34|4.95|4.5|0.0||
AVDL|109|NASDAQ|2019|10|31|14|30|309600|4.71|4.29|4.49|4.69|1.0||
AVDL|110|NASDAQ|2019|10|30|14|30|218400|4.9|4.52|4.61|4.68|1.0||
AVDL|111|NASDAQ|2019|10|29|14|30|772100|5.05|4.35|4.71|4.35|0.0||
AVDL|112|NASDAQ|2019|10|28|14|30|495700|4.44|4.09|4.35|4.12|1.0||
AVDL|113|NASDAQ|2019|10|25|15|30|299200|4.25|4.01|4.14|4.11|0.0||
AVDL|114|NASDAQ|2019|10|24|15|30|343000|4.21|3.73|4.15|4.05|0.0||
AVDL|115|NASDAQ|2019|10|23|15|30|708600|4.3|3.59|4.0|3.65|1.0||
AVDL|116|NASDAQ|2019|10|22|15|30|262300|3.72|3.46|3.62|3.46|1.0||
AVDL|117|NASDAQ|2019|10|21|15|30|273700|3.65|3.41|3.45|3.6|1.0||
AVDL|118|NASDAQ|2019|10|18|15|30|177100|3.69|3.41|3.59|3.55|1.0||
AVDL|119|NASDAQ|2019|10|17|15|30|232800|3.62|3.42|3.55|3.45|0.0||
AVDL|120|NASDAQ|2019|10|16|15|30|213200|3.52|3.38|3.45|3.41|0.0||
AVDL|121|NASDAQ|2019|10|15|15|30|198500|3.47|3.27|3.41|3.3|0.0||
AVDL|122|NASDAQ|2019|10|14|15|30|154900|3.43|3.27|3.34|3.42|0.0||
AVDL|123|NASDAQ|2019|10|11|15|30|164900|3.49|3.36|3.43|3.38|||
AVDL|124|NASDAQ|2019|10|10|15|30|343100|3.49|3.25|3.35|3.37|||
AVDL|125|NASDAQ|2019|10|9|15|30|294600|3.55|3.3|3.39|3.54|||
AVDL|126|NASDAQ|2019|10|8|15|30|227600|3.69|3.35|3.54|3.66|||
AVEO|0|NASDAQ|2020|4|8|20|19|77432|3.7089|3.56|3.65|3.67|||
AVEO|1|NASDAQ|2020|4|7|15|30|202600|3.79|3.5|3.63|3.73|||
AVEO|2|NASDAQ|2020|4|6|15|30|226900|3.9|3.51|3.57|3.56|||
AVEO|3|NASDAQ|2020|4|3|15|30|136100|3.74|3.44|3.47|3.64|||
AVEO|4|NASDAQ|2020|4|2|15|30|172000|3.93|3.55|3.67|3.85|||
AVEO|5|NASDAQ|2020|4|1|15|30|317400|3.99|3.75|3.78|3.95|0.0||
AVEO|6|NASDAQ|2020|3|31|15|30|138600|3.85|3.56|3.62|3.57|0.0||
AVEO|7|NASDAQ|2020|3|30|15|30|282200|4.2|3.55|3.57|4.2|0.0||
AVEO|8|NASDAQ|2020|3|27|14|30|295700|4.32|3.85|4.28|4.15|0.0||
AVEO|9|NASDAQ|2020|3|26|14|30|1154900|4.5|3.24|4.3|3.31|0.0||
AVEO|10|NASDAQ|2020|3|25|14|30|221400|3.04|2.8|3.04|2.8|1.0||
AVEO|11|NASDAQ|2020|3|24|14|30|118400|2.81|2.61|2.73|2.73|1.0||
AVEO|12|NASDAQ|2020|3|23|14|30|153600|2.74|2.4|2.62|2.62|1.0||
AVEO|13|NASDAQ|2020|3|20|14|30|100200|2.84|2.6|2.62|2.77|1.0||
AVEO|14|NASDAQ|2020|3|19|14|30|171700|2.87|2.23|2.67|2.51|1.0||
AVEO|15|NASDAQ|2020|3|18|14|30|181200|2.99|2.5|2.6|2.86|0.0||
AVEO|16|NASDAQ|2020|3|17|14|30|192300|3.22|2.8|2.86|3.09|0.0||
AVEO|17|NASDAQ|2020|3|16|14|30|123400|3.29|2.75|3.03|2.75|0.0||
AVEO|18|NASDAQ|2020|3|13|14|30|369200|3.4|2.5|3.24|2.84|0.0||
AVEO|19|NASDAQ|2020|3|12|14|30|337600|3.15|2.77|2.77|3.03|0.0||
AVEO|20|NASDAQ|2020|3|11|14|30|220800|3.85|3.35|3.49|3.84|0.0||
AVEO|21|NASDAQ|2020|3|10|14|30|205300|4.08|3.6|3.86|3.83|0.0||
AVEO|22|NASDAQ|2020|3|9|14|30|270700|4.15|3.56|3.73|4.07|0.0||
AVEO|23|NASDAQ|2020|3|6|15|30|249300|4.55|4.2|4.23|4.43|0.0||
AVEO|24|NASDAQ|2020|3|5|15|30|126400|4.7|4.37|4.53|4.66|0.0||
AVEO|25|NASDAQ|2020|3|4|15|30|145800|4.8|4.44|4.68|4.46|0.0||
AVEO|26|NASDAQ|2020|3|3|15|30|161600|4.79|4.36|4.38|4.7|0.0||
AVEO|27|NASDAQ|2020|3|2|15|30|173100|4.73|4.4|4.69|4.46|0.0||
AVEO|28|NASDAQ|2020|2|28|15|30|297400|4.62|4.3|4.4|4.51|0.0||
AVEO|29|NASDAQ|2020|2|27|15|30|226600|4.97|4.56|4.69|4.87|0.0||
AVEO|30|NASDAQ|2020|2|26|15|30|268000|4.97|4.7|4.96|4.92|0.0||
AVEO|31|NASDAQ|2020|2|25|15|30|292100|5.35|4.76|4.9|5.25|0.0||
AVEO|32|NASDAQ|2020|2|24|15|30|209700|5.4|5.13|5.16|5.23|0.0||
AVEO|33|NASDAQ|2020|2|21|15|30|274600|5.35|5.03|5.32|5.22|0.0||
AVEO|34|NASDAQ|2020|2|20|15|30|594600|6.03|5.0|5.25|5.43|0.0||
AVEO|35|NASDAQ|2020|2|19|15|30|418000|5.7|5.1|5.3|5.5|0.0||
AVEO|36|NASDAQ|2020|2|18|15|30|132800|5.9|5.6|5.7|5.6|0.0||
AVEO|37|NASDAQ|2020|2|14|15|30|139900|5.8|5.5|5.6|5.8|0.0||
AVEO|38|NASDAQ|2020|2|13|15|30|194200|5.8|5.4|5.8|5.5|0.0||
AVEO|39|NASDAQ|2020|2|12|15|30|162900|5.6|5.4|5.4|5.5|0.0||
AVEO|40|NASDAQ|2020|2|11|15|30|77800|5.7|5.4|5.5|5.7|0.0||
AVEO|41|NASDAQ|2020|2|10|15|30|182400|5.6|5.3|5.6|5.3|0.0||
AVEO|42|NASDAQ|2020|2|7|15|30|71000|5.6|5.1|5.2|5.5|0.0||
AVEO|43|NASDAQ|2020|2|6|15|30|92700|5.7|5.4|5.5|5.7|0.0||
AVEO|44|NASDAQ|2020|2|5|15|30|125000|5.7|5.2|5.6|5.5|0.0||
AVEO|45|NASDAQ|2020|2|4|15|30|261200|5.7|5.0|5.3|5.2|0.0||
AVEO|46|NASDAQ|2020|2|3|15|30|156400|5.3|4.8|5.1|5.0|0.0||
AVEO|47|NASDAQ|2020|1|31|15|30|327300|5.3|4.7|5.2|5.0|0.0||
AVEO|48|NASDAQ|2020|1|30|15|30|102800|5.5|5.2|5.2|5.3|0.0||
AVEO|49|NASDAQ|2020|1|29|15|30|497100|5.8|4.8|5.2|5.6|0.0||
AVEO|50|NASDAQ|2020|1|28|15|30|283900|6.2|5.2|5.3|6.1|0.0||
AVEO|51|NASDAQ|2020|1|27|15|30|133200|6.3|5.9|6.0|5.9|0.0||
AVEO|52|NASDAQ|2020|1|24|15|30|104300|6.2|5.8|5.9|6.2|0.0||
AVEO|53|NASDAQ|2020|1|23|15|30|133500|6.3|6.0|6.0|6.1|0.0||
AVEO|54|NASDAQ|2020|1|22|15|30|78800|6.2|6.0|6.1|6.2|0.0||
AVEO|55|NASDAQ|2020|1|21|15|30|195200|6.5|6.1|6.2|6.4|0.0||
AVEO|56|NASDAQ|2020|1|17|15|30|175600|6.7|6.3|6.4|6.6|0.0||
AVEO|57|NASDAQ|2020|1|16|15|30|75700|6.7|6.4|6.6|6.4|0.0||
AVEO|58|NASDAQ|2020|1|15|15|30|86400|6.6|6.4|6.4|6.4|0.0||
AVEO|59|NASDAQ|2020|1|14|15|30|135600|6.7|6.3|6.4|6.7|0.0||
AVEO|60|NASDAQ|2020|1|13|15|30|85100|6.8|6.5|6.6|6.8|0.0||
AVEO|61|NASDAQ|2020|1|10|15|30|79400|6.9|6.7|6.7|6.9|0.0||
AVEO|62|NASDAQ|2020|1|9|15|30|88400|7.0|6.7|6.9|6.8|0.0||
AVEO|63|NASDAQ|2020|1|8|15|30|90200|6.9|6.7|6.8|6.8|0.0||
AVEO|64|NASDAQ|2020|1|7|15|30|132000|7.0|6.5|6.8|6.7|0.0||
AVEO|65|NASDAQ|2020|1|6|15|30|138100|6.8|6.2|6.7|6.3|0.0||
AVEO|66|NASDAQ|2020|1|3|15|30|72600|6.3|6.2|6.2|6.3|0.0||
AVEO|67|NASDAQ|2020|1|2|15|30|91700|6.4|6.2|6.3|6.4|0.0||
AVEO|68|NASDAQ|2019|12|31|15|30|135100|6.4|6.0|6.2|6.0|0.0||
AVEO|69|NASDAQ|2019|12|30|15|30|230400|6.5|6.1|6.3|6.4|0.0||
AVEO|70|NASDAQ|2019|12|27|15|30|111100|6.6|6.3|6.5|6.5|0.0||
AVEO|71|NASDAQ|2019|12|26|15|30|102300|6.6|6.4|6.5|6.6|0.0||
AVEO|72|NASDAQ|2019|12|24|15|30|104800|6.7|6.3|6.5|6.5|0.0||
AVEO|73|NASDAQ|2019|12|23|15|30|136600|6.6|6.4|6.5|6.5|0.0||
AVEO|74|NASDAQ|2019|12|20|15|30|102100|6.7|6.5|6.7|6.7|0.0||
AVEO|75|NASDAQ|2019|12|19|15|30|67700|6.7|6.5|6.7|6.6|0.0||
AVEO|76|NASDAQ|2019|12|18|15|30|99400|6.7|6.4|6.6|6.7|0.0||
AVEO|77|NASDAQ|2019|12|17|15|30|136100|7.0|6.5|6.7|7.0|0.0||
AVEO|78|NASDAQ|2019|12|16|15|30|127600|7.2|6.5|7.1|6.7|0.0||
AVEO|79|NASDAQ|2019|12|13|15|30|177000|7.0|6.6|6.7|7.0|0.0||
AVEO|80|NASDAQ|2019|12|12|15|30|98300|7.1|6.9|7.0|7.0|0.0||
AVEO|81|NASDAQ|2019|12|11|15|30|97700|7.2|6.9|7.1|7.1|0.0||
AVEO|82|NASDAQ|2019|12|10|15|30|95600|7.3|6.9|7.2|7.2|0.0||
AVEO|83|NASDAQ|2019|12|9|15|30|131600|7.5|6.9|7.1|7.5|0.0||
AVEO|84|NASDAQ|2019|12|6|15|30|70300|7.8|7.5|7.5|7.8|0.0||
AVEO|85|NASDAQ|2019|12|5|15|30|83800|7.7|7.4|7.6|7.6|0.0||
AVEO|86|NASDAQ|2019|12|4|15|30|107600|7.6|7.3|7.5|7.5|0.0||
AVEO|87|NASDAQ|2019|12|3|15|30|168100|7.8|7.0|7.4|7.7|0.0||
AVEO|88|NASDAQ|2019|12|2|15|30|288000|8.2|7.5|7.6|7.8|0.0||
AVEO|89|NASDAQ|2019|11|29|15|30|155200|7.7|7.0|7.6|7.1|0.0||
AVEO|90|NASDAQ|2019|11|27|15|30|287800|7.2|6.8|7.1|7.0|0.0||
AVEO|91|NASDAQ|2019|11|26|15|30|320400|6.7|6.2|6.7|6.4|0.0||
AVEO|92|NASDAQ|2019|11|25|15|30|113400|6.2|5.9|6.1|6.1|1.0||
AVEO|93|NASDAQ|2019|11|22|15|30|116000|6.3|5.9|6.2|5.9|1.0||
AVEO|94|NASDAQ|2019|11|21|15|30|227200|6.4|5.7|6.1|6.2|1.0||
AVEO|95|NASDAQ|2019|11|20|15|30|129400|6.6|6.2|6.2|6.3|0.0||
AVEO|96|NASDAQ|2019|11|19|15|30|176400|6.7|6.2|6.3|6.7|0.0||
AVEO|97|NASDAQ|2019|11|18|15|30|262000|6.7|6.4|6.6|6.5|0.0||
AVEO|98|NASDAQ|2019|11|15|15|30|123600|6.6|6.3|6.3|6.5|0.0||
AVEO|99|NASDAQ|2019|11|14|15|30|355800|7.0|6.0|6.4|7.0|0.0||
AVEO|100|NASDAQ|2019|11|13|15|30|897900|7.3|5.6|7.1|5.6|0.0||
AVEO|101|NASDAQ|2019|11|12|15|30|838800|6.4|5.5|5.6|5.9|1.0||
AVEO|102|NASDAQ|2019|11|11|15|30|185800|5.2|4.8|5.2|5.1|1.0||
AVEO|103|NASDAQ|2019|11|8|15|30|131500|5.2|5.0|5.1|5.2|1.0||
AVEO|104|NASDAQ|2019|11|7|15|30|251200|5.4|5.0|5.1|5.1|1.0||
AVEO|105|NASDAQ|2019|11|6|15|30|535400|5.5|4.7|5.3|5.5|0.0||
AVEO|106|NASDAQ|2019|11|5|15|30|364000|5.9|5.5|5.6|5.6|0.0||
AVEO|107|NASDAQ|2019|11|4|15|30|1671700|6.6|5.5|5.7|5.6|0.0||
AVEO|108|NASDAQ|2019|11|1|14|30|62900|9.1|8.8|8.9|9.1|0.0||
AVEO|109|NASDAQ|2019|10|31|14|30|59900|9.1|8.8|9.0|8.8|0.0||
AVEO|110|NASDAQ|2019|10|30|14|30|65400|9.2|8.7|8.7|8.8|0.0||
AVEO|111|NASDAQ|2019|10|29|14|30|129300|9.2|8.4|8.7|9.2|0.0||
AVEO|112|NASDAQ|2019|10|28|14|30|72500|9.4|9.1|9.2|9.2|0.0||
AVEO|113|NASDAQ|2019|10|25|15|30|66900|9.3|9.1|9.2|9.1|0.0||
AVEO|114|NASDAQ|2019|10|24|15|30|68800|9.5|9.1|9.3|9.4|0.0||
AVEO|115|NASDAQ|2019|10|23|15|30|94600|9.5|9.2|9.5|9.4|0.0||
AVEO|116|NASDAQ|2019|10|22|15|30|63800|9.5|9.2|9.4|9.5|0.0||
AVEO|117|NASDAQ|2019|10|21|15|30|115400|9.5|9.2|9.4|9.5|0.0||
AVEO|118|NASDAQ|2019|10|18|15|30|118700|9.6|8.9|9.1|9.5|0.0||
AVEO|119|NASDAQ|2019|10|17|15|30|148800|9.6|8.7|9.2|9.3|0.0||
AVEO|120|NASDAQ|2019|10|16|15|30|286600|9.5|8.2|9.2|8.3|0.0||
AVEO|121|NASDAQ|2019|10|15|15|30|48200|8.3|8.2|8.2|8.3|1.0||
AVEO|122|NASDAQ|2019|10|14|15|30|40000|8.4|8.1|8.2|8.2|0.0||
AVEO|123|NASDAQ|2019|10|11|15|30|34800|8.4|8.2|8.3|8.4|||
AVEO|124|NASDAQ|2019|10|10|15|30|53900|8.4|7.9|8.2|7.9|||
AVEO|125|NASDAQ|2019|10|9|15|30|71400|8.3|7.7|8.1|8.1|||
AVEO|126|NASDAQ|2019|10|8|15|30|628000|8.4|8.1|8.1|8.3|||
AVNW|0|NASDAQ|2020|4|8|19|30|9029|9.25|8.97|9.01|8.99|||
AVNW|1|NASDAQ|2020|4|7|15|30|18500|9.35|8.75|8.8|8.88|||
AVNW|2|NASDAQ|2020|4|6|15|30|18900|8.6|8.2|8.47|8.59|||
AVNW|3|NASDAQ|2020|4|3|15|30|8600|8.47|7.95|8.4|8.37|||
AVNW|4|NASDAQ|2020|4|2|15|30|18300|8.47|7.75|7.87|8.16|||
AVNW|5|NASDAQ|2020|4|1|15|30|6800|8.37|7.86|7.86|8.17|0.0||
AVNW|6|NASDAQ|2020|3|31|15|30|15100|8.5|8.07|8.5|8.4|0.0||
AVNW|7|NASDAQ|2020|3|30|15|30|26000|8.65|7.92|8.3|7.95|0.0||
AVNW|8|NASDAQ|2020|3|27|14|30|9500|8.26|7.93|8.03|8.08|0.0||
AVNW|9|NASDAQ|2020|3|26|14|30|26700|8.46|7.94|8.27|7.94|0.0||
AVNW|10|NASDAQ|2020|3|25|14|30|16800|8.22|7.3|7.71|7.45|0.0||
AVNW|11|NASDAQ|2020|3|24|14|30|24600|8.3|7.45|7.57|7.79|0.0||
AVNW|12|NASDAQ|2020|3|23|14|30|10700|8.15|7.34|7.4|7.4|0.0||
AVNW|13|NASDAQ|2020|3|20|14|30|9300|7.82|7.4|7.5|7.72|0.0||
AVNW|14|NASDAQ|2020|3|19|14|30|31700|8.54|7.1|7.65|7.68|0.0||
AVNW|15|NASDAQ|2020|3|18|14|30|20500|8.43|7.28|7.41|7.7|0.0||
AVNW|16|NASDAQ|2020|3|17|14|30|8000|9.01|8.35|8.45|9.01|0.0||
AVNW|17|NASDAQ|2020|3|16|14|30|67200|9.42|8.26|8.27|8.73|0.0||
AVNW|18|NASDAQ|2020|3|13|14|30|18000|10.28|9.37|9.55|10.05|0.0||
AVNW|19|NASDAQ|2020|3|12|14|30|56000|10.56|9.2|9.65|10.56|0.0||
AVNW|20|NASDAQ|2020|3|11|14|30|13300|10.77|10.27|10.71|10.55|0.0||
AVNW|21|NASDAQ|2020|3|10|14|30|14100|11.77|10.38|10.78|11.77|0.0||
AVNW|22|NASDAQ|2020|3|9|14|30|27400|11.98|10.0|10.43|11.02|0.0||
AVNW|23|NASDAQ|2020|3|6|15|30|40100|12.46|11.75|11.99|12.14|0.0||
AVNW|24|NASDAQ|2020|3|5|15|30|14400|12.42|11.77|12.42|11.85|0.0||
AVNW|25|NASDAQ|2020|3|4|15|30|10900|12.46|11.62|12.46|12.1|0.0||
AVNW|26|NASDAQ|2020|3|3|15|30|3300|12.34|11.85|12.01|12.34|0.0||
AVNW|27|NASDAQ|2020|3|2|15|30|5100|12.71|12.01|12.32|12.01|0.0||
AVNW|28|NASDAQ|2020|2|28|15|30|17300|12.38|10.96|12.0|10.96|0.0||
AVNW|29|NASDAQ|2020|2|27|15|30|32900|12.62|11.21|11.4|12.4|0.0||
AVNW|30|NASDAQ|2020|2|26|15|30|67500|13.27|12.5|12.52|13.24|0.0||
AVNW|31|NASDAQ|2020|2|25|15|30|18700|13.55|13.03|13.12|13.52|0.0||
AVNW|32|NASDAQ|2020|2|24|15|30|21700|13.53|12.61|13.45|13.0|0.0||
AVNW|33|NASDAQ|2020|2|21|15|30|6300|13.43|13.25|13.32|13.35|0.0||
AVNW|34|NASDAQ|2020|2|20|15|30|8200|13.55|13.11|13.41|13.34|0.0||
AVNW|35|NASDAQ|2020|2|19|15|30|4000|13.6|13.3|13.3|13.6|0.0||
AVNW|36|NASDAQ|2020|2|18|15|30|16600|13.56|13.15|13.5|13.28|0.0||
AVNW|37|NASDAQ|2020|2|14|15|30|35400|13.55|13.22|13.28|13.5|0.0||
AVNW|38|NASDAQ|2020|2|13|15|30|24600|13.8|13.39|13.52|13.75|0.0||
AVNW|39|NASDAQ|2020|2|12|15|30|18100|13.86|13.65|13.79|13.65|0.0||
AVNW|40|NASDAQ|2020|2|11|15|30|18600|13.65|13.36|13.59|13.36|0.0||
AVNW|41|NASDAQ|2020|2|10|15|30|16600|13.89|13.31|13.62|13.78|0.0||
AVNW|42|NASDAQ|2020|2|7|15|30|23900|14.0|13.08|14.0|13.49|0.0||
AVNW|43|NASDAQ|2020|2|6|15|30|13400|13.85|13.5|13.51|13.75|0.0||
AVNW|44|NASDAQ|2020|2|5|15|30|8300|13.88|13.56|13.77|13.85|0.0||
AVNW|45|NASDAQ|2020|2|4|15|30|9900|13.87|13.55|13.7|13.65|0.0||
AVNW|46|NASDAQ|2020|2|3|15|30|6700|13.8|13.5|13.52|13.59|0.0||
AVNW|47|NASDAQ|2020|1|31|15|30|17600|13.96|13.52|13.7|13.82|0.0||
AVNW|48|NASDAQ|2020|1|30|15|30|14500|14.0|13.5|13.54|13.72|0.0||
AVNW|49|NASDAQ|2020|1|29|15|30|52300|14.23|13.59|13.8|14.2|0.0||
AVNW|50|NASDAQ|2020|1|28|15|30|8400|14.29|14.1|14.25|14.11|0.0||
AVNW|51|NASDAQ|2020|1|27|15|30|21800|14.47|14.11|14.2|14.2|0.0||
AVNW|52|NASDAQ|2020|1|24|15|30|8600|14.38|13.88|14.22|14.32|0.0||
AVNW|53|NASDAQ|2020|1|23|15|30|30800|14.67|13.78|14.21|14.39|0.0||
AVNW|54|NASDAQ|2020|1|22|15|30|13000|14.7|14.21|14.48|14.52|0.0||
AVNW|55|NASDAQ|2020|1|21|15|30|11600|14.66|14.13|14.64|14.51|0.0||
AVNW|56|NASDAQ|2020|1|17|15|30|22400|14.7|14.25|14.7|14.62|0.0||
AVNW|57|NASDAQ|2020|1|16|15|30|6900|14.7|14.38|14.7|14.4|0.0||
AVNW|58|NASDAQ|2020|1|15|15|30|26400|14.62|14.05|14.48|14.05|0.0||
AVNW|59|NASDAQ|2020|1|14|15|30|7500|14.08|13.95|14.08|14.02|0.0||
AVNW|60|NASDAQ|2020|1|13|15|30|15200|14.04|13.87|14.02|14.03|0.0||
AVNW|61|NASDAQ|2020|1|10|15|30|13600|14.12|13.89|13.92|14.12|0.0||
AVNW|62|NASDAQ|2020|1|9|15|30|7600|14.0|13.8|13.96|13.93|0.0||
AVNW|63|NASDAQ|2020|1|8|15|30|17500|14.18|13.88|13.95|14.16|0.0||
AVNW|64|NASDAQ|2020|1|7|15|30|9500|14.35|14.02|14.02|14.32|0.0||
AVNW|65|NASDAQ|2020|1|6|15|30|38500|14.44|14.15|14.25|14.17|0.0||
AVNW|66|NASDAQ|2020|1|3|15|30|9100|14.47|14.15|14.25|14.15|0.0||
AVNW|67|NASDAQ|2020|1|2|15|30|4500|14.4|13.98|14.29|13.98|0.0||
AVNW|68|NASDAQ|2019|12|31|15|30|6800|14.1|13.93|14.05|13.93|0.0||
AVNW|69|NASDAQ|2019|12|30|15|30|20400|14.19|13.81|14.0|14.03|0.0||
AVNW|70|NASDAQ|2019|12|27|15|30|11800|14.28|14.09|14.12|14.28|0.0||
AVNW|71|NASDAQ|2019|12|26|15|30|4700|14.44|14.08|14.44|14.33|0.0||
AVNW|72|NASDAQ|2019|12|24|15|30|1400|14.54|14.22|14.22|14.54|0.0||
AVNW|73|NASDAQ|2019|12|23|15|30|3500|14.33|13.99|14.31|14.17|0.0||
AVNW|74|NASDAQ|2019|12|20|15|30|13300|14.49|14.26|14.26|14.4|0.0||
AVNW|75|NASDAQ|2019|12|19|15|30|5600|14.54|14.34|14.45|14.54|0.0||
AVNW|76|NASDAQ|2019|12|18|15|30|6600|14.72|14.36|14.44|14.5|0.0||
AVNW|77|NASDAQ|2019|12|17|15|30|7400|14.66|14.46|14.46|14.65|0.0||
AVNW|78|NASDAQ|2019|12|16|15|30|11400|14.89|14.52|14.63|14.64|0.0||
AVNW|79|NASDAQ|2019|12|13|15|30|17500|14.98|14.27|14.36|14.6|0.0||
AVNW|80|NASDAQ|2019|12|12|15|30|37800|15.27|14.46|14.46|14.65|0.0||
AVNW|81|NASDAQ|2019|12|11|15|30|4600|14.63|14.5|14.63|14.55|0.0||
AVNW|82|NASDAQ|2019|12|10|15|30|4700|14.58|14.15|14.58|14.15|0.0||
AVNW|83|NASDAQ|2019|12|9|15|30|30700|14.73|14.1|14.1|14.55|0.0||
AVNW|84|NASDAQ|2019|12|6|15|30|9100|14.75|14.36|14.4|14.54|0.0||
AVNW|85|NASDAQ|2019|12|5|15|30|18000|14.84|14.4|14.65|14.53|0.0||
AVNW|86|NASDAQ|2019|12|4|15|30|63600|14.65|13.92|14.34|14.02|0.0||
AVNW|87|NASDAQ|2019|12|3|15|30|14500|14.03|13.79|13.79|13.93|0.0||
AVNW|88|NASDAQ|2019|12|2|15|30|11900|14.04|13.82|13.95|13.87|0.0||
AVNW|89|NASDAQ|2019|11|29|15|30|2000|13.93|13.85|13.93|13.88|0.0||
AVNW|90|NASDAQ|2019|11|27|15|30|10400|13.98|13.81|13.93|13.94|0.0||
AVNW|91|NASDAQ|2019|11|26|15|30|8100|14.02|13.89|13.99|13.9|0.0||
AVNW|92|NASDAQ|2019|11|25|15|30|15800|14.06|13.94|13.97|14.0|0.0||
AVNW|93|NASDAQ|2019|11|22|15|30|35900|14.1|13.91|13.97|14.03|0.0||
AVNW|94|NASDAQ|2019|11|21|15|30|12300|14.15|13.93|13.95|13.93|0.0||
AVNW|95|NASDAQ|2019|11|20|15|30|10400|14.15|13.87|13.95|13.87|0.0||
AVNW|96|NASDAQ|2019|11|19|15|30|7600|14.2|13.95|14.1|14.1|0.0||
AVNW|97|NASDAQ|2019|11|18|15|30|10600|14.2|13.96|14.0|14.19|0.0||
AVNW|98|NASDAQ|2019|11|15|15|30|53100|14.3|13.96|14.1|14.3|0.0||
AVNW|99|NASDAQ|2019|11|14|15|30|9000|14.37|14.12|14.37|14.12|0.0||
AVNW|100|NASDAQ|2019|11|13|15|30|7500|14.23|13.91|14.14|14.12|0.0||
AVNW|101|NASDAQ|2019|11|12|15|30|42200|14.68|14.11|14.17|14.5|0.0||
AVNW|102|NASDAQ|2019|11|11|15|30|63200|14.75|13.98|14.6|14.04|0.0||
AVNW|103|NASDAQ|2019|11|8|15|30|54300|14.18|13.75|13.91|14.05|0.0||
AVNW|104|NASDAQ|2019|11|7|15|30|56700|14.18|13.16|13.42|13.75|0.0||
AVNW|105|NASDAQ|2019|11|6|15|30|4900|14.0|13.72|13.83|14.0|0.0||
AVNW|106|NASDAQ|2019|11|5|15|30|19000|14.0|13.77|13.77|14.0|0.0||
AVNW|107|NASDAQ|2019|11|4|15|30|11800|13.95|13.73|13.93|13.73|0.0||
AVNW|108|NASDAQ|2019|11|1|14|30|2000|13.88|13.67|13.76|13.71|0.0||
AVNW|109|NASDAQ|2019|10|31|14|30|10000|13.95|13.61|13.64|13.62|0.0||
AVNW|110|NASDAQ|2019|10|30|14|30|400|13.79|13.59|13.79|13.59|0.0||
AVNW|111|NASDAQ|2019|10|29|14|30|8400|13.75|13.54|13.61|13.62|0.0||
AVNW|112|NASDAQ|2019|10|28|14|30|12700|13.94|13.61|13.77|13.94|0.0||
AVNW|113|NASDAQ|2019|10|25|15|30|20000|14.08|13.8|13.96|13.99|0.0||
AVNW|114|NASDAQ|2019|10|24|15|30|3500|14.03|13.89|14.0|14.03|0.0||
AVNW|115|NASDAQ|2019|10|23|15|30|2000|14.36|14.2|14.31|14.28|0.0||
AVNW|116|NASDAQ|2019|10|22|15|30|300|14.0|14.0|14.0|14.0|0.0||
AVNW|117|NASDAQ|2019|10|21|15|30|12100|14.49|13.87|13.87|14.4|0.0||
AVNW|118|NASDAQ|2019|10|18|15|30|5900|14.36|13.96|14.24|13.96|0.0||
AVNW|119|NASDAQ|2019|10|17|15|30|2600|13.9|13.85|13.85|13.85|0.0||
AVNW|120|NASDAQ|2019|10|16|15|30|900|13.75|13.65|13.71|13.75|0.0||
AVNW|121|NASDAQ|2019|10|15|15|30|6100|13.99|13.65|13.65|13.99|0.0||
AVNW|122|NASDAQ|2019|10|14|15|30|3200|14.02|13.88|13.95|13.95|0.0||
AVNW|123|NASDAQ|2019|10|11|15|30|3300|14.19|13.95|13.95|14.17|||
AVNW|124|NASDAQ|2019|10|10|15|30|500|14.38|13.95|14.38|13.95|||
AVNW|125|NASDAQ|2019|10|9|15|30|1200|13.86|13.75|13.85|13.75|||
AVNW|126|NASDAQ|2019|10|8|15|30|7300|14.22|13.78|13.95|13.99|||
AVXL|0|NASDAQ|2020|4|8|20|21|204488|2.94|2.81|2.9352|2.91|||
AVXL|1|NASDAQ|2020|4|7|15|30|619900|3.09|2.74|2.85|3.05|||
AVXL|2|NASDAQ|2020|4|6|15|30|888000|2.97|2.68|2.95|2.74|||
AVXL|3|NASDAQ|2020|4|3|15|30|566700|2.68|2.53|2.62|2.64|||
AVXL|4|NASDAQ|2020|4|2|15|30|918000|2.83|2.58|2.63|2.79|||
AVXL|5|NASDAQ|2020|4|1|15|30|1093900|3.11|2.81|2.82|3.04|0.0||
AVXL|6|NASDAQ|2020|3|31|15|30|2086100|3.46|2.92|3.15|3.02|0.0||
AVXL|7|NASDAQ|2020|3|30|15|30|1140800|3.02|2.675|3.01|2.9|0.0||
AVXL|8|NASDAQ|2020|3|27|14|30|647400|3.01|2.76|2.92|2.9|0.0||
AVXL|9|NASDAQ|2020|3|26|14|30|1058500|3.07|2.819|2.98|2.88|0.0||
AVXL|10|NASDAQ|2020|3|25|14|30|656300|3.16|2.77|2.89|2.98|0.0||
AVXL|11|NASDAQ|2020|3|24|14|30|1063400|3.08|2.65|2.99|3.02|0.0||
AVXL|12|NASDAQ|2020|3|23|14|30|882400|2.95|2.23|2.81|2.46|0.0||
AVXL|13|NASDAQ|2020|3|20|14|30|2003800|2.65|2.39|2.43|2.54|1.0||
AVXL|14|NASDAQ|2020|3|19|14|30|1256000|2.55|2.28|2.49|2.31|1.0||
AVXL|15|NASDAQ|2020|3|18|14|30|1363800|2.51|2.27|2.38|2.48|1.0||
AVXL|16|NASDAQ|2020|3|17|14|30|1537100|2.643|2.4|2.52|2.55|0.0||
AVXL|17|NASDAQ|2020|3|16|14|30|1514500|2.54|2.2|2.49|2.5|0.0||
AVXL|18|NASDAQ|2020|3|13|14|30|1493600|2.95|2.55|2.65|2.93|0.0||
AVXL|19|NASDAQ|2020|3|12|14|30|1926700|3.0|2.66|2.69|3.0|0.0||
AVXL|20|NASDAQ|2020|3|11|14|30|1057400|3.55|3.19|3.32|3.45|0.0||
AVXL|21|NASDAQ|2020|3|10|14|30|891900|3.78|3.38|3.55|3.7|0.0||
AVXL|22|NASDAQ|2020|3|9|14|30|945800|3.89|3.51|3.57|3.76|0.0||
AVXL|23|NASDAQ|2020|3|6|15|30|1163000|4.24|3.82|4.08|4.24|0.0||
AVXL|24|NASDAQ|2020|3|5|15|30|855700|4.44|4.12|4.2|4.14|0.0||
AVXL|25|NASDAQ|2020|3|4|15|30|1138300|4.54|4.03|4.25|4.35|0.0||
AVXL|26|NASDAQ|2020|3|3|15|30|1519200|4.39|4.07|4.23|4.16|0.0||
AVXL|27|NASDAQ|2020|3|2|15|30|1581800|4.13|3.7|4.12|3.82|0.0||
AVXL|28|NASDAQ|2020|2|28|15|30|1807700|3.82|3.47|3.81|3.52|0.0||
AVXL|29|NASDAQ|2020|2|27|15|30|1487400|4.19|3.8|3.81|4.12|0.0||
AVXL|30|NASDAQ|2020|2|26|15|30|1579300|4.38|3.94|4.09|4.33|0.0||
AVXL|31|NASDAQ|2020|2|25|15|30|1970400|4.78|4.28|4.385|4.76|0.0||
AVXL|32|NASDAQ|2020|2|24|15|30|1876800|5.05|4.63|4.72|4.92|0.0||
AVXL|33|NASDAQ|2020|2|21|15|30|1407400|5.35|4.91|5.09|5.15|0.0||
AVXL|34|NASDAQ|2020|2|20|15|30|1271400|5.71|5.0|5.16|5.14|0.0||
AVXL|35|NASDAQ|2020|2|19|15|30|3676400|6.31|4.88|5.34|5.98|0.0||
AVXL|36|NASDAQ|2020|2|18|15|30|2350200|6.0|5.05|5.81|5.1|0.0||
AVXL|37|NASDAQ|2020|2|14|15|30|1969800|5.38|4.88|5.0|5.08|0.0||
AVXL|38|NASDAQ|2020|2|13|15|30|2985000|5.34|4.61|4.97|4.65|0.0||
AVXL|39|NASDAQ|2020|2|12|15|30|2386900|4.91|4.1|4.645|4.26|1.0||
AVXL|40|NASDAQ|2020|2|11|15|30|1228100|4.295|3.94|4.25|4.01|1.0||
AVXL|41|NASDAQ|2020|2|10|15|30|1050100|4.26|3.95|4.0|3.99|1.0||
AVXL|42|NASDAQ|2020|2|7|15|30|2809200|4.59|3.87|3.99|4.17|1.0||
AVXL|43|NASDAQ|2020|2|6|15|30|2401200|4.4|3.7|4.15|3.85|0.0||
AVXL|44|NASDAQ|2020|2|5|15|30|1415200|3.91|3.6|3.78|3.62|0.0||
AVXL|45|NASDAQ|2020|2|4|15|30|1455200|3.65|3.12|3.58|3.3|0.0||
AVXL|46|NASDAQ|2020|2|3|15|30|2591700|3.39|2.97|3.28|2.98|1.0||
AVXL|47|NASDAQ|2020|1|31|15|30|369600|2.95|2.8|2.86|2.89|1.0||
AVXL|48|NASDAQ|2020|1|30|15|30|500200|2.99|2.802|2.89|2.96|1.0||
AVXL|49|NASDAQ|2020|1|29|15|30|301400|3.08|2.95|2.97|2.99|1.0||
AVXL|50|NASDAQ|2020|1|28|15|30|454700|3.08|2.946|2.98|2.97|0.0||
AVXL|51|NASDAQ|2020|1|27|15|30|628200|2.97|2.76|2.93|2.8|0.0||
AVXL|52|NASDAQ|2020|1|24|15|30|543200|3.03|2.858|2.92|3.0|0.0||
AVXL|53|NASDAQ|2020|1|23|15|30|696100|3.09|2.914|2.99|3.06|0.0||
AVXL|54|NASDAQ|2020|1|22|15|30|633400|3.21|3.0|3.06|3.19|0.0||
AVXL|55|NASDAQ|2020|1|21|15|30|845100|3.39|3.11|3.17|3.37|0.0||
AVXL|56|NASDAQ|2020|1|17|15|30|1029400|3.4|3.15|3.3|3.2|0.0||
AVXL|57|NASDAQ|2020|1|16|15|30|791300|3.2|3.03|3.17|3.06|0.0||
AVXL|58|NASDAQ|2020|1|15|15|30|697700|3.07|2.95|3.02|3.07|0.0||
AVXL|59|NASDAQ|2020|1|14|15|30|755000|3.14|2.93|2.96|3.07|0.0||
AVXL|60|NASDAQ|2020|1|13|15|30|1049000|3.23|3.0|3.1|3.0|0.0||
AVXL|61|NASDAQ|2020|1|10|15|30|798100|3.02|2.869|2.99|2.96|0.0||
AVXL|62|NASDAQ|2020|1|9|15|30|869900|3.06|2.86|2.88|2.93|0.0||
AVXL|63|NASDAQ|2020|1|8|15|30|992800|2.98|2.74|2.85|2.96|0.0||
AVXL|64|NASDAQ|2020|1|7|15|30|633500|2.99|2.775|2.9|2.97|0.0||
AVXL|65|NASDAQ|2020|1|6|15|30|1248200|3.0|2.63|2.96|2.65|0.0||
AVXL|66|NASDAQ|2020|1|3|15|30|860100|2.78|2.55|2.65|2.78|0.0||
AVXL|67|NASDAQ|2020|1|2|15|30|1069500|2.88|2.57|2.87|2.63|0.0||
AVXL|68|NASDAQ|2019|12|31|15|30|541300|2.59|2.36|2.59|2.36|0.0||
AVXL|69|NASDAQ|2019|12|30|15|30|832700|2.569|2.35|2.36|2.55|1.0||
AVXL|70|NASDAQ|2019|12|27|15|30|1024400|2.9|2.51|2.54|2.84|0.0||
AVXL|71|NASDAQ|2019|12|26|15|30|820600|2.81|2.549|2.79|2.55|0.0||
AVXL|72|NASDAQ|2019|12|24|15|30|367300|2.53|2.43|2.53|2.53|0.0||
AVXL|73|NASDAQ|2019|12|23|15|30|739000|2.53|2.35|2.51|2.39|0.0||
AVXL|74|NASDAQ|2019|12|20|15|30|696300|2.45|2.35|2.45|2.41|0.0||
AVXL|75|NASDAQ|2019|12|19|15|30|415700|2.475|2.38|2.41|2.44|0.0||
AVXL|76|NASDAQ|2019|12|18|15|30|482100|2.48|2.39|2.43|2.42|0.0||
AVXL|77|NASDAQ|2019|12|17|15|30|600800|2.54|2.37|2.39|2.54|0.0||
AVXL|78|NASDAQ|2019|12|16|15|30|948000|2.51|2.42|2.49|2.44|0.0||
AVXL|79|NASDAQ|2019|12|13|15|30|425400|2.478|2.385|2.44|2.4|0.0||
AVXL|80|NASDAQ|2019|12|12|15|30|843300|2.58|2.3|2.44|2.37|0.0||
AVXL|81|NASDAQ|2019|12|11|15|30|502600|2.45|2.32|2.36|2.38|0.0||
AVXL|82|NASDAQ|2019|12|10|15|30|625300|2.471|2.32|2.37|2.44|0.0||
AVXL|83|NASDAQ|2019|12|9|15|30|779900|2.7|2.38|2.48|2.7|0.0||
AVXL|84|NASDAQ|2019|12|6|15|30|933400|3.0|2.62|2.65|2.77|0.0||
AVXL|85|NASDAQ|2019|12|5|15|30|2685600|3.45|2.71|2.91|3.21|0.0||
AVXL|86|NASDAQ|2019|12|4|15|30|2849000|3.319|2.31|3.03|2.43|0.0||
AVXL|87|NASDAQ|2019|12|3|15|30|388500|2.38|2.25|2.36|2.38|0.0||
AVXL|88|NASDAQ|2019|12|2|15|30|368300|2.43|2.32|2.36|2.43|0.0||
AVXL|89|NASDAQ|2019|11|29|15|30|254800|2.43|2.351|2.4|2.39|1.0||
AVXL|90|NASDAQ|2019|11|27|15|30|320100|2.42|2.32|2.36|2.38|1.0||
AVXL|91|NASDAQ|2019|11|26|15|30|386100|2.55|2.32|2.37|2.48|0.0||
AVXL|92|NASDAQ|2019|11|25|15|30|444500|2.55|2.33|2.46|2.33|0.0||
AVXL|93|NASDAQ|2019|11|22|15|30|348300|2.43|2.31|2.31|2.43|0.0||
AVXL|94|NASDAQ|2019|11|21|15|30|268600|2.45|2.36|2.4|2.45|0.0||
AVXL|95|NASDAQ|2019|11|20|15|30|415200|2.56|2.4|2.42|2.4|0.0||
AVXL|96|NASDAQ|2019|11|19|15|30|361900|2.45|2.35|2.41|2.386|0.0||
AVXL|97|NASDAQ|2019|11|18|15|30|471600|2.5|2.32|2.4|2.47|0.0||
AVXL|98|NASDAQ|2019|11|15|15|30|257800|2.5|2.412|2.48|2.45|0.0||
AVXL|99|NASDAQ|2019|11|14|15|30|514800|2.54|2.38|2.4|2.5|0.0||
AVXL|100|NASDAQ|2019|11|13|15|30|240200|2.46|2.3|2.39|2.36|0.0||
AVXL|101|NASDAQ|2019|11|12|15|30|393600|2.47|2.325|2.35|2.41|0.0||
AVXL|102|NASDAQ|2019|11|11|15|30|282700|2.5|2.4|2.45|2.47|0.0||
AVXL|103|NASDAQ|2019|11|8|15|30|464400|2.61|2.45|2.47|2.57|0.0||
AVXL|104|NASDAQ|2019|11|7|15|30|276300|2.68|2.52|2.57|2.55|0.0||
AVXL|105|NASDAQ|2019|11|6|15|30|399300|2.75|2.53|2.55|2.75|0.0||
AVXL|106|NASDAQ|2019|11|5|15|30|271000|2.8|2.66|2.71|2.76|0.0||
AVXL|107|NASDAQ|2019|11|4|15|30|368800|2.96|2.75|2.76|2.79|0.0||
AVXL|108|NASDAQ|2019|11|1|14|30|251800|2.81|2.669|2.78|2.69|0.0||
AVXL|109|NASDAQ|2019|10|31|14|30|344300|2.795|2.66|2.72|2.76|0.0||
AVXL|110|NASDAQ|2019|10|30|14|30|307000|2.92|2.728|2.78|2.9|0.0||
AVXL|111|NASDAQ|2019|10|29|14|30|295400|2.92|2.77|2.9|2.8|0.0||
AVXL|112|NASDAQ|2019|10|28|14|30|245900|2.82|2.72|2.81|2.78|0.0||
AVXL|113|NASDAQ|2019|10|25|15|30|216900|2.82|2.69|2.75|2.73|0.0||
AVXL|114|NASDAQ|2019|10|24|15|30|231000|2.82|2.69|2.72|2.79|0.0||
AVXL|115|NASDAQ|2019|10|23|15|30|240100|2.9|2.725|2.78|2.74|0.0||
AVXL|116|NASDAQ|2019|10|22|15|30|360900|2.82|2.65|2.78|2.77|0.0||
AVXL|117|NASDAQ|2019|10|21|15|30|166300|2.86|2.75|2.78|2.86|0.0||
AVXL|118|NASDAQ|2019|10|18|15|30|304000|2.85|2.695|2.81|2.78|0.0||
AVXL|119|NASDAQ|2019|10|17|15|30|166600|2.91|2.8|2.81|2.86|0.0||
AVXL|120|NASDAQ|2019|10|16|15|30|171300|2.9|2.725|2.86|2.73|0.0||
AVXL|121|NASDAQ|2019|10|15|15|30|229500|2.8|2.63|2.75|2.65|0.0||
AVXL|122|NASDAQ|2019|10|14|15|30|313100|2.78|2.64|2.65|2.78|0.0||
AVXL|123|NASDAQ|2019|10|11|15|30|249500|2.88|2.75|2.77|2.82|||
AVXL|124|NASDAQ|2019|10|10|15|30|388400|2.95|2.75|2.76|2.94|||
AVXL|125|NASDAQ|2019|10|9|15|30|408100|3.03|2.84|2.92|2.97|||
AVXL|126|NASDAQ|2019|10|8|15|30|429000|3.04|2.865|2.91|3.01|||
AWRE|0|NASDAQ|2020|4|8|20|18|4758|2.7357|2.65|2.68|2.65|||
AWRE|1|NASDAQ|2020|4|7|15|30|5700|2.7|2.64|2.7|2.68|||
AWRE|2|NASDAQ|2020|4|6|15|30|14000|2.86|2.64|2.65|2.69|||
AWRE|3|NASDAQ|2020|4|3|15|30|25100|2.83|2.62|2.76|2.81|||
AWRE|4|NASDAQ|2020|4|2|15|30|10200|2.95|2.78|2.82|2.79|||
AWRE|5|NASDAQ|2020|4|1|15|30|11900|3.03|2.79|2.79|2.85|0.0||
AWRE|6|NASDAQ|2020|3|31|15|30|14900|3.09|2.69|2.85|2.72|0.0||
AWRE|7|NASDAQ|2020|3|30|15|30|5300|2.83|2.6|2.65|2.63|0.0||
AWRE|8|NASDAQ|2020|3|27|14|30|24100|2.77|2.52|2.54|2.77|0.0||
AWRE|9|NASDAQ|2020|3|26|14|30|101100|2.55|2.35|2.52|2.4|0.0||
AWRE|10|NASDAQ|2020|3|25|14|30|46200|2.54|2.3|2.3|2.34|1.0||
AWRE|11|NASDAQ|2020|3|24|14|30|25700|2.44|2.25|2.39|2.4|0.0||
AWRE|12|NASDAQ|2020|3|23|14|30|11700|2.4|2.24|2.4|2.4|0.0||
AWRE|13|NASDAQ|2020|3|20|14|30|34300|2.5|2.35|2.5|2.45|0.0||
AWRE|14|NASDAQ|2020|3|19|14|30|5800|2.49|2.02|2.42|2.02|0.0||
AWRE|15|NASDAQ|2020|3|18|14|30|35400|2.46|2.12|2.4|2.46|0.0||
AWRE|16|NASDAQ|2020|3|17|14|30|31900|2.6|2.2|2.53|2.51|0.0||
AWRE|17|NASDAQ|2020|3|16|14|30|55700|2.67|2.51|2.59|2.57|0.0||
AWRE|18|NASDAQ|2020|3|13|14|30|27300|2.91|2.5|2.7|2.71|0.0||
AWRE|19|NASDAQ|2020|3|12|14|30|36300|3.2|2.53|2.6|2.61|0.0||
AWRE|20|NASDAQ|2020|3|11|14|30|14700|2.86|2.65|2.71|2.66|0.0||
AWRE|21|NASDAQ|2020|3|10|14|30|2000|2.86|2.68|2.86|2.76|0.0||
AWRE|22|NASDAQ|2020|3|9|14|30|17100|2.99|2.65|2.8|2.81|0.0||
AWRE|23|NASDAQ|2020|3|6|15|30|5300|2.98|2.9|2.91|2.9|0.0||
AWRE|24|NASDAQ|2020|3|5|15|30|1600|3.0|2.9|3.0|2.92|0.0||
AWRE|25|NASDAQ|2020|3|4|15|30|5900|3.04|2.93|2.95|2.94|0.0||
AWRE|26|NASDAQ|2020|3|3|15|30|18400|3.01|2.93|2.97|3.01|0.0||
AWRE|27|NASDAQ|2020|3|2|15|30|37700|3.07|3.0|3.01|3.01|0.0||
AWRE|28|NASDAQ|2020|2|28|15|30|1800|3.05|2.96|3.05|2.96|0.0||
AWRE|29|NASDAQ|2020|2|27|15|30|18200|3.15|2.95|3.05|3.03|0.0||
AWRE|30|NASDAQ|2020|2|26|15|30|8900|3.14|3.05|3.05|3.05|0.0||
AWRE|31|NASDAQ|2020|2|25|15|30|13400|3.18|3.05|3.09|3.18|0.0||
AWRE|32|NASDAQ|2020|2|24|15|30|16900|3.19|3.04|3.12|3.07|0.0||
AWRE|33|NASDAQ|2020|2|21|15|30|21600|3.31|3.13|3.18|3.31|0.0||
AWRE|34|NASDAQ|2020|2|20|15|30|20100|3.31|3.25|3.28|3.3|0.0||
AWRE|35|NASDAQ|2020|2|19|15|30|10200|3.4|3.28|3.33|3.4|0.0||
AWRE|36|NASDAQ|2020|2|18|15|30|3800|3.39|3.28|3.33|3.3|0.0||
AWRE|37|NASDAQ|2020|2|14|15|30|85800|3.4|3.26|3.34|3.39|0.0||
AWRE|38|NASDAQ|2020|2|13|15|30|15800|3.4|3.36|3.36|3.4|0.0||
AWRE|39|NASDAQ|2020|2|12|15|30|162400|3.6|3.36|3.39|3.36|0.0||
AWRE|40|NASDAQ|2020|2|11|15|30|4600|3.44|3.36|3.36|3.44|0.0||
AWRE|41|NASDAQ|2020|2|10|15|30|18600|3.48|3.36|3.38|3.48|0.0||
AWRE|42|NASDAQ|2020|2|7|15|30|1700|3.5|3.47|3.47|3.49|0.0||
AWRE|43|NASDAQ|2020|2|6|15|30|1600|3.5|3.47|3.47|3.5|0.0||
AWRE|44|NASDAQ|2020|2|5|15|30|2200|3.5|3.48|3.48|3.5|0.0||
AWRE|45|NASDAQ|2020|2|4|15|30|8400|3.51|3.47|3.47|3.5|0.0||
AWRE|46|NASDAQ|2020|2|3|15|30|8800|3.62|3.5|3.5|3.59|0.0||
AWRE|47|NASDAQ|2020|1|31|15|30|21400|3.75|3.6|3.62|3.66|0.0||
AWRE|48|NASDAQ|2020|1|30|15|30|23000|3.64|3.5|3.64|3.62|0.0||
AWRE|49|NASDAQ|2020|1|29|15|30|49200|3.6|3.42|3.6|3.44|0.0||
AWRE|50|NASDAQ|2020|1|28|15|30|200|3.39|3.39|3.39|3.39|0.0||
AWRE|51|NASDAQ|2020|1|27|15|30|7600|3.4|3.36|3.36|3.36|0.0||
AWRE|52|NASDAQ|2020|1|24|15|30|5600|3.45|3.38|3.39|3.45|0.0||
AWRE|53|NASDAQ|2020|1|23|15|30|6100|3.45|3.38|3.45|3.38|0.0||
AWRE|54|NASDAQ|2020|1|22|15|30|4000|3.45|3.36|3.41|3.36|0.0||
AWRE|55|NASDAQ|2020|1|21|15|30|10700|3.45|3.39|3.44|3.39|0.0||
AWRE|56|NASDAQ|2020|1|17|15|30|800|3.47|3.45|3.45|3.47|0.0||
AWRE|57|NASDAQ|2020|1|16|15|30|2500|3.5|3.39|3.5|3.44|0.0||
AWRE|58|NASDAQ|2020|1|15|15|30|800|3.5|3.38|3.38|3.47|0.0||
AWRE|59|NASDAQ|2020|1|14|15|30|2200|3.5|3.39|3.39|3.48|0.0||
AWRE|60|NASDAQ|2020|1|13|15|30|12400|3.5|3.46|3.49|3.48|0.0||
AWRE|61|NASDAQ|2020|1|10|15|30|7700|3.5|3.41|3.5|3.5|0.0||
AWRE|62|NASDAQ|2020|1|9|15|30|1500|3.49|3.43|3.48|3.43|0.0||
AWRE|63|NASDAQ|2020|1|8|15|30|30700|3.49|3.42|3.46|3.42|0.0||
AWRE|64|NASDAQ|2020|1|7|15|30|1300|3.42|3.39|3.4|3.39|0.0||
AWRE|65|NASDAQ|2020|1|6|15|30|8000|3.49|3.39|3.39|3.39|0.0||
AWRE|66|NASDAQ|2020|1|3|15|30|6000|3.45|3.33|3.36|3.44|0.0||
AWRE|67|NASDAQ|2020|1|2|15|30|2600|3.45|3.37|3.4|3.38|0.0||
AWRE|68|NASDAQ|2019|12|31|15|30|4900|3.45|3.36|3.36|3.39|0.0||
AWRE|69|NASDAQ|2019|12|30|15|30|6100|3.44|3.36|3.39|3.36|0.0||
AWRE|70|NASDAQ|2019|12|27|15|30|5700|3.45|3.37|3.4|3.43|0.0||
AWRE|71|NASDAQ|2019|12|26|15|30|7500|3.42|3.37|3.39|3.37|0.0||
AWRE|72|NASDAQ|2019|12|24|15|30|3100|3.42|3.37|3.39|3.38|0.0||
AWRE|73|NASDAQ|2019|12|23|15|30|7600|3.38|3.36|3.37|3.37|0.0||
AWRE|74|NASDAQ|2019|12|20|15|30|5900|3.4|3.36|3.4|3.37|0.0||
AWRE|75|NASDAQ|2019|12|19|15|30|700|3.42|3.37|3.42|3.37|0.0||
AWRE|76|NASDAQ|2019|12|18|15|30|16700|3.43|3.37|3.38|3.43|0.0||
AWRE|77|NASDAQ|2019|12|17|15|30|17200|3.43|3.36|3.42|3.37|0.0||
AWRE|78|NASDAQ|2019|12|16|15|30|14200|3.53|3.39|3.42|3.48|0.0||
AWRE|79|NASDAQ|2019|12|13|15|30|8700|3.54|3.5|3.5|3.54|0.0||
AWRE|80|NASDAQ|2019|12|12|15|30|11300|3.59|3.5|3.53|3.5|0.0||
AWRE|81|NASDAQ|2019|12|11|15|30|4400|3.56|3.5|3.52|3.55|0.0||
AWRE|82|NASDAQ|2019|12|10|15|30|13200|3.6|3.49|3.53|3.49|0.0||
AWRE|83|NASDAQ|2019|12|9|15|30|9900|3.59|3.41|3.5|3.59|0.0||
AWRE|84|NASDAQ|2019|12|6|15|30|25100|3.59|3.45|3.55|3.45|0.0||
AWRE|85|NASDAQ|2019|12|5|15|30|10700|3.6|3.4|3.45|3.43|0.0||
AWRE|86|NASDAQ|2019|12|4|15|30|11500|3.62|3.43|3.43|3.55|0.0||
AWRE|87|NASDAQ|2019|12|3|15|30|16600|3.6|3.56|3.58|3.58|0.0||
AWRE|88|NASDAQ|2019|12|2|15|30|17500|3.56|3.36|3.56|3.36|0.0||
AWRE|89|NASDAQ|2019|11|29|15|30|4500|3.47|3.37|3.38|3.42|0.0||
AWRE|90|NASDAQ|2019|11|27|15|30|7500|3.49|3.47|3.47|3.49|0.0||
AWRE|91|NASDAQ|2019|11|26|15|30|6700|3.68|3.45|3.52|3.45|0.0||
AWRE|92|NASDAQ|2019|11|25|15|30|14200|3.61|3.3|3.5|3.3|0.0||
AWRE|93|NASDAQ|2019|11|22|15|30|9200|3.41|3.29|3.29|3.41|0.0||
AWRE|94|NASDAQ|2019|11|21|15|30|29100|3.4|3.19|3.35|3.19|0.0||
AWRE|95|NASDAQ|2019|11|20|15|30|36000|3.43|3.08|3.23|3.2|0.0||
AWRE|96|NASDAQ|2019|11|19|15|30|24900|3.29|2.91|3.09|3.0|1.0||
AWRE|97|NASDAQ|2019|11|18|15|30|27600|2.95|2.92|2.95|2.94|0.0||
AWRE|98|NASDAQ|2019|11|15|15|30|11000|2.93|2.86|2.93|2.9|1.0||
AWRE|99|NASDAQ|2019|11|14|15|30|800|2.91|2.85|2.86|2.91|0.0||
AWRE|100|NASDAQ|2019|11|13|15|30|1200|2.89|2.86|2.86|2.89|0.0||
AWRE|101|NASDAQ|2019|11|12|15|30|5200|2.92|2.81|2.86|2.81|0.0||
AWRE|102|NASDAQ|2019|11|11|15|30|18100|2.92|2.8|2.84|2.85|0.0||
AWRE|103|NASDAQ|2019|11|8|15|30|4100|2.95|2.9|2.93|2.94|0.0||
AWRE|104|NASDAQ|2019|11|7|15|30|39000|2.95|2.84|2.9|2.85|0.0||
AWRE|105|NASDAQ|2019|11|6|15|30|2800|2.84|2.83|2.84|2.83|0.0||
AWRE|106|NASDAQ|2019|11|5|15|30|9700|2.83|2.72|2.83|2.72|0.0||
AWRE|107|NASDAQ|2019|11|4|15|30|3900|2.76|2.74|2.75|2.74|0.0||
AWRE|108|NASDAQ|2019|11|1|14|30|26600|2.79|2.69|2.77|2.69|0.0||
AWRE|109|NASDAQ|2019|10|31|14|30|14600|2.71|2.66|2.66|2.67|0.0||
AWRE|110|NASDAQ|2019|10|30|14|30|11100|2.78|2.66|2.66|2.7|0.0||
AWRE|111|NASDAQ|2019|10|29|14|30|17200|2.95|2.71|2.72|2.76|0.0||
AWRE|112|NASDAQ|2019|10|28|14|30|21600|2.9|2.76|2.76|2.76|0.0||
AWRE|113|NASDAQ|2019|10|25|15|30|14000|2.92|2.77|2.86|2.9|0.0||
AWRE|114|NASDAQ|2019|10|24|15|30|3400|2.95|2.9|2.9|2.93|0.0||
AWRE|115|NASDAQ|2019|10|23|15|30|22700|2.95|2.86|2.91|2.9|0.0||
AWRE|116|NASDAQ|2019|10|22|15|30|2100|2.97|2.89|2.9|2.97|0.0||
AWRE|117|NASDAQ|2019|10|21|15|30|3900|2.87|2.78|2.78|2.81|0.0||
AWRE|118|NASDAQ|2019|10|18|15|30|1000|2.88|2.78|2.88|2.78|0.0||
AWRE|119|NASDAQ|2019|10|17|15|30|4100|2.9|2.74|2.81|2.9|0.0||
AWRE|120|NASDAQ|2019|10|16|15|30|33100|2.86|2.78|2.82|2.85|0.0||
AWRE|121|NASDAQ|2019|10|15|15|30|6200|2.98|2.84|2.84|2.88|0.0||
AWRE|122|NASDAQ|2019|10|14|15|30|2100|2.97|2.9|2.9|2.9|0.0||
AWRE|123|NASDAQ|2019|10|11|15|30|3900|2.98|2.9|2.93|2.9|||
AWRE|124|NASDAQ|2019|10|10|15|30|2100|3.03|2.8|2.91|2.8|||
AWRE|125|NASDAQ|2019|10|9|15|30|6800|3.0|2.97|2.98|3.0|||
AWRE|126|NASDAQ|2019|10|8|15|30|12700|3.0|2.9|2.99|2.92|||
AXAS|0|NASDAQ|2020|4|8|20|21|1673660|0.131|0.1251|0.1286|0.128|||
AXAS|1|NASDAQ|2020|4|7|15|30|5030500|0.15|0.13|0.13|0.14|||
AXAS|2|NASDAQ|2020|4|6|15|30|3162500|0.14|0.13|0.14|0.13|||
AXAS|3|NASDAQ|2020|4|3|15|30|6389200|0.15|0.13|0.13|0.14|||
AXAS|4|NASDAQ|2020|4|2|15|30|12349100|0.18|0.11|0.14|0.12|||
AXAS|5|NASDAQ|2020|4|1|15|30|4205900|0.13|0.11|0.11|0.12|1.0||
AXAS|6|NASDAQ|2020|3|31|15|30|3380200|0.13|0.12|0.12|0.13|0.0||
AXAS|7|NASDAQ|2020|3|30|15|30|5040400|0.13|0.12|0.13|0.12|0.0||
AXAS|8|NASDAQ|2020|3|27|14|30|3501000|0.13|0.11|0.12|0.13|0.0||
AXAS|9|NASDAQ|2020|3|26|14|30|4355800|0.13|0.11|0.11|0.11|0.0||
AXAS|10|NASDAQ|2020|3|25|14|30|3337000|0.12|0.1|0.11|0.11|0.0||
AXAS|11|NASDAQ|2020|3|24|14|30|2790800|0.12|0.11|0.11|0.12|1.0||
AXAS|12|NASDAQ|2020|3|23|14|30|3068800|0.12|0.1|0.11|0.12|0.0||
AXAS|13|NASDAQ|2020|3|20|14|30|5879000|0.12|0.1|0.12|0.11|0.0||
AXAS|14|NASDAQ|2020|3|19|14|30|3923800|0.11|0.09|0.1|0.1|0.0||
AXAS|15|NASDAQ|2020|3|18|14|30|3523700|0.11|0.09|0.09|0.11|1.0||
AXAS|16|NASDAQ|2020|3|17|14|30|3683000|0.12|0.1|0.12|0.12|0.0||
AXAS|17|NASDAQ|2020|3|16|14|30|3273300|0.13|0.11|0.12|0.13|0.0||
AXAS|18|NASDAQ|2020|3|13|14|30|3593200|0.13|0.11|0.13|0.12|0.0||
AXAS|19|NASDAQ|2020|3|12|14|30|3186700|0.12|0.11|0.12|0.12|0.0||
AXAS|20|NASDAQ|2020|3|11|14|30|3225000|0.14|0.12|0.12|0.14|0.0||
AXAS|21|NASDAQ|2020|3|10|14|30|6196900|0.15|0.11|0.13|0.15|0.0||
AXAS|22|NASDAQ|2020|3|9|14|30|6139800|0.15|0.1|0.13|0.14|0.0||
AXAS|23|NASDAQ|2020|3|6|15|30|5319300|0.2|0.15|0.15|0.2|0.0||
AXAS|24|NASDAQ|2020|3|5|15|30|1174700|0.22|0.2|0.2|0.21|0.0||
AXAS|25|NASDAQ|2020|3|4|15|30|1557200|0.23|0.21|0.21|0.23|0.0||
AXAS|26|NASDAQ|2020|3|3|15|30|1831800|0.22|0.2|0.21|0.22|0.0||
AXAS|27|NASDAQ|2020|3|2|15|30|1626100|0.22|0.19|0.21|0.21|0.0||
AXAS|28|NASDAQ|2020|2|28|15|30|3004400|0.2|0.18|0.19|0.19|0.0||
AXAS|29|NASDAQ|2020|2|27|15|30|2502100|0.21|0.18|0.19|0.21|0.0||
AXAS|30|NASDAQ|2020|2|26|15|30|2139000|0.22|0.2|0.21|0.21|0.0||
AXAS|31|NASDAQ|2020|2|25|15|30|1869000|0.22|0.2|0.2|0.22|0.0||
AXAS|32|NASDAQ|2020|2|24|15|30|2199900|0.22|0.21|0.21|0.22|0.0||
AXAS|33|NASDAQ|2020|2|21|15|30|1138800|0.23|0.22|0.22|0.23|0.0||
AXAS|34|NASDAQ|2020|2|20|15|30|1113900|0.23|0.23|0.23|0.23|0.0||
AXAS|35|NASDAQ|2020|2|19|15|30|1985800|0.24|0.22|0.23|0.23|0.0||
AXAS|36|NASDAQ|2020|2|18|15|30|2480900|0.24|0.22|0.22|0.24|0.0||
AXAS|37|NASDAQ|2020|2|14|15|30|1478900|0.24|0.23|0.23|0.24|0.0||
AXAS|38|NASDAQ|2020|2|13|15|30|1892000|0.26|0.23|0.24|0.26|0.0||
AXAS|39|NASDAQ|2020|2|12|15|30|2285500|0.26|0.24|0.26|0.26|0.0||
AXAS|40|NASDAQ|2020|2|11|15|30|1268600|0.24|0.22|0.24|0.23|0.0||
AXAS|41|NASDAQ|2020|2|10|15|30|1274100|0.24|0.22|0.22|0.24|0.0||
AXAS|42|NASDAQ|2020|2|7|15|30|3319600|0.25|0.22|0.24|0.24|0.0||
AXAS|43|NASDAQ|2020|2|6|15|30|1667700|0.26|0.24|0.24|0.25|0.0||
AXAS|44|NASDAQ|2020|2|5|15|30|1230400|0.25|0.24|0.25|0.24|0.0||
AXAS|45|NASDAQ|2020|2|4|15|30|1762800|0.25|0.23|0.24|0.23|0.0||
AXAS|46|NASDAQ|2020|2|3|15|30|2577300|0.24|0.21|0.23|0.23|0.0||
AXAS|47|NASDAQ|2020|1|31|15|30|2899900|0.25|0.23|0.23|0.25|0.0||
AXAS|48|NASDAQ|2020|1|30|15|30|1130100|0.27|0.25|0.25|0.26|0.0||
AXAS|49|NASDAQ|2020|1|29|15|30|1570700|0.28|0.26|0.26|0.27|0.0||
AXAS|50|NASDAQ|2020|1|28|15|30|1844400|0.29|0.26|0.27|0.29|0.0||
AXAS|51|NASDAQ|2020|1|27|15|30|1582300|0.3|0.28|0.28|0.3|0.0||
AXAS|52|NASDAQ|2020|1|24|15|30|1305200|0.32|0.3|0.3|0.31|0.0||
AXAS|53|NASDAQ|2020|1|23|15|30|906600|0.32|0.31|0.31|0.31|0.0||
AXAS|54|NASDAQ|2020|1|22|15|30|1213800|0.33|0.31|0.31|0.32|0.0||
AXAS|55|NASDAQ|2020|1|21|15|30|940100|0.34|0.32|0.32|0.33|0.0||
AXAS|56|NASDAQ|2020|1|17|15|30|1205500|0.34|0.32|0.32|0.34|0.0||
AXAS|57|NASDAQ|2020|1|16|15|30|1397200|0.35|0.32|0.34|0.33|0.0||
AXAS|58|NASDAQ|2020|1|15|15|30|1070000|0.33|0.32|0.32|0.33|0.0||
AXAS|59|NASDAQ|2020|1|14|15|30|1368000|0.33|0.32|0.33|0.32|0.0||
AXAS|60|NASDAQ|2020|1|13|15|30|1119800|0.33|0.31|0.32|0.32|0.0||
AXAS|61|NASDAQ|2020|1|10|15|30|1311800|0.34|0.32|0.33|0.33|0.0||
AXAS|62|NASDAQ|2020|1|9|15|30|1091300|0.35|0.33|0.35|0.35|0.0||
AXAS|63|NASDAQ|2020|1|8|15|30|2800300|0.4|0.34|0.35|0.4|0.0||
AXAS|64|NASDAQ|2020|1|7|15|30|2033400|0.42|0.38|0.39|0.42|0.0||
AXAS|65|NASDAQ|2020|1|6|15|30|4300100|0.41|0.38|0.4|0.4|0.0||
AXAS|66|NASDAQ|2020|1|3|15|30|2462900|0.39|0.35|0.36|0.39|0.0||
AXAS|67|NASDAQ|2020|1|2|15|30|1579100|0.37|0.35|0.35|0.37|0.0||
AXAS|68|NASDAQ|2019|12|31|15|30|2076700|0.37|0.34|0.35|0.34|0.0||
AXAS|69|NASDAQ|2019|12|30|15|30|2993700|0.39|0.3|0.34|0.38|1.0||
AXAS|70|NASDAQ|2019|12|27|15|30|1383900|0.4|0.38|0.38|0.39|0.0||
AXAS|71|NASDAQ|2019|12|26|15|30|1316700|0.41|0.38|0.39|0.4|0.0||
AXAS|72|NASDAQ|2019|12|24|15|30|1396600|0.41|0.38|0.39|0.41|0.0||
AXAS|73|NASDAQ|2019|12|23|15|30|3162000|0.44|0.39|0.41|0.44|0.0||
AXAS|74|NASDAQ|2019|12|20|15|30|6089600|0.48|0.42|0.44|0.43|0.0||
AXAS|75|NASDAQ|2019|12|19|15|30|5356300|0.45|0.33|0.42|0.35|0.0||
AXAS|76|NASDAQ|2019|12|18|15|30|3027100|0.38|0.34|0.35|0.37|0.0||
AXAS|77|NASDAQ|2019|12|17|15|30|5225900|0.38|0.31|0.38|0.33|0.0||
AXAS|78|NASDAQ|2019|12|16|15|30|3850800|0.32|0.27|0.31|0.27|1.0||
AXAS|79|NASDAQ|2019|12|13|15|30|2660700|0.28|0.25|0.27|0.25|1.0||
AXAS|80|NASDAQ|2019|12|12|15|30|1568700|0.26|0.25|0.25|0.25|1.0||
AXAS|81|NASDAQ|2019|12|11|15|30|1651300|0.26|0.25|0.25|0.26|1.0||
AXAS|82|NASDAQ|2019|12|10|15|30|958700|0.26|0.25|0.25|0.26|1.0||
AXAS|83|NASDAQ|2019|12|9|15|30|768200|0.26|0.24|0.25|0.25|0.0||
AXAS|84|NASDAQ|2019|12|6|15|30|1084900|0.27|0.25|0.25|0.26|0.0||
AXAS|85|NASDAQ|2019|12|5|15|30|1387500|0.27|0.25|0.25|0.27|0.0||
AXAS|86|NASDAQ|2019|12|4|15|30|1535700|0.27|0.24|0.26|0.24|0.0||
AXAS|87|NASDAQ|2019|12|3|15|30|1292400|0.26|0.24|0.24|0.25|0.0||
AXAS|88|NASDAQ|2019|12|2|15|30|1509300|0.27|0.24|0.24|0.26|0.0||
AXAS|89|NASDAQ|2019|11|29|15|30|1061600|0.27|0.25|0.26|0.27|0.0||
AXAS|90|NASDAQ|2019|11|27|15|30|823300|0.27|0.25|0.25|0.26|0.0||
AXAS|91|NASDAQ|2019|11|26|15|30|2565300|0.29|0.25|0.25|0.26|0.0||
AXAS|92|NASDAQ|2019|11|25|15|30|1622700|0.26|0.23|0.26|0.25|0.0||
AXAS|93|NASDAQ|2019|11|22|15|30|1742200|0.25|0.23|0.25|0.25|0.0||
AXAS|94|NASDAQ|2019|11|21|15|30|2198300|0.26|0.22|0.24|0.26|0.0||
AXAS|95|NASDAQ|2019|11|20|15|30|1664600|0.27|0.25|0.25|0.26|0.0||
AXAS|96|NASDAQ|2019|11|19|15|30|1917300|0.29|0.25|0.26|0.29|0.0||
AXAS|97|NASDAQ|2019|11|18|15|30|2398500|0.33|0.27|0.28|0.33|0.0||
AXAS|98|NASDAQ|2019|11|15|15|30|1851200|0.33|0.29|0.32|0.3|0.0||
AXAS|99|NASDAQ|2019|11|14|15|30|1568100|0.32|0.29|0.29|0.31|0.0||
AXAS|100|NASDAQ|2019|11|13|15|30|3976000|0.36|0.28|0.3|0.3|0.0||
AXAS|101|NASDAQ|2019|11|12|15|30|2100300|0.35|0.3|0.31|0.35|0.0||
AXAS|102|NASDAQ|2019|11|11|15|30|4586700|0.37|0.27|0.33|0.28|0.0||
AXAS|103|NASDAQ|2019|11|8|15|30|2064400|0.28|0.26|0.27|0.27|0.0||
AXAS|104|NASDAQ|2019|11|7|15|30|1875200|0.28|0.27|0.27|0.28|0.0||
AXAS|105|NASDAQ|2019|11|6|15|30|2704700|0.3|0.26|0.27|0.29|1.0||
AXAS|106|NASDAQ|2019|11|5|15|30|1707800|0.32|0.28|0.29|0.31|0.0||
AXAS|107|NASDAQ|2019|11|4|15|30|2066000|0.33|0.3|0.31|0.32|0.0||
AXAS|108|NASDAQ|2019|11|1|14|30|2110000|0.32|0.28|0.32|0.3|0.0||
AXAS|109|NASDAQ|2019|10|31|14|30|3169500|0.31|0.27|0.29|0.31|0.0||
AXAS|110|NASDAQ|2019|10|30|14|30|1376400|0.33|0.31|0.31|0.33|0.0||
AXAS|111|NASDAQ|2019|10|29|14|30|1148000|0.34|0.31|0.33|0.34|0.0||
AXAS|112|NASDAQ|2019|10|28|14|30|1077200|0.34|0.33|0.33|0.34|0.0||
AXAS|113|NASDAQ|2019|10|25|15|30|1133600|0.33|0.32|0.33|0.33|0.0||
AXAS|114|NASDAQ|2019|10|24|15|30|964900|0.35|0.32|0.33|0.34|0.0||
AXAS|115|NASDAQ|2019|10|23|15|30|1166300|0.35|0.33|0.34|0.34|0.0||
AXAS|116|NASDAQ|2019|10|22|15|30|1636600|0.35|0.31|0.34|0.32|0.0||
AXAS|117|NASDAQ|2019|10|21|15|30|2317500|0.34|0.31|0.32|0.34|0.0||
AXAS|118|NASDAQ|2019|10|18|15|30|1080100|0.35|0.33|0.34|0.35|0.0||
AXAS|119|NASDAQ|2019|10|17|15|30|2155000|0.36|0.33|0.35|0.36|0.0||
AXAS|120|NASDAQ|2019|10|16|15|30|1713500|0.38|0.36|0.36|0.38|0.0||
AXAS|121|NASDAQ|2019|10|15|15|30|3948900|0.44|0.37|0.37|0.44|0.0||
AXAS|122|NASDAQ|2019|10|14|15|30|691100|0.39|0.36|0.37|0.39|0.0||
AXAS|123|NASDAQ|2019|10|11|15|30|977400|0.39|0.37|0.37|0.38|||
AXAS|124|NASDAQ|2019|10|10|15|30|1402100|0.38|0.34|0.37|0.38|||
AXAS|125|NASDAQ|2019|10|9|15|30|1029500|0.39|0.37|0.38|0.39|||
AXAS|126|NASDAQ|2019|10|8|15|30|2485000|0.4|0.37|0.38|0.4|||
AXDX|0|NASDAQ|2020|4|8|20|20|348006|8.84|7.92|8.77|8.18|||
AXDX|1|NASDAQ|2020|4|7|15|30|286400|8.8|7.88|7.91|8.47|||
AXDX|2|NASDAQ|2020|4|6|15|30|610000|8.65|7.78|8.25|7.87|||
AXDX|3|NASDAQ|2020|4|3|15|30|346900|7.93|7.32|7.49|7.56|||
AXDX|4|NASDAQ|2020|4|2|15|30|296200|7.92|7.21|7.56|7.81|||
AXDX|5|NASDAQ|2020|4|1|15|30|251000|8.22|7.6|7.73|8.0|0.0||
AXDX|6|NASDAQ|2020|3|31|15|30|699100|8.86|8.01|8.33|8.6|0.0||
AXDX|7|NASDAQ|2020|3|30|15|30|495000|8.89|7.75|8.69|8.29|0.0||
AXDX|8|NASDAQ|2020|3|27|14|30|505400|8.35|7.66|8.0|7.88|0.0||
AXDX|9|NASDAQ|2020|3|26|14|30|627600|8.54|7.65|8.1|7.65|0.0||
AXDX|10|NASDAQ|2020|3|25|14|30|755600|8.04|6.86|7.52|6.96|0.0||
AXDX|11|NASDAQ|2020|3|24|14|30|724900|7.31|6.09|7.27|6.28|1.0||
AXDX|12|NASDAQ|2020|3|23|14|30|3003400|7.72|4.75|5.93|4.81|1.0||
AXDX|13|NASDAQ|2020|3|20|14|30|663900|7.04|4.53|4.62|6.58|1.0||
AXDX|14|NASDAQ|2020|3|19|14|30|466600|7.66|6.21|6.47|7.0|0.0||
AXDX|15|NASDAQ|2020|3|18|14|30|795400|8.63|6.63|7.07|8.2|0.0||
AXDX|16|NASDAQ|2020|3|17|14|30|353800|9.28|8.15|8.77|8.44|0.0||
AXDX|17|NASDAQ|2020|3|16|14|30|327300|9.0|8.3|8.41|8.5|0.0||
AXDX|18|NASDAQ|2020|3|13|14|30|310100|9.9|8.5|9.59|9.85|0.0||
AXDX|19|NASDAQ|2020|3|12|14|30|453300|10.41|9.27|9.4|9.82|0.0||
AXDX|20|NASDAQ|2020|3|11|14|30|394600|10.69|10.02|10.61|10.55|0.0||
AXDX|21|NASDAQ|2020|3|10|14|30|399800|11.67|10.25|10.86|11.46|0.0||
AXDX|22|NASDAQ|2020|3|9|14|30|346600|11.96|11.13|11.27|11.5|0.0||
AXDX|23|NASDAQ|2020|3|6|15|30|378500|12.76|11.83|12.34|12.07|0.0||
AXDX|24|NASDAQ|2020|3|5|15|30|218300|13.27|12.46|12.61|12.96|0.0||
AXDX|25|NASDAQ|2020|3|4|15|30|276300|13.33|12.66|13.26|12.8|0.0||
AXDX|26|NASDAQ|2020|3|3|15|30|374300|13.78|12.17|12.62|13.25|0.0||
AXDX|27|NASDAQ|2020|3|2|15|30|522900|13.14|12.6|13.14|13.14|0.0||
AXDX|28|NASDAQ|2020|2|28|15|30|467000|13.9|11.0|12.81|11.0|0.0||
AXDX|29|NASDAQ|2020|2|27|15|30|413200|14.23|13.19|13.52|14.04|0.0||
AXDX|30|NASDAQ|2020|2|26|15|30|248200|15.35|14.06|14.32|14.74|0.0||
AXDX|31|NASDAQ|2020|2|25|15|30|371700|15.78|14.63|14.65|15.45|0.0||
AXDX|32|NASDAQ|2020|2|24|15|30|162800|16.07|15.14|15.39|15.66|0.0||
AXDX|33|NASDAQ|2020|2|21|15|30|199000|16.77|16.040001|16.129998999999998|16.129998999999998|0.0||
AXDX|34|NASDAQ|2020|2|20|15|30|219600|16.35|15.76|16.110001|16.27|0.0||
AXDX|35|NASDAQ|2020|2|19|15|30|234200|16.49|16.01|16.379998999999998|16.08|0.0||
AXDX|36|NASDAQ|2020|2|18|15|30|205300|16.559998999999998|16.059998999999998|16.129998999999998|16.48|0.0||
AXDX|37|NASDAQ|2020|2|14|15|30|142200|16.709999|16.360001|16.51|16.52|0.0||
AXDX|38|NASDAQ|2020|2|13|15|30|113600|16.85|16.440001000000002|16.59|16.559998999999998|0.0||
AXDX|39|NASDAQ|2020|2|12|15|30|245400|16.9|16.4|16.700001|16.75|0.0||
AXDX|40|NASDAQ|2020|2|11|15|30|181500|16.9|16.59|16.66|16.620001000000002|0.0||
AXDX|41|NASDAQ|2020|2|10|15|30|138400|16.82|16.35|16.629998999999998|16.440001000000002|0.0||
AXDX|42|NASDAQ|2020|2|7|15|30|190100|17.07|16.469998999999998|16.530001000000002|16.950001|0.0||
AXDX|43|NASDAQ|2020|2|6|15|30|96600|17.190001000000002|16.610001|17.01|17.110001|0.0||
AXDX|44|NASDAQ|2020|2|5|15|30|125600|17.709999|17.02|17.15|17.610001|0.0||
AXDX|45|NASDAQ|2020|2|4|15|30|107600|17.84|17.16|17.549999|17.24|0.0||
AXDX|46|NASDAQ|2020|2|3|15|30|123300|17.59|16.879998999999998|17.110001|16.889999|0.0||
AXDX|47|NASDAQ|2020|1|31|15|30|169000|16.879998999999998|16.32|16.799999|16.549999|0.0||
AXDX|48|NASDAQ|2020|1|30|15|30|117400|16.68|16.209999|16.67|16.209999|0.0||
AXDX|49|NASDAQ|2020|1|29|15|30|127800|16.58|16.27|16.35|16.52|0.0||
AXDX|50|NASDAQ|2020|1|28|15|30|117000|16.709999|16.17|16.5|16.35|0.0||
AXDX|51|NASDAQ|2020|1|27|15|30|109000|16.75|16.02|16.360001|16.02|0.0||
AXDX|52|NASDAQ|2020|1|24|15|30|211200|16.85|16.129998999999998|16.41|16.57|0.0||
AXDX|53|NASDAQ|2020|1|23|15|30|300700|16.889999|16.5|16.68|16.709999|0.0||
AXDX|54|NASDAQ|2020|1|22|15|30|234000|17.309998999999998|16.639999|16.870001000000002|17.08|0.0||
AXDX|55|NASDAQ|2020|1|21|15|30|174700|17.4|16.85|17.02|17.120001000000002|0.0||
AXDX|56|NASDAQ|2020|1|17|15|30|200800|18.15|17.1|17.299999|18.15|0.0||
AXDX|57|NASDAQ|2020|1|16|15|30|563000|18.889999|17.59|18.02|18.719999|0.0||
AXDX|58|NASDAQ|2020|1|15|15|30|1009600|18.84|15.38|18.74|15.4|0.0||
AXDX|59|NASDAQ|2020|1|14|15|30|284800|18.379999|18.0|18.120001|18.309999|0.0||
AXDX|60|NASDAQ|2020|1|13|15|30|228200|18.23|17.219998999999998|17.860001|18.030001|0.0||
AXDX|61|NASDAQ|2020|1|10|15|30|150900|18.540001|18.16|18.35|18.16|0.0||
AXDX|62|NASDAQ|2020|1|9|15|30|170400|18.559999|17.85|18.24|17.879998999999994|0.0||
AXDX|63|NASDAQ|2020|1|8|15|30|129900|18.059999|17.639999|17.91|17.809998999999994|0.0||
AXDX|64|NASDAQ|2020|1|7|15|30|120400|18.120001|17.370001000000002|17.85|17.42|0.0||
AXDX|65|NASDAQ|2020|1|6|15|30|97800|17.65|16.799999|17.549999|16.809998999999998|0.0||
AXDX|66|NASDAQ|2020|1|3|15|30|193000|17.23|16.6|17.030001000000002|16.639999|0.0||
AXDX|67|NASDAQ|2020|1|2|15|30|237400|17.309998999999998|16.799999|17.02|17.09|0.0||
AXDX|68|NASDAQ|2019|12|31|15|30|178200|17.25|16.52|16.9|16.52|0.0||
AXDX|69|NASDAQ|2019|12|30|15|30|181100|16.99|16.4|16.68|16.860001|0.0||
AXDX|70|NASDAQ|2019|12|27|15|30|133700|17.309998999999998|16.459999|16.98|17.309998999999998|0.0||
AXDX|71|NASDAQ|2019|12|26|15|30|120700|17.74|17.16|17.24|17.74|0.0||
AXDX|72|NASDAQ|2019|12|24|15|30|47100|17.74|17.33|17.74|17.34|0.0||
AXDX|73|NASDAQ|2019|12|23|15|30|117700|17.41|16.870001000000002|17.35|17.25|0.0||
AXDX|74|NASDAQ|2019|12|20|15|30|269200|17.17|16.030001000000002|17.049999|16.41|0.0||
AXDX|75|NASDAQ|2019|12|19|15|30|161500|17.190001000000002|16.219998999999998|16.33|16.870001000000002|0.0||
AXDX|76|NASDAQ|2019|12|18|15|30|139700|17.059998999999998|16.389999|16.889999|16.75|0.0||
AXDX|77|NASDAQ|2019|12|17|15|30|255200|16.9|16.379998999999998|16.73|16.6|0.0||
AXDX|78|NASDAQ|2019|12|16|15|30|266500|16.950001|16.040001|16.68|16.43|0.0||
AXDX|79|NASDAQ|2019|12|13|15|30|288300|16.48|15.81|16.440001000000002|16.120001000000002|0.0||
AXDX|80|NASDAQ|2019|12|12|15|30|177600|16.4|15.76|16.16|15.94|0.0||
AXDX|81|NASDAQ|2019|12|11|15|30|241100|16.08|15.43|15.88|15.84|0.0||
AXDX|82|NASDAQ|2019|12|10|15|30|131600|16.15|15.47|15.83|15.68|0.0||
AXDX|83|NASDAQ|2019|12|9|15|30|166200|16.09|15.51|15.7|15.73|0.0||
AXDX|84|NASDAQ|2019|12|6|15|30|281300|15.99|15.47|15.88|15.63|0.0||
AXDX|85|NASDAQ|2019|12|5|15|30|227800|15.6|14.55|15.52|14.9|0.0||
AXDX|86|NASDAQ|2019|12|4|15|30|265700|15.18|14.41|14.84|14.66|0.0||
AXDX|87|NASDAQ|2019|12|3|15|30|120600|14.91|14.39|14.63|14.54|0.0||
AXDX|88|NASDAQ|2019|12|2|15|30|220800|15.12|14.27|14.6|15.0|0.0||
AXDX|89|NASDAQ|2019|11|29|15|30|131600|15.42|14.87|14.94|15.41|0.0||
AXDX|90|NASDAQ|2019|11|27|15|30|148100|15.7|14.91|15.46|15.7|0.0||
AXDX|91|NASDAQ|2019|11|26|15|30|145000|15.97|15.6|15.61|15.8|0.0||
AXDX|92|NASDAQ|2019|11|25|15|30|97800|16.110001|15.76|15.81|15.88|0.0||
AXDX|93|NASDAQ|2019|11|22|15|30|447500|16.219998999999998|15.63|15.9|16.219998999999998|0.0||
AXDX|94|NASDAQ|2019|11|21|15|30|83600|16.450001|16.110001|16.190001000000002|16.299999|0.0||
AXDX|95|NASDAQ|2019|11|20|15|30|253400|17.030001000000002|16.0|16.370001000000002|16.440001000000002|0.0||
AXDX|96|NASDAQ|2019|11|19|15|30|193400|16.83|16.0|16.610001|16.299999|0.0||
AXDX|97|NASDAQ|2019|11|18|15|30|206700|16.459999|15.93|16.209999|15.93|0.0||
AXDX|98|NASDAQ|2019|11|15|15|30|109400|16.32|15.72|16.07|15.82|0.0||
AXDX|99|NASDAQ|2019|11|14|15|30|153900|16.0|15.55|15.74|15.95|0.0||
AXDX|100|NASDAQ|2019|11|13|15|30|261000|16.33|15.36|15.95|15.36|0.0||
AXDX|101|NASDAQ|2019|11|12|15|30|204500|15.52|15.0|15.36|15.03|0.0||
AXDX|102|NASDAQ|2019|11|11|15|30|320200|15.4|14.94|14.96|15.18|0.0||
AXDX|103|NASDAQ|2019|11|8|15|30|512200|15.76|14.34|15.39|14.85|0.0||
AXDX|104|NASDAQ|2019|11|7|15|30|259900|16.219998999999998|15.47|15.59|15.94|0.0||
AXDX|105|NASDAQ|2019|11|6|15|30|110900|16.780001000000002|15.81|15.84|16.290001|0.0||
AXDX|106|NASDAQ|2019|11|5|15|30|106700|16.629998999999998|15.9|16.27|16.02|0.0||
AXDX|107|NASDAQ|2019|11|4|15|30|83600|16.15|15.7|15.97|15.95|0.0||
AXDX|108|NASDAQ|2019|11|1|14|30|115800|16.219998999999998|15.4|15.85|15.53|0.0||
AXDX|109|NASDAQ|2019|10|31|14|30|219200|15.48|15.08|15.4|15.4|0.0||
AXDX|110|NASDAQ|2019|10|30|14|30|258900|16.26|15.27|15.48|16.25|0.0||
AXDX|111|NASDAQ|2019|10|29|14|30|169500|16.58|16.129998999999998|16.209999|16.540001|0.0||
AXDX|112|NASDAQ|2019|10|28|14|30|134100|17.73|16.540001|16.6|17.51|0.0||
AXDX|113|NASDAQ|2019|10|25|15|30|130400|17.73|17.33|17.42|17.68|0.0||
AXDX|114|NASDAQ|2019|10|24|15|30|138300|18.280001|17.66|17.82|17.889999|0.0||
AXDX|115|NASDAQ|2019|10|23|15|30|180100|18.1|17.57|17.82|17.629998999999994|0.0||
AXDX|116|NASDAQ|2019|10|22|15|30|176200|17.68|16.91|17.6|16.92|0.0||
AXDX|117|NASDAQ|2019|10|21|15|30|177400|17.65|16.74|16.809998999999998|17.65|0.0||
AXDX|118|NASDAQ|2019|10|18|15|30|230000|17.92|17.129998999999998|17.49|17.379998999999998|0.0||
AXDX|119|NASDAQ|2019|10|17|15|30|127600|17.77|16.99|17.530001000000002|17.27|0.0||
AXDX|120|NASDAQ|2019|10|16|15|30|106700|17.969998999999994|17.16|17.190001000000002|17.969998999999994|0.0||
AXDX|121|NASDAQ|2019|10|15|15|30|162800|18.299999|17.82|18.01|17.98|0.0||
AXDX|122|NASDAQ|2019|10|14|15|30|100300|18.16|17.51|17.91|17.950001|0.0||
AXDX|123|NASDAQ|2019|10|11|15|30|205300|18.77|17.68|18.0|18.360001|||
AXDX|124|NASDAQ|2019|10|10|15|30|81600|18.32|17.68|18.129999|18.129999|||
AXDX|125|NASDAQ|2019|10|9|15|30|62800|18.709999|18.0|18.09|18.15|||
AXDX|126|NASDAQ|2019|10|8|15|30|130000|18.4|17.540001|18.01|17.889999|||
AXTI|0|NASDAQ|2020|4|8|20|14|64009|3.25|3.12|3.14|3.19|||
AXTI|1|NASDAQ|2020|4|7|15|30|464000|3.25|3.03|3.13|3.21|||
AXTI|2|NASDAQ|2020|4|6|15|30|182700|3.1|2.91|3.08|2.98|||
AXTI|3|NASDAQ|2020|4|3|15|30|240000|2.94|2.81|2.84|2.93|||
AXTI|4|NASDAQ|2020|4|2|15|30|216500|2.99|2.76|2.97|2.77|||
AXTI|5|NASDAQ|2020|4|1|15|30|235800|3.13|2.8|2.8|3.1|0.0||
AXTI|6|NASDAQ|2020|3|31|15|30|377900|3.22|2.95|3.21|2.97|0.0||
AXTI|7|NASDAQ|2020|3|30|15|30|226000|2.96|2.66|2.92|2.78|0.0||
AXTI|8|NASDAQ|2020|3|27|14|30|693100|2.97|2.69|2.78|2.84|0.0||
AXTI|9|NASDAQ|2020|3|26|14|30|300800|3.0|2.69|3.0|2.71|0.0||
AXTI|10|NASDAQ|2020|3|25|14|30|230300|2.78|2.6|2.69|2.74|0.0||
AXTI|11|NASDAQ|2020|3|24|14|30|600600|2.77|2.55|2.75|2.55|0.0||
AXTI|12|NASDAQ|2020|3|23|14|30|710800|2.73|2.37|2.47|2.57|0.0||
AXTI|13|NASDAQ|2020|3|20|14|30|463800|2.5|2.25|2.5|2.3|1.0||
AXTI|14|NASDAQ|2020|3|19|14|30|1014000|2.25|1.91|2.25|1.94|1.0||
AXTI|15|NASDAQ|2020|3|18|14|30|452400|2.04|1.87|1.89|1.91|1.0||
AXTI|16|NASDAQ|2020|3|17|14|30|526300|2.19|1.86|2.07|1.98|0.0||
AXTI|17|NASDAQ|2020|3|16|14|30|420500|2.28|1.85|1.9|2.21|1.0||
AXTI|18|NASDAQ|2020|3|13|14|30|371600|2.64|2.29|2.34|2.55|0.0||
AXTI|19|NASDAQ|2020|3|12|14|30|283300|2.79|2.31|2.43|2.71|0.0||
AXTI|20|NASDAQ|2020|3|11|14|30|284600|3.02|2.81|2.9|2.98|0.0||
AXTI|21|NASDAQ|2020|3|10|14|30|181000|3.19|2.95|3.11|3.13|0.0||
AXTI|22|NASDAQ|2020|3|9|14|30|177500|3.17|2.97|3.03|3.11|0.0||
AXTI|23|NASDAQ|2020|3|6|15|30|185900|3.43|3.2|3.3|3.33|0.0||
AXTI|24|NASDAQ|2020|3|5|15|30|217300|3.62|3.44|3.5|3.55|0.0||
AXTI|25|NASDAQ|2020|3|4|15|30|158900|3.7|3.38|3.67|3.47|0.0||
AXTI|26|NASDAQ|2020|3|3|15|30|130400|3.52|3.37|3.42|3.45|0.0||
AXTI|27|NASDAQ|2020|3|2|15|30|153300|3.5|3.31|3.43|3.49|0.0||
AXTI|28|NASDAQ|2020|2|28|15|30|177200|3.49|3.25|3.48|3.25|0.0||
AXTI|29|NASDAQ|2020|2|27|15|30|157800|3.56|3.35|3.39|3.36|0.0||
AXTI|30|NASDAQ|2020|2|26|15|30|77200|3.56|3.42|3.49|3.51|0.0||
AXTI|31|NASDAQ|2020|2|25|15|30|209500|3.62|3.46|3.47|3.61|0.0||
AXTI|32|NASDAQ|2020|2|24|15|30|284200|3.65|3.43|3.59|3.6|0.0||
AXTI|33|NASDAQ|2020|2|21|15|30|286000|4.05|3.75|3.77|4.03|0.0||
AXTI|34|NASDAQ|2020|2|20|15|30|429700|4.2|3.94|4.0|4.15|0.0||
AXTI|35|NASDAQ|2020|2|19|15|30|230300|4.09|3.83|4.06|3.88|0.0||
AXTI|36|NASDAQ|2020|2|18|15|30|273600|4.12|3.85|3.86|4.04|0.0||
AXTI|37|NASDAQ|2020|2|14|15|30|84900|4.17|4.0|4.06|4.1|0.0||
AXTI|38|NASDAQ|2020|2|13|15|30|116900|4.23|4.06|4.09|4.19|0.0||
AXTI|39|NASDAQ|2020|2|12|15|30|141600|4.31|4.14|4.28|4.14|0.0||
AXTI|40|NASDAQ|2020|2|11|15|30|154400|4.22|4.1|4.16|4.11|0.0||
AXTI|41|NASDAQ|2020|2|10|15|30|96300|4.16|3.97|4.1|4.03|0.0||
AXTI|42|NASDAQ|2020|2|7|15|30|106900|4.12|3.95|4.05|4.08|0.0||
AXTI|43|NASDAQ|2020|2|6|15|30|97300|4.2|4.08|4.11|4.2|0.0||
AXTI|44|NASDAQ|2020|2|5|15|30|183800|4.19|4.05|4.17|4.08|0.0||
AXTI|45|NASDAQ|2020|2|4|15|30|158700|4.16|3.92|4.0|4.01|0.0||
AXTI|46|NASDAQ|2020|2|3|15|30|171800|3.95|3.84|3.91|3.9|0.0||
AXTI|47|NASDAQ|2020|1|31|15|30|471000|4.24|3.85|3.9|4.24|0.0||
AXTI|48|NASDAQ|2020|1|30|15|30|238200|4.42|4.24|4.29|4.38|0.0||
AXTI|49|NASDAQ|2020|1|29|15|30|277200|4.44|4.34|4.41|4.37|0.0||
AXTI|50|NASDAQ|2020|1|28|15|30|142500|4.46|4.35|4.38|4.45|0.0||
AXTI|51|NASDAQ|2020|1|27|15|30|537700|4.47|4.29|4.37|4.38|0.0||
AXTI|52|NASDAQ|2020|1|24|15|30|127300|4.69|4.48|4.53|4.57|0.0||
AXTI|53|NASDAQ|2020|1|23|15|30|178000|4.58|4.46|4.54|4.56|0.0||
AXTI|54|NASDAQ|2020|1|22|15|30|185400|4.62|4.49|4.56|4.51|0.0||
AXTI|55|NASDAQ|2020|1|21|15|30|314600|4.9|4.48|4.49|4.9|0.0||
AXTI|56|NASDAQ|2020|1|17|15|30|441500|4.92|4.72|4.9|4.72|0.0||
AXTI|57|NASDAQ|2020|1|16|15|30|363300|4.74|4.39|4.7|4.45|0.0||
AXTI|58|NASDAQ|2020|1|15|15|30|236300|4.39|4.25|4.33|4.3|0.0||
AXTI|59|NASDAQ|2020|1|14|15|30|89600|4.38|4.26|4.31|4.26|0.0||
AXTI|60|NASDAQ|2020|1|13|15|30|145400|4.32|4.23|4.27|4.23|0.0||
AXTI|61|NASDAQ|2020|1|10|15|30|112400|4.3|4.22|4.25|4.22|0.0||
AXTI|62|NASDAQ|2020|1|9|15|30|143200|4.38|4.24|4.24|4.34|0.0||
AXTI|63|NASDAQ|2020|1|8|15|30|228800|4.55|4.24|4.32|4.42|0.0||
AXTI|64|NASDAQ|2020|1|7|15|30|328800|4.76|4.45|4.46|4.63|0.0||
AXTI|65|NASDAQ|2020|1|6|15|30|203600|4.63|4.4|4.61|4.48|0.0||
AXTI|66|NASDAQ|2020|1|3|15|30|429400|4.54|4.31|4.5|4.4|0.0||
AXTI|67|NASDAQ|2020|1|2|15|30|314100|4.45|4.29|4.43|4.36|0.0||
AXTI|68|NASDAQ|2019|12|31|15|30|307600|4.4|4.14|4.35|4.14|0.0||
AXTI|69|NASDAQ|2019|12|30|15|30|207600|4.17|4.02|4.14|4.05|0.0||
AXTI|70|NASDAQ|2019|12|27|15|30|279800|4.1|3.97|4.04|4.05|0.0||
AXTI|71|NASDAQ|2019|12|26|15|30|335700|4.04|3.89|4.03|4.0|0.0||
AXTI|72|NASDAQ|2019|12|24|15|30|124600|4.05|3.96|4.03|4.0|0.0||
AXTI|73|NASDAQ|2019|12|23|15|30|241900|4.01|3.79|3.99|3.97|0.0||
AXTI|74|NASDAQ|2019|12|20|15|30|526500|4.2|3.71|3.91|3.71|0.0||
AXTI|75|NASDAQ|2019|12|19|15|30|290600|3.74|3.55|3.74|3.6|0.0||
AXTI|76|NASDAQ|2019|12|18|15|30|163700|3.6|3.47|3.57|3.56|0.0||
AXTI|77|NASDAQ|2019|12|17|15|30|743600|3.57|3.32|3.54|3.41|0.0||
AXTI|78|NASDAQ|2019|12|16|15|30|138500|3.52|3.35|3.41|3.49|1.0||
AXTI|79|NASDAQ|2019|12|13|15|30|180800|3.56|3.34|3.47|3.55|0.0||
AXTI|80|NASDAQ|2019|12|12|15|30|275500|3.57|3.34|3.54|3.34|0.0||
AXTI|81|NASDAQ|2019|12|11|15|30|207500|3.38|3.2|3.34|3.2|0.0||
AXTI|82|NASDAQ|2019|12|10|15|30|139400|3.24|3.18|3.21|3.2|0.0||
AXTI|83|NASDAQ|2019|12|9|15|30|338300|3.25|3.19|3.21|3.24|0.0||
AXTI|84|NASDAQ|2019|12|6|15|30|132500|3.24|3.13|3.2|3.13|0.0||
AXTI|85|NASDAQ|2019|12|5|15|30|226600|3.12|3.01|3.11|3.04|0.0||
AXTI|86|NASDAQ|2019|12|4|15|30|149400|3.1|2.98|3.03|3.05|0.0||
AXTI|87|NASDAQ|2019|12|3|15|30|93400|3.08|2.99|3.03|3.02|0.0||
AXTI|88|NASDAQ|2019|12|2|15|30|1351700|3.23|3.05|3.11|3.17|0.0||
AXTI|89|NASDAQ|2019|11|29|15|30|44700|3.25|3.14|3.16|3.25|0.0||
AXTI|90|NASDAQ|2019|11|27|15|30|156300|3.32|3.16|3.25|3.16|0.0||
AXTI|91|NASDAQ|2019|11|26|15|30|137400|3.21|3.1|3.17|3.1|0.0||
AXTI|92|NASDAQ|2019|11|25|15|30|130000|3.12|2.96|3.11|2.99|0.0||
AXTI|93|NASDAQ|2019|11|22|15|30|67500|3.0|2.92|2.96|2.99|0.0||
AXTI|94|NASDAQ|2019|11|21|15|30|120200|3.08|2.94|2.97|3.0|0.0||
AXTI|95|NASDAQ|2019|11|20|15|30|213500|3.16|3.03|3.04|3.09|0.0||
AXTI|96|NASDAQ|2019|11|19|15|30|139000|3.17|3.08|3.12|3.08|0.0||
AXTI|97|NASDAQ|2019|11|18|15|30|159500|3.09|3.0|3.07|3.05|0.0||
AXTI|98|NASDAQ|2019|11|15|15|30|244500|3.15|2.99|3.07|2.99|0.0||
AXTI|99|NASDAQ|2019|11|14|15|30|180200|3.09|2.93|2.98|3.06|0.0||
AXTI|100|NASDAQ|2019|11|13|15|30|111000|3.11|2.99|3.06|3.03|0.0||
AXTI|101|NASDAQ|2019|11|12|15|30|115700|3.15|3.02|3.05|3.08|0.0||
AXTI|102|NASDAQ|2019|11|11|15|30|103400|3.1|2.92|3.08|3.0|0.0||
AXTI|103|NASDAQ|2019|11|8|15|30|149300|3.04|2.91|3.01|2.95|0.0||
AXTI|104|NASDAQ|2019|11|7|15|30|218200|3.15|2.91|2.95|3.09|0.0||
AXTI|105|NASDAQ|2019|11|6|15|30|97900|3.12|3.04|3.06|3.07|0.0||
AXTI|106|NASDAQ|2019|11|5|15|30|199600|3.12|3.03|3.1|3.04|0.0||
AXTI|107|NASDAQ|2019|11|4|15|30|293300|3.24|3.0|3.05|3.17|0.0||
AXTI|108|NASDAQ|2019|11|1|14|30|179400|3.21|3.1|3.19|3.1|0.0||
AXTI|109|NASDAQ|2019|10|31|14|30|252500|3.24|3.08|3.12|3.18|0.0||
AXTI|110|NASDAQ|2019|10|30|14|30|193600|3.15|3.04|3.1|3.15|0.0||
AXTI|111|NASDAQ|2019|10|29|14|30|173400|3.17|3.05|3.15|3.05|0.0||
AXTI|112|NASDAQ|2019|10|28|14|30|133900|3.05|2.93|3.04|2.93|0.0||
AXTI|113|NASDAQ|2019|10|25|15|30|156500|2.99|2.82|2.93|2.82|0.0||
AXTI|114|NASDAQ|2019|10|24|15|30|239800|2.84|2.76|2.8|2.77|0.0||
AXTI|115|NASDAQ|2019|10|23|15|30|264500|2.87|2.72|2.72|2.86|1.0||
AXTI|116|NASDAQ|2019|10|22|15|30|110800|3.02|2.87|2.87|3.0|0.0||
AXTI|117|NASDAQ|2019|10|21|15|30|192600|3.1|2.97|2.99|3.06|0.0||
AXTI|118|NASDAQ|2019|10|18|15|30|104900|3.06|2.97|3.03|3.02|0.0||
AXTI|119|NASDAQ|2019|10|17|15|30|185900|3.08|3.0|3.05|3.05|0.0||
AXTI|120|NASDAQ|2019|10|16|15|30|171800|3.11|3.01|3.04|3.1|0.0||
AXTI|121|NASDAQ|2019|10|15|15|30|428500|3.12|2.99|3.09|3.0|0.0||
AXTI|122|NASDAQ|2019|10|14|15|30|131700|3.04|2.96|2.99|3.0|0.0||
AXTI|123|NASDAQ|2019|10|11|15|30|347100|3.04|2.92|2.99|2.95|||
AXTI|124|NASDAQ|2019|10|10|15|30|216000|3.0|2.87|2.91|2.99|||
AXTI|125|NASDAQ|2019|10|9|15|30|243300|3.0|2.84|2.99|2.88|||
AXTI|126|NASDAQ|2019|10|8|15|30|343600|2.96|2.84|2.86|2.86|||
AY|0|NASDAQ|2020|4|8|20|21|215858|22.370001|21.5|22.299999|22.139999|||
AY|1|NASDAQ|2020|4|7|15|30|535300|22.959999|21.695|22.01|22.709999|||
AY|2|NASDAQ|2020|4|6|15|30|361900|22.49|21.620001|22.17|21.629999|||
AY|3|NASDAQ|2020|4|3|15|30|583800|21.59|20.584999|21.07|21.49|||
AY|4|NASDAQ|2020|4|2|15|30|535600|21.950001|21.07|21.49|21.26|||
AY|5|NASDAQ|2020|4|1|15|30|755500|21.950001|20.856001000000006|21.280001|21.83|0.0||
AY|6|NASDAQ|2020|3|31|15|30|520500|22.639999|21.879999|22.299999|22.1|0.0||
AY|7|NASDAQ|2020|3|30|15|30|577400|22.167999|21.41|22.0|21.959999|0.0||
AY|8|NASDAQ|2020|3|27|14|30|578000|22.49|21.530001|22.0|21.860001|0.0||
AY|9|NASDAQ|2020|3|26|14|30|557200|24.08|21.719999|22.34|21.950001|0.0||
AY|10|NASDAQ|2020|3|25|14|30|575800|22.75|20.57|21.91|21.09|0.0||
AY|11|NASDAQ|2020|3|24|14|30|709200|21.290001|19.66|21.07|19.66|0.0||
AY|12|NASDAQ|2020|3|23|14|30|1015900|20.76|17.860001|18.9|20.76|1.0||
AY|13|NASDAQ|2020|3|20|14|30|1021900|21.795|20.0|20.860001|20.0|0.0||
AY|14|NASDAQ|2020|3|19|14|30|1032900|19.739|17.735001|19.639999|18.74|0.0||
AY|15|NASDAQ|2020|3|18|14|30|1173500|21.73|18.209999|18.940001|21.73|0.0||
AY|16|NASDAQ|2020|3|17|14|30|890000|23.32|19.01|23.129999|19.43|0.0||
AY|17|NASDAQ|2020|3|16|14|30|929600|20.4|18.219999|19.209999|18.219999|0.0||
AY|18|NASDAQ|2020|3|13|14|30|668200|22.52|21.030001|22.41|22.309999|0.0||
AY|19|NASDAQ|2020|3|12|14|30|892100|23.59|20.200001|21.0|23.549999|0.0||
AY|20|NASDAQ|2020|3|11|14|30|762200|25.646|24.52|24.870001|25.459999|0.0||
AY|21|NASDAQ|2020|3|10|14|30|722300|26.84|24.889999|26.26|26.709999|0.0||
AY|22|NASDAQ|2020|3|9|14|30|741400|27.49|25.0|26.290001|25.5|0.0||
AY|23|NASDAQ|2020|3|6|15|30|563700|28.41|27.450001|27.950001|28.25|0.0||
AY|24|NASDAQ|2020|3|5|15|30|1199100|29.379999|28.42|28.639999|29.280001|0.0||
AY|25|NASDAQ|2020|3|4|15|30|852900|29.459999|28.23|29.440001|29.01|0.0||
AY|26|NASDAQ|2020|3|3|15|30|637200|30.35|28.575001|28.82|29.120001|0.0||
AY|27|NASDAQ|2020|3|2|15|30|710300|29.35|28.495001|28.9|28.889999|0.0||
AY|28|NASDAQ|2020|2|28|15|30|1440700|29.17|25.108|28.91|27.0|0.0||
AY|29|NASDAQ|2020|2|27|15|30|656200|31.08|29.851999|30.030001|31.0|0.0||
AY|30|NASDAQ|2020|2|26|15|30|457100|31.808001|31.135|31.24|31.33|0.0||
AY|31|NASDAQ|2020|2|25|15|30|727200|32.5|31.43|31.465|32.220001|0.0||
AY|32|NASDAQ|2020|2|24|15|30|628100|32.290001000000004|31.799999|32.139999|31.889999|0.0||
AY|33|NASDAQ|2020|2|21|15|30|330300|32.470001|31.959999|32.240002000000004|31.98|0.0||
AY|34|NASDAQ|2020|2|20|15|30|420600|32.099998|31.513|32.049999|31.74|0.0||
AY|35|NASDAQ|2020|2|19|15|30|455300|32.02|31.51|31.860001|31.51|0.0||
AY|36|NASDAQ|2020|2|18|15|30|414500|31.82|31.266001|31.51|31.290001|0.0||
AY|37|NASDAQ|2020|2|14|15|30|339700|31.309999|30.99|31.24|31.01|0.0||
AY|38|NASDAQ|2020|2|13|15|30|424400|31.143999|30.52|31.07|30.59|0.0||
AY|39|NASDAQ|2020|2|12|15|30|417400|30.775|30.34|30.59|30.48|0.0||
AY|40|NASDAQ|2020|2|11|15|30|499700|30.530001|29.610001|30.450001|29.610001|0.0||
AY|41|NASDAQ|2020|2|10|15|30|589700|29.57|28.879999|29.559999|29.0|0.0||
AY|42|NASDAQ|2020|2|7|15|30|325100|29.24|28.92|28.99|29.09|0.0||
AY|43|NASDAQ|2020|2|6|15|30|495200|29.223000000000006|28.9|29.059999|28.93|0.0||
AY|44|NASDAQ|2020|2|5|15|30|464800|29.110001|28.58|28.73|28.93|0.0||
AY|45|NASDAQ|2020|2|4|15|30|431400|29.309999|28.700001|28.940001|29.209999|0.0||
AY|46|NASDAQ|2020|2|3|15|30|532500|29.16|28.67|29.01|28.950001|0.0||
AY|47|NASDAQ|2020|1|31|15|30|320600|28.98|28.52|28.725|28.77|0.0||
AY|48|NASDAQ|2020|1|30|15|30|442400|28.77|28.32|28.77|28.389999|0.0||
AY|49|NASDAQ|2020|1|29|15|30|350300|28.42|27.85|28.389999|27.99|0.0||
AY|50|NASDAQ|2020|1|28|15|30|489100|28.469999|27.77|28.08|28.42|0.0||
AY|51|NASDAQ|2020|1|27|15|30|393300|28.610001|28.219999|28.450001|28.35|0.0||
AY|52|NASDAQ|2020|1|24|15|30|1156200|28.540001|28.030001|28.434999|28.030001|0.0||
AY|53|NASDAQ|2020|1|23|15|30|451000|28.139999|27.77|28.030001|27.860001|0.0||
AY|54|NASDAQ|2020|1|22|15|30|386800|28.4|27.719999|27.959999|28.120001|0.0||
AY|55|NASDAQ|2020|1|21|15|30|601700|28.219999|27.780001|28.120001|27.84|0.0||
AY|56|NASDAQ|2020|1|17|15|30|387200|27.993|27.639999|27.799999|27.639999|0.0||
AY|57|NASDAQ|2020|1|16|15|30|709300|27.917999|27.5|27.690001|27.5|0.0||
AY|58|NASDAQ|2020|1|15|15|30|468100|27.514999|26.52|27.35|26.52|0.0||
AY|59|NASDAQ|2020|1|14|15|30|356300|27.059999|26.77|26.99|26.99|0.0||
AY|60|NASDAQ|2020|1|13|15|30|344100|27.139999|26.85|27.0|26.969999|0.0||
AY|61|NASDAQ|2020|1|10|15|30|252200|26.9|26.709999|26.83|26.870001|0.0||
AY|62|NASDAQ|2020|1|9|15|30|315700|26.809999|26.6|26.799999|26.700001|0.0||
AY|63|NASDAQ|2020|1|8|15|30|294900|26.709999|26.49|26.700001|26.709999|0.0||
AY|64|NASDAQ|2020|1|7|15|30|275100|26.676001|26.35|26.469999|26.559999|0.0||
AY|65|NASDAQ|2020|1|6|15|30|252200|26.690001|26.42|26.67|26.52|0.0||
AY|66|NASDAQ|2020|1|3|15|30|351600|26.695|26.18|26.52|26.23|0.0||
AY|67|NASDAQ|2020|1|2|15|30|453500|26.690001|26.135|26.290001|26.4|0.0||
AY|68|NASDAQ|2019|12|31|15|30|176500|26.48|26.160999|26.389999|26.360001|0.0||
AY|69|NASDAQ|2019|12|30|15|30|281100|26.43|26.129999|26.389999|26.290001|0.0||
AY|70|NASDAQ|2019|12|27|15|30|205000|26.41|26.16|26.25|26.25|0.0||
AY|71|NASDAQ|2019|12|26|15|30|252900|26.4|26.139999|26.27|26.17|0.0||
AY|72|NASDAQ|2019|12|24|15|30|181500|26.290001|26.040001|26.200001|26.16|0.0||
AY|73|NASDAQ|2019|12|23|15|30|357000|26.15|25.756001|26.145|26.01|0.0||
AY|74|NASDAQ|2019|12|20|15|30|530600|26.120001|25.85|26.030001|26.040001|0.0||
AY|75|NASDAQ|2019|12|19|15|30|328100|26.049999|25.780001|26.0|25.860001|0.0||
AY|76|NASDAQ|2019|12|18|15|30|375100|25.92|25.09|25.870001|25.32|0.0||
AY|77|NASDAQ|2019|12|17|15|30|344800|25.889999|25.280001|25.360001|25.870001|0.0||
AY|78|NASDAQ|2019|12|16|15|30|234500|25.83|25.440001|25.809999|25.52|0.0||
AY|79|NASDAQ|2019|12|13|15|30|226200|25.66|25.32|25.48|25.5|0.0||
AY|80|NASDAQ|2019|12|12|15|30|245900|25.9|25.379999|25.440001|25.51|0.0||
AY|81|NASDAQ|2019|12|11|15|30|180400|25.799999|25.5|25.59|25.57|0.0||
AY|82|NASDAQ|2019|12|10|15|30|331700|25.790001|25.51|25.57|25.780001|0.0||
AY|83|NASDAQ|2019|12|9|15|30|253700|25.73|25.5|25.700001|25.67|0.0||
AY|84|NASDAQ|2019|12|6|15|30|224500|25.870001|25.67|25.690001|25.68|0.0||
AY|85|NASDAQ|2019|12|5|15|30|180000|25.790001|25.540001|25.73|25.690001|0.0||
AY|86|NASDAQ|2019|12|4|15|30|184100|25.77|25.5|25.639999|25.5|0.0||
AY|87|NASDAQ|2019|12|3|15|30|224300|25.719999|25.49|25.5|25.57|0.0||
AY|88|NASDAQ|2019|12|2|15|30|257100|25.825001|25.43|25.540001|25.75|0.0||
AY|89|NASDAQ|2019|11|29|15|30|145000|25.98|25.75|25.92|25.83|0.0||
AY|90|NASDAQ|2019|11|27|15|30|231300|25.879999|25.549999|25.74|25.700001|0.0||
AY|91|NASDAQ|2019|11|26|15|30|436300|26.121|25.91|26.030001|26.0|0.0||
AY|92|NASDAQ|2019|11|25|15|30|253600|25.99|25.65|25.91|25.77|0.0||
AY|93|NASDAQ|2019|11|22|15|30|296300|25.950001|25.615|25.620001|25.809999|0.0||
AY|94|NASDAQ|2019|11|21|15|30|228100|25.84|25.68|25.780001|25.77|0.0||
AY|95|NASDAQ|2019|11|20|15|30|243500|25.84|25.59|25.799999|25.74|0.0||
AY|96|NASDAQ|2019|11|19|15|30|397900|25.872999|25.48|25.719999|25.799999|0.0||
AY|97|NASDAQ|2019|11|18|15|30|717100|26.15|25.83|25.99|25.85|0.0||
AY|98|NASDAQ|2019|11|15|15|30|616000|25.809999|25.49|25.790001|25.58|0.0||
AY|99|NASDAQ|2019|11|14|15|30|1012300|25.610001|25.216999|25.51|25.25|0.0||
AY|100|NASDAQ|2019|11|13|15|30|1324700|25.4|24.809999|25.18|25.040001|0.0||
AY|101|NASDAQ|2019|11|12|15|30|1271500|25.049999|24.620001|24.975|24.74|0.0||
AY|102|NASDAQ|2019|11|11|15|30|730900|24.834999|24.43|24.695|24.65|0.0||
AY|103|NASDAQ|2019|11|8|15|30|1002300|24.59|24.049999|24.530001|24.23|0.0||
AY|104|NASDAQ|2019|11|7|15|30|725800|24.200001|23.110001|24.030001|23.25|0.0||
AY|105|NASDAQ|2019|11|6|15|30|460400|23.9|23.639999|23.73|23.85|0.0||
AY|106|NASDAQ|2019|11|5|15|30|339600|24.34|23.955|24.02|24.09|0.0||
AY|107|NASDAQ|2019|11|4|15|30|419200|24.5|24.049999|24.065001|24.459999|0.0||
AY|108|NASDAQ|2019|11|1|14|30|427000|24.136|23.950001|24.055|24.0|0.0||
AY|109|NASDAQ|2019|10|31|14|30|283200|24.110001|23.870001|24.01|24.040001|0.0||
AY|110|NASDAQ|2019|10|30|14|30|381000|24.1|23.77|23.92|23.77|0.0||
AY|111|NASDAQ|2019|10|29|14|30|301500|23.700001|23.15|23.52|23.200001|0.0||
AY|112|NASDAQ|2019|10|28|14|30|1071700|23.225|22.379999|23.209999|23.15|0.0||
AY|113|NASDAQ|2019|10|25|15|30|985600|24.23|23.09|23.290001|24.16|0.0||
AY|114|NASDAQ|2019|10|24|15|30|434100|24.389999|24.129999|24.15|24.309999|0.0||
AY|115|NASDAQ|2019|10|23|15|30|519000|24.43|24.059999|24.360001|24.27|0.0||
AY|116|NASDAQ|2019|10|22|15|30|576900|24.610001|24.209999|24.24|24.459999|0.0||
AY|117|NASDAQ|2019|10|21|15|30|414000|24.450001|24.200001|24.27|24.450001|0.0||
AY|118|NASDAQ|2019|10|18|15|30|379200|24.49|24.110001|24.459999|24.360001|0.0||
AY|119|NASDAQ|2019|10|17|15|30|211700|24.360001|23.93|24.33|24.0|0.0||
AY|120|NASDAQ|2019|10|16|15|30|263200|24.16|23.9|23.950001|24.08|0.0||
AY|121|NASDAQ|2019|10|15|15|30|241200|24.15|23.969999|24.120001|24.08|0.0||
AY|122|NASDAQ|2019|10|14|15|30|143800|24.190001|23.969999|23.98|24.110001|0.0||
AY|123|NASDAQ|2019|10|11|15|30|257700|24.399|24.129999|24.209999|24.299999|||
AY|124|NASDAQ|2019|10|10|15|30|240000|24.370001|23.82|24.295|23.9|||
AY|125|NASDAQ|2019|10|9|15|30|254700|24.530001|23.809999|23.959999|24.42|||
AY|126|NASDAQ|2019|10|8|15|30|232500|24.41|24.17|24.379999|24.34|||
BANF|0|NASDAQ|2020|4|8|20|16|25439|35.009998|34.119999|34.580002|35.009998|||
BANF|1|NASDAQ|2020|4|7|15|30|167900|34.869999|33.689999|34.169998|34.0|||
BANF|2|NASDAQ|2020|4|6|15|30|136800|33.150002|31.84|32.709999|32.740002000000004|||
BANF|3|NASDAQ|2020|4|3|15|30|127500|32.700001|29.639999|31.18|32.189999|||
BANF|4|NASDAQ|2020|4|2|15|30|130700|32.450001|29.27|32.099998|29.27|||
BANF|5|NASDAQ|2020|4|1|15|30|143300|32.130001|28.559999|29.299999|32.130001|1.0||
BANF|6|NASDAQ|2020|3|31|15|30|171100|33.709999|31.709999|33.369999|33.169998|0.0||
BANF|7|NASDAQ|2020|3|30|15|30|96600|34.91|32.66|33.720001|33.470001|0.0||
BANF|8|NASDAQ|2020|3|27|14|30|119400|35.189999|32.68|33.459999|33.450001|0.0||
BANF|9|NASDAQ|2020|3|26|14|30|81100|35.279999|33.32|34.93|33.349998|0.0||
BANF|10|NASDAQ|2020|3|25|14|30|94300|34.669998|32.400002|32.5|34.189999|0.0||
BANF|11|NASDAQ|2020|3|24|14|30|125300|34.48|31.889999|34.060001|33.720001|0.0||
BANF|12|NASDAQ|2020|3|23|14|30|154100|32.580002|28.02|31.870001|30.200001|0.0||
BANF|13|NASDAQ|2020|3|20|14|30|206800|34.5|29.83|29.959999|34.18|1.0||
BANF|14|NASDAQ|2020|3|19|14|30|176400|34.970001|26.0|34.16|27.17|0.0||
BANF|15|NASDAQ|2020|3|18|14|30|213000|34.080002|26.530001|27.219999|32.889999|1.0||
BANF|16|NASDAQ|2020|3|17|14|30|196900|35.75|33.02|34.470001|35.189999|0.0||
BANF|17|NASDAQ|2020|3|16|14|30|204400|35.74000200000001|33.130001|34.5|34.169998|0.0||
BANF|18|NASDAQ|2020|3|13|14|30|228000|39.759998|34.259998|39.73|36.400002|0.0||
BANF|19|NASDAQ|2020|3|12|14|30|207900|36.849998|32.740002000000004|34.029999|35.009998|0.0||
BANF|20|NASDAQ|2020|3|11|14|30|191500|37.77|35.889999|37.119999|36.650002|0.0||
BANF|21|NASDAQ|2020|3|10|14|30|287100|40.049999|35.91|37.91|38.040001|0.0||
BANF|22|NASDAQ|2020|3|9|14|30|183200|44.0|37.150002|37.200001|44.0|0.0||
BANF|23|NASDAQ|2020|3|6|15|30|179600|48.16|46.32|47.009998|46.82|0.0||
BANF|24|NASDAQ|2020|3|5|15|30|109000|50.299999|48.040001|48.490002|49.889999|0.0||
BANF|25|NASDAQ|2020|3|4|15|30|155500|51.939999|50.470001|51.400002|51.459999|0.0||
BANF|26|NASDAQ|2020|3|3|15|30|154200|53.75|50.919998|51.0|53.389999|0.0||
BANF|27|NASDAQ|2020|3|2|15|30|134500|53.75|50.91|53.639999|51.459999|0.0||
BANF|28|NASDAQ|2020|2|28|15|30|189200|52.48|50.139999|51.299999|51.860001|0.0||
BANF|29|NASDAQ|2020|2|27|15|30|59700|55.93|52.639999|52.639999|54.560001|0.0||
BANF|30|NASDAQ|2020|2|26|15|30|44000|56.5|55.0|55.439999|56.09|0.0||
BANF|31|NASDAQ|2020|2|25|15|30|84600|57.279999|55.34|55.720001|57.119999|0.0||
BANF|32|NASDAQ|2020|2|24|15|30|33400|57.560001|56.93|57.18|57.549999|0.0||
BANF|33|NASDAQ|2020|2|21|15|30|41200|59.400002|58.439999|59.0|59.400002|0.0||
BANF|34|NASDAQ|2020|2|20|15|30|42000|59.549999|58.759998|59.450001|58.790001|0.0||
BANF|35|NASDAQ|2020|2|19|15|30|37000|59.540001|58.810001|58.860001|59.330002|0.0||
BANF|36|NASDAQ|2020|2|18|15|30|18200|60.060001|59.02|59.279999|59.869999|0.0||
BANF|37|NASDAQ|2020|2|14|15|30|28100|60.900002|59.970001|60.139999|60.41|0.0||
BANF|38|NASDAQ|2020|2|13|15|30|26400|60.57|59.98|60.57|59.98|0.0||
BANF|39|NASDAQ|2020|2|12|15|30|36200|61.009998|60.029999|60.169998|61.009998|0.0||
BANF|40|NASDAQ|2020|2|11|15|30|51000|61.060001|60.369999|60.66|60.509998|0.0||
BANF|41|NASDAQ|2020|2|10|15|30|49300|60.259998|59.0|60.220001|59.599998|0.0||
BANF|42|NASDAQ|2020|2|7|15|30|35500|60.169998|59.459999|59.689999|60.150002|0.0||
BANF|43|NASDAQ|2020|2|6|15|30|39400|61.41|60.150002|60.48|61.0|0.0||
BANF|44|NASDAQ|2020|2|5|15|30|42800|60.939999|59.970001|60.779999|59.970001|0.0||
BANF|45|NASDAQ|2020|2|4|15|30|46100|59.669998|59.02|59.34|59.669998|0.0||
BANF|46|NASDAQ|2020|2|3|15|30|42300|59.209999|58.16|58.849998|58.16|0.0||
BANF|47|NASDAQ|2020|1|31|15|30|55500|59.02|57.689999|57.799999|59.009998|0.0||
BANF|48|NASDAQ|2020|1|30|15|30|42700|59.380001|58.299999|59.380001|58.490002|0.0||
BANF|49|NASDAQ|2020|1|29|15|30|57700|60.029999|58.84|58.84|59.869999|0.0||
BANF|50|NASDAQ|2020|1|28|15|30|47800|60.240002|59.459999|59.529999|60.240002|0.0||
BANF|51|NASDAQ|2020|1|27|15|30|69400|60.139999|59.450001|59.610001|59.5|0.0||
BANF|52|NASDAQ|2020|1|24|15|30|40600|61.41|60.049999|60.509998|61.41|0.0||
BANF|53|NASDAQ|2020|1|23|15|30|74600|61.490002|60.330002|61.330002|61.490002|0.0||
BANF|54|NASDAQ|2020|1|22|15|30|73000|62.029999|61.419998|61.57|61.91|0.0||
BANF|55|NASDAQ|2020|1|21|15|30|91900|63.110001|61.73|61.91|62.950001|0.0||
BANF|56|NASDAQ|2020|1|17|15|30|92800|63.959999|62.5|62.740002|63.82|0.0||
BANF|57|NASDAQ|2020|1|16|15|30|80100|63.580002|61.970001|63.450001|62.540001|0.0||
BANF|58|NASDAQ|2020|1|15|15|30|66000|63.18|62.240002|62.630001|62.549999|0.0||
BANF|59|NASDAQ|2020|1|14|15|30|88500|63.330002|62.259998|62.91|62.529999|0.0||
BANF|60|NASDAQ|2020|1|13|15|30|44700|62.57|61.52|62.509998|61.849998|0.0||
BANF|61|NASDAQ|2020|1|10|15|30|58100|62.09|61.540001|61.77|61.66|0.0||
BANF|62|NASDAQ|2020|1|9|15|30|30800|62.169998|61.619999|61.849998|62.09|0.0||
BANF|63|NASDAQ|2020|1|8|15|30|67400|61.959999|61.049999|61.849998|61.34|0.0||
BANF|64|NASDAQ|2020|1|7|15|30|39400|61.400002|60.860001|61.200001|61.32|0.0||
BANF|65|NASDAQ|2020|1|6|15|30|40700|61.709999|60.959999|61.630001|61.66|0.0||
BANF|66|NASDAQ|2020|1|3|15|30|38500|62.16|61.040001|61.98|61.77|0.0||
BANF|67|NASDAQ|2020|1|2|15|30|44300|62.59|61.830002|62.43|62.59|0.0||
BANF|68|NASDAQ|2019|12|31|15|30|54200|62.799999|62.400002|62.439999|62.700001|0.0||
BANF|69|NASDAQ|2019|12|30|15|30|50600|63.389999|62.580002|62.849998|63.389999|0.0||
BANF|70|NASDAQ|2019|12|27|15|30|86400|63.369999|62.529999|63.330002|62.790001|0.0||
BANF|71|NASDAQ|2019|12|26|15|30|33800|63.009998|62.580002|62.869999|62.860001|0.0||
BANF|72|NASDAQ|2019|12|24|15|30|13800|63.189999|62.470001|62.779999|62.84|0.0||
BANF|73|NASDAQ|2019|12|23|15|30|55200|63.009998|62.209999|62.849998|62.919998|0.0||
BANF|74|NASDAQ|2019|12|20|15|30|140000|63.41|62.709999|62.82|63.110001|0.0||
BANF|75|NASDAQ|2019|12|19|15|30|51500|63.0|61.82|62.950001|62.639999|0.0||
BANF|76|NASDAQ|2019|12|18|15|30|42900|63.169998|62.25|62.529999|63.169998|0.0||
BANF|77|NASDAQ|2019|12|17|15|30|44100|63.080002|62.330002|62.919998|62.48|0.0||
BANF|78|NASDAQ|2019|12|16|15|30|53700|62.43|61.490002|62.310001|61.490002|0.0||
BANF|79|NASDAQ|2019|12|13|15|30|30600|61.509998|60.57|61.130001|61.189999|0.0||
BANF|80|NASDAQ|2019|12|12|15|30|57900|61.57|60.259998|61.389999|60.259998|0.0||
BANF|81|NASDAQ|2019|12|11|15|30|52900|60.389999|59.860001|60.279999|60.16|0.0||
BANF|82|NASDAQ|2019|12|10|15|30|29000|60.139999|59.669998|60.139999|59.889999|0.0||
BANF|83|NASDAQ|2019|12|9|15|30|30200|59.880001|59.490002|59.799999|59.740002|0.0||
BANF|84|NASDAQ|2019|12|6|15|30|59300|60.25|59.650002|59.900002|59.650002|0.0||
BANF|85|NASDAQ|2019|12|5|15|30|41300|59.450001|58.810001|59.369999|58.990002|0.0||
BANF|86|NASDAQ|2019|12|4|15|30|30500|59.080002|58.009998|58.779999|58.639999|0.0||
BANF|87|NASDAQ|2019|12|3|15|30|35000|58.369999|57.689999|58.259998|58.27|0.0||
BANF|88|NASDAQ|2019|12|2|15|30|37300|59.450001|58.700001|58.830002|59.310001|0.0||
BANF|89|NASDAQ|2019|11|29|15|30|20700|59.650002|59.029999|59.09|59.360001|0.0||
BANF|90|NASDAQ|2019|11|27|15|30|24100|59.790001|59.060001|59.650002|59.669998|0.0||
BANF|91|NASDAQ|2019|11|26|15|30|42900|59.650002|59.150002|59.41|59.470001|0.0||
BANF|92|NASDAQ|2019|11|25|15|30|45000|59.709999|58.799999|59.459999|58.959999|0.0||
BANF|93|NASDAQ|2019|11|22|15|30|18000|59.0|58.66|58.799999|58.919998|0.0||
BANF|94|NASDAQ|2019|11|21|15|30|34000|59.139999|58.279999|58.709999|58.790001|0.0||
BANF|95|NASDAQ|2019|11|20|15|30|51700|59.150002|58.220001|58.59|58.73|0.0||
BANF|96|NASDAQ|2019|11|19|15|30|28900|59.110001|58.400002|58.970001|58.509998|0.0||
BANF|97|NASDAQ|2019|11|18|15|30|16300|58.709999|58.080002|58.310001|58.709999|0.0||
BANF|98|NASDAQ|2019|11|15|15|30|17300|59.779999|58.759998|58.860001|59.389999|0.0||
BANF|99|NASDAQ|2019|11|14|15|30|27600|59.25|58.82|59.119999|59.02|0.0||
BANF|100|NASDAQ|2019|11|13|15|30|22600|59.34|58.860001|59.110001|58.98|0.0||
BANF|101|NASDAQ|2019|11|12|15|30|27700|59.59|59.150002|59.48|59.240002|0.0||
BANF|102|NASDAQ|2019|11|11|15|30|18200|59.349998|58.93|59.16|59.189999|0.0||
BANF|103|NASDAQ|2019|11|8|15|30|23300|59.720001|58.740002|59.330002|59.529999|0.0||
BANF|104|NASDAQ|2019|11|7|15|30|47700|60.099998|59.419998|59.669998|59.779999|0.0||
BANF|105|NASDAQ|2019|11|6|15|30|26600|60.0|58.860001|59.380001|59.450001|0.0||
BANF|106|NASDAQ|2019|11|5|15|30|44300|59.990002|59.380001|59.5|59.619999|0.0||
BANF|107|NASDAQ|2019|11|4|15|30|26300|59.52|58.869999|59.450001|59.09|0.0||
BANF|108|NASDAQ|2019|11|1|14|30|53300|58.830002|58.27|58.73|58.279999|0.0||
BANF|109|NASDAQ|2019|10|31|14|30|37300|58.220001|54.77|57.889999|58.220001|0.0||
BANF|110|NASDAQ|2019|10|30|14|30|47800|58.709999|57.880001|58.529999|58.549999|0.0||
BANF|111|NASDAQ|2019|10|29|14|30|28100|59.029999|58.459999|58.790001|58.459999|0.0||
BANF|112|NASDAQ|2019|10|28|14|30|21200|58.849998|58.09|58.509998|58.25|0.0||
BANF|113|NASDAQ|2019|10|25|15|30|30000|58.529999|57.880001|57.959999|57.880001|0.0||
BANF|114|NASDAQ|2019|10|24|15|30|30900|59.139999|57.880001|57.91|59.139999|0.0||
BANF|115|NASDAQ|2019|10|23|15|30|36800|59.32|58.240002|58.77|59.099998|0.0||
BANF|116|NASDAQ|2019|10|22|15|30|35700|59.700001|58.849998|59.099998|59.02|0.0||
BANF|117|NASDAQ|2019|10|21|15|30|49200|59.369999|58.689999|59.209999|58.779999|0.0||
BANF|118|NASDAQ|2019|10|18|15|30|71100|58.380001|55.880001|58.299999|55.880001|0.0||
BANF|119|NASDAQ|2019|10|17|15|30|52900|56.720001|55.740002|56.279999|56.360001|0.0||
BANF|120|NASDAQ|2019|10|16|15|30|56500|56.720001|56.110001|56.32|56.240002|0.0||
BANF|121|NASDAQ|2019|10|15|15|30|78200|56.560001|55.209999|56.32|55.41|0.0||
BANF|122|NASDAQ|2019|10|14|15|30|50600|55.529999|54.580002|55.41|54.939999|0.0||
BANF|123|NASDAQ|2019|10|11|15|30|53600|56.09|54.82|55.16|55.080002|||
BANF|124|NASDAQ|2019|10|10|15|30|52800|54.43|52.639999|54.16|53.689999|||
BANF|125|NASDAQ|2019|10|9|15|30|40600|53.779999|53.25|53.689999|53.400002|||
BANF|126|NASDAQ|2019|10|8|15|30|61300|53.889999|52.900002|53.099998|53.869999|||
BANX|0|NASDAQ|2020|4|8|20|14|11110|15.6999|14.9583|15.145|15.31|||
BANX|1|NASDAQ|2020|4|7|15|30|22800|15.78|14.43|14.88|14.88|||
BANX|2|NASDAQ|2020|4|6|15|30|24900|14.89|13.68|14.25|13.87|||
BANX|3|NASDAQ|2020|4|3|15|30|38200|14.5|12.46|13.85|14.5|||
BANX|4|NASDAQ|2020|4|2|15|30|14600|15.0|14.5|14.7|15.0|||
BANX|5|NASDAQ|2020|4|1|15|30|18500|15.94|14.66|14.87|15.8|0.0||
BANX|6|NASDAQ|2020|3|31|15|30|38000|16.77|15.59|16.23|15.63|0.0||
BANX|7|NASDAQ|2020|3|30|15|30|18600|16.25|14.78|15.81|15.7|0.0||
BANX|8|NASDAQ|2020|3|27|14|30|9500|16.120001000000002|14.38|15.75|15.64|0.0||
BANX|9|NASDAQ|2020|3|26|14|30|50100|17.0|14.01|16.139999|14.01|0.0||
BANX|10|NASDAQ|2020|3|25|14|30|31700|16.459999|13.96|15.8|15.51|0.0||
BANX|11|NASDAQ|2020|3|24|14|30|54600|14.35|11.5|14.03|11.5|0.0||
BANX|12|NASDAQ|2020|3|23|14|30|63400|11.48|10.01|11.0|11.17|1.0||
BANX|13|NASDAQ|2020|3|20|14|30|41100|15.0|11.67|12.09|13.21|0.0||
BANX|14|NASDAQ|2020|3|19|14|30|114000|13.62|9.43|13.2|10.0|0.0||
BANX|15|NASDAQ|2020|3|18|14|30|109600|12.8|9.25|10.11|12.75|1.0||
BANX|16|NASDAQ|2020|3|17|14|30|52200|15.23|12.75|13.1|15.23|0.0||
BANX|17|NASDAQ|2020|3|16|14|30|52800|16.040001|15.0|15.42|15.69|0.0||
BANX|18|NASDAQ|2020|3|13|14|30|43600|17.33|16.290001|16.950001|16.84|0.0||
BANX|19|NASDAQ|2020|3|12|14|30|56100|17.48|15.62|16.82|17.450001|0.0||
BANX|20|NASDAQ|2020|3|11|14|30|48500|20.0|17.76|18.0|19.49|0.0||
BANX|21|NASDAQ|2020|3|10|14|30|25400|20.0|19.25|19.9|20.0|0.0||
BANX|22|NASDAQ|2020|3|9|14|30|41300|19.969999|19.4|19.73|19.799999|0.0||
BANX|23|NASDAQ|2020|3|6|15|30|15000|21.48|20.299999|20.51|20.5|0.0||
BANX|24|NASDAQ|2020|3|5|15|30|16100|22.1|20.52|20.98|20.98|0.0||
BANX|25|NASDAQ|2020|3|4|15|30|16700|20.93|20.24|20.93|20.280001|0.0||
BANX|26|NASDAQ|2020|3|3|15|30|22200|20.75|20.200001|20.360001|20.75|0.0||
BANX|27|NASDAQ|2020|3|2|15|30|40100|20.969999|19.889999|20.969999|20.0|0.0||
BANX|28|NASDAQ|2020|2|28|15|30|59100|20.92|19.879999|20.0|20.790001|0.0||
BANX|29|NASDAQ|2020|2|27|15|30|15100|21.32|21.139999|21.290001|21.32|0.0||
BANX|30|NASDAQ|2020|2|26|15|30|16600|21.59|21.299999|21.59|21.58|0.0||
BANX|31|NASDAQ|2020|2|25|15|30|12600|21.51|21.299999|21.35|21.5|0.0||
BANX|32|NASDAQ|2020|2|24|15|30|14000|21.67|21.200001|21.5|21.42|0.0||
BANX|33|NASDAQ|2020|2|21|15|30|17200|21.799999|21.51|21.719999|21.51|0.0||
BANX|34|NASDAQ|2020|2|20|15|30|32700|21.799999|21.5|21.59|21.75|0.0||
BANX|35|NASDAQ|2020|2|19|15|30|21400|21.82|21.75|21.799999|21.809999|0.0||
BANX|36|NASDAQ|2020|2|18|15|30|24700|21.860001|21.690001|21.84|21.690001|0.0||
BANX|37|NASDAQ|2020|2|14|15|30|8200|21.799999|21.65|21.780001|21.66|0.0||
BANX|38|NASDAQ|2020|2|13|15|30|20600|21.700001|21.52|21.65|21.610001|0.0||
BANX|39|NASDAQ|2020|2|12|15|30|14600|21.799999|21.6|21.799999|21.719999|0.0||
BANX|40|NASDAQ|2020|2|11|15|30|16300|21.809999|21.74|21.799999|21.74|0.0||
BANX|41|NASDAQ|2020|2|10|15|30|20100|21.950001|21.75|21.75|21.950001|0.0||
BANX|42|NASDAQ|2020|2|7|15|30|12900|21.950001|21.85|21.85|21.92|0.0||
BANX|43|NASDAQ|2020|2|6|15|30|10400|21.940001|21.75|21.92|21.940001|0.0||
BANX|44|NASDAQ|2020|2|5|15|30|17900|21.940001|21.75|21.860001|21.940001|0.0||
BANX|45|NASDAQ|2020|2|4|15|30|13300|22.0|21.870001|21.870001|22.0|0.0||
BANX|46|NASDAQ|2020|2|3|15|30|31100|22.360001|21.85|22.0|22.07|0.0||
BANX|47|NASDAQ|2020|1|31|15|30|18800|21.969999|21.73|21.969999|21.799999|0.0||
BANX|48|NASDAQ|2020|1|30|15|30|20700|21.950001|21.65|21.84|21.91|0.0||
BANX|49|NASDAQ|2020|1|29|15|30|18900|22.129999|21.879999|21.91|22.129999|0.0||
BANX|50|NASDAQ|2020|1|28|15|30|16800|22.02|21.99|22.02|22.0|0.0||
BANX|51|NASDAQ|2020|1|27|15|30|7700|22.0|21.84|21.99|21.84|0.0||
BANX|52|NASDAQ|2020|1|24|15|30|20500|22.02|21.9|21.950001|22.02|0.0||
BANX|53|NASDAQ|2020|1|23|15|30|90600|22.34|21.950001|22.07|22.34|0.0||
BANX|54|NASDAQ|2020|1|22|15|30|62800|22.35|22.049999|22.09|22.35|0.0||
BANX|55|NASDAQ|2020|1|21|15|30|10100|22.549999|22.26|22.27|22.42|0.0||
BANX|56|NASDAQ|2020|1|17|15|30|31000|22.77|22.360001|22.48|22.77|0.0||
BANX|57|NASDAQ|2020|1|16|15|30|66700|22.76|22.299999|22.68|22.299999|0.0||
BANX|58|NASDAQ|2020|1|15|15|30|30700|22.549999|22.35|22.540001|22.549999|0.0||
BANX|59|NASDAQ|2020|1|14|15|30|21100|22.860001|22.049999|22.52|22.18|0.0||
BANX|60|NASDAQ|2020|1|13|15|30|39700|22.34|22.049999|22.219999|22.23|0.0||
BANX|61|NASDAQ|2020|1|10|15|30|10600|22.48|22.15|22.34|22.23|0.0||
BANX|62|NASDAQ|2020|1|9|15|30|10500|22.299999|22.200001|22.299999|22.209999|0.0||
BANX|63|NASDAQ|2020|1|8|15|30|11200|22.280001|22.049999|22.17|22.08|0.0||
BANX|64|NASDAQ|2020|1|7|15|30|31800|22.6|22.01|22.219999|22.52|0.0||
BANX|65|NASDAQ|2020|1|6|15|30|27200|22.959999|22.4|22.450001|22.41|0.0||
BANX|66|NASDAQ|2020|1|3|15|30|22700|22.639999|22.4|22.49|22.639999|0.0||
BANX|67|NASDAQ|2020|1|2|15|30|13900|22.799999|22.27|22.450001|22.51|0.0||
BANX|68|NASDAQ|2019|12|31|15|30|15300|22.5|22.110001|22.299999|22.110001|0.0||
BANX|69|NASDAQ|2019|12|30|15|30|28100|22.99|22.08|22.16|22.41|0.0||
BANX|70|NASDAQ|2019|12|27|15|30|18300|22.620001|22.120001|22.4|22.34|0.0||
BANX|71|NASDAQ|2019|12|26|15|30|20000|22.5|22.139999|22.200001|22.35|0.0||
BANX|72|NASDAQ|2019|12|24|15|30|18100|22.629999|22.129999|22.620001|22.24|0.0||
BANX|73|NASDAQ|2019|12|23|15|30|28500|22.76|22.280001|22.360001|22.66|0.0||
BANX|74|NASDAQ|2019|12|20|15|30|32900|23.0|22.370001|22.790001|22.9|0.0||
BANX|75|NASDAQ|2019|12|19|15|30|35600|23.26|22.9|23.110001|23.15|0.0||
BANX|76|NASDAQ|2019|12|18|15|30|32500|23.92|22.85|23.02|22.98|0.0||
BANX|77|NASDAQ|2019|12|17|15|30|26100|23.25|22.9|22.950001|23.02|0.0||
BANX|78|NASDAQ|2019|12|16|15|30|17600|23.540001|23.01|23.049999|23.4|0.0||
BANX|79|NASDAQ|2019|12|13|15|30|25000|23.42|23.0|23.379999|23.309999|0.0||
BANX|80|NASDAQ|2019|12|12|15|30|13500|23.549999|23.219999|23.450001|23.540001|0.0||
BANX|81|NASDAQ|2019|12|11|15|30|30000|23.549999|23.209999|23.4|23.299999|0.0||
BANX|82|NASDAQ|2019|12|10|15|30|26900|23.299999|22.719999|23.290001|23.09|0.0||
BANX|83|NASDAQ|2019|12|9|15|30|17700|23.26|22.809999|23.26|22.889999|0.0||
BANX|84|NASDAQ|2019|12|6|15|30|13800|22.9|22.709999|22.889999|22.74|0.0||
BANX|85|NASDAQ|2019|12|5|15|30|10000|23.15|22.74|22.75|22.959999|0.0||
BANX|86|NASDAQ|2019|12|4|15|30|7300|23.15|22.780001|22.780001|22.889999|0.0||
BANX|87|NASDAQ|2019|12|3|15|30|6500|23.299999|22.84|22.959999|23.139999|0.0||
BANX|88|NASDAQ|2019|12|2|15|30|10800|23.4|23.0|23.0|23.280001|0.0||
BANX|89|NASDAQ|2019|11|29|15|30|13700|23.51|23.049999|23.139999|23.51|0.0||
BANX|90|NASDAQ|2019|11|27|15|30|19800|23.620001|23.01|23.32|23.34|0.0||
BANX|91|NASDAQ|2019|11|26|15|30|22900|23.5|23.040001|23.25|23.1|0.0||
BANX|92|NASDAQ|2019|11|25|15|30|11800|23.09|22.77|23.0|22.83|0.0||
BANX|93|NASDAQ|2019|11|22|15|30|11800|22.84|22.780001|22.82|22.780001|0.0||
BANX|94|NASDAQ|2019|11|21|15|30|9000|22.889999|22.73|22.85|22.85|0.0||
BANX|95|NASDAQ|2019|11|20|15|30|10800|22.879999|22.709999|22.74|22.879999|0.0||
BANX|96|NASDAQ|2019|11|19|15|30|13800|23.0|22.799999|22.85|22.85|0.0||
BANX|97|NASDAQ|2019|11|18|15|30|13700|23.0|22.860001|22.9|22.860001|0.0||
BANX|98|NASDAQ|2019|11|15|15|30|8100|22.98|22.709999|22.92|22.98|0.0||
BANX|99|NASDAQ|2019|11|14|15|30|14200|22.98|22.73|22.879999|22.75|0.0||
BANX|100|NASDAQ|2019|11|13|15|30|7800|22.93|22.709999|22.799999|22.93|0.0||
BANX|101|NASDAQ|2019|11|12|15|30|11100|22.93|22.549999|22.77|22.66|0.0||
BANX|102|NASDAQ|2019|11|11|15|30|8000|22.85|22.629999|22.66|22.85|0.0||
BANX|103|NASDAQ|2019|11|8|15|30|6400|22.93|22.610001|22.85|22.690001|0.0||
BANX|104|NASDAQ|2019|11|7|15|30|19100|22.93|22.700001|22.700001|22.85|0.0||
BANX|105|NASDAQ|2019|11|6|15|30|24300|22.85|22.450001|22.690001|22.77|0.0||
BANX|106|NASDAQ|2019|11|5|15|30|14900|22.780001|22.450001|22.66|22.780001|0.0||
BANX|107|NASDAQ|2019|11|4|15|30|14900|22.799999|22.549999|22.559999|22.559999|0.0||
BANX|108|NASDAQ|2019|11|1|14|30|7500|22.790001|22.58|22.629999|22.629999|0.0||
BANX|109|NASDAQ|2019|10|31|14|30|17800|22.799999|22.5|22.67|22.799999|0.0||
BANX|110|NASDAQ|2019|10|30|14|30|26900|22.799999|22.700001|22.799999|22.799999|0.0||
BANX|111|NASDAQ|2019|10|29|14|30|36300|22.799999|22.6|22.709999|22.700001|0.0||
BANX|112|NASDAQ|2019|10|28|14|30|93700|22.879999|22.35|22.59|22.5|0.0||
BANX|113|NASDAQ|2019|10|25|15|30|20700|22.4|21.93|22.049999|22.389999|0.0||
BANX|114|NASDAQ|2019|10|24|15|30|14200|22.389999|22.18|22.25|22.18|0.0||
BANX|115|NASDAQ|2019|10|23|15|30|11800|22.389999|22.110001|22.200001|22.379999|0.0||
BANX|116|NASDAQ|2019|10|22|15|30|11800|22.48|22.120001|22.389999|22.15|0.0||
BANX|117|NASDAQ|2019|10|21|15|30|10300|22.200001|22.049999|22.110001|22.200001|0.0||
BANX|118|NASDAQ|2019|10|18|15|30|1600|22.129999|22.1|22.129999|22.120001|0.0||
BANX|119|NASDAQ|2019|10|17|15|30|3000|22.200001|22.02|22.030001|22.200001|0.0||
BANX|120|NASDAQ|2019|10|16|15|30|2100|22.190001|22.0|22.110001|22.190001|0.0||
BANX|121|NASDAQ|2019|10|15|15|30|5100|22.200001|22.02|22.200001|22.1|0.0||
BANX|122|NASDAQ|2019|10|14|15|30|2700|22.200001|22.1|22.1|22.200001|0.0||
BANX|123|NASDAQ|2019|10|11|15|30|7200|22.200001|22.0|22.110001|22.200001|||
BANX|124|NASDAQ|2019|10|10|15|30|5100|22.200001|22.02|22.15|22.16|||
BANX|125|NASDAQ|2019|10|9|15|30|6300|22.15|22.02|22.120001|22.15|||
BANX|126|NASDAQ|2019|10|8|15|30|4000|22.129999|22.01|22.1|22.030001|||
BBCP|0|NASDAQ|2020|4|8|20|20|140026|2.8|2.42|2.64|2.6||1.0|0.77
BBCP|1|NASDAQ|2020|4|7|15|30|105300|2.96|2.32|2.56|2.66|||
BBCP|2|NASDAQ|2020|4|6|15|30|177100|2.71|2.3|2.59|2.47|||
BBCP|3|NASDAQ|2020|4|3|15|30|168600|2.415|1.93|2.31|2.25|||
BBCP|4|NASDAQ|2020|4|2|15|30|131000|2.64|2.2|2.31|2.38|||
BBCP|5|NASDAQ|2020|4|1|15|30|138600|2.84|2.09|2.17|2.84|1.0||
BBCP|6|NASDAQ|2020|3|31|15|30|352400|3.13|2.72|2.86|2.8|0.0||
BBCP|7|NASDAQ|2020|3|30|15|30|142800|3.33|2.71|2.82|3.08|0.0||
BBCP|8|NASDAQ|2020|3|27|14|30|73100|3.463|3.06|3.08|3.4|0.0||
BBCP|9|NASDAQ|2020|3|26|14|30|141600|3.53|3.225|3.5|3.5|0.0||
BBCP|10|NASDAQ|2020|3|25|14|30|76400|3.836|3.39|3.51|3.6|0.0||
BBCP|11|NASDAQ|2020|3|24|14|30|328400|3.615|3.15|3.55|3.47|0.0||
BBCP|12|NASDAQ|2020|3|23|14|30|107400|3.64|3.16|3.35|3.51|0.0||
BBCP|13|NASDAQ|2020|3|20|14|30|805900|4.21|3.19|3.49|3.58|0.0||
BBCP|14|NASDAQ|2020|3|19|14|30|156500|3.35|2.65|3.35|2.66|0.0||
BBCP|15|NASDAQ|2020|3|18|14|30|224600|3.205|2.55|2.71|3.14|1.0||
BBCP|16|NASDAQ|2020|3|17|14|30|134600|3.45|3.17|3.26|3.3|0.0||
BBCP|17|NASDAQ|2020|3|16|14|30|160100|3.99|3.1|3.26|3.1|0.0||
BBCP|18|NASDAQ|2020|3|13|14|30|133200|4.25|3.46|4.16|3.62|0.0||
BBCP|19|NASDAQ|2020|3|12|14|30|197400|4.5|2.42|3.37|4.43|0.0||
BBCP|20|NASDAQ|2020|3|11|14|30|74500|4.925|4.17|4.37|4.46|0.0||
BBCP|21|NASDAQ|2020|3|10|14|30|76200|5.175|4.41|4.51|4.91|0.0||
BBCP|22|NASDAQ|2020|3|9|14|30|121900|5.45|4.54|4.87|5.31|0.0||
BBCP|23|NASDAQ|2020|3|6|15|30|68700|5.65|5.38|5.53|5.52|0.0||
BBCP|24|NASDAQ|2020|3|5|15|30|87300|5.74|5.61|5.69|5.65|0.0||
BBCP|25|NASDAQ|2020|3|4|15|30|65600|5.74|5.62|5.74|5.74|0.0||
BBCP|26|NASDAQ|2020|3|3|15|30|72300|5.74|5.62|5.69|5.73|0.0||
BBCP|27|NASDAQ|2020|3|2|15|30|110400|5.93|4.83|5.72|5.2|0.0||
BBCP|28|NASDAQ|2020|2|28|15|30|93400|5.4|4.888|5.16|5.1|0.0||
BBCP|29|NASDAQ|2020|2|27|15|30|61700|5.45|5.2|5.21|5.21|0.0||
BBCP|30|NASDAQ|2020|2|26|15|30|83100|5.48|4.83|5.35|5.06|0.0||
BBCP|31|NASDAQ|2020|2|25|15|30|85100|5.42|5.01|5.06|5.42|1.0||
BBCP|32|NASDAQ|2020|2|24|15|30|32500|5.704|5.4|5.42|5.67|0.0||
BBCP|33|NASDAQ|2020|2|21|15|30|72100|6.05|5.83|5.94|6.04|0.0||
BBCP|34|NASDAQ|2020|2|20|15|30|115900|6.105|5.79|5.94|5.79|0.0||
BBCP|35|NASDAQ|2020|2|19|15|30|49600|5.86|5.587999999999999|5.73|5.6|0.0||
BBCP|36|NASDAQ|2020|2|18|15|30|34500|5.61|5.52|5.6|5.6|0.0||
BBCP|37|NASDAQ|2020|2|14|15|30|32000|5.59|5.37|5.51|5.45|0.0||
BBCP|38|NASDAQ|2020|2|13|15|30|45500|5.6|5.36|5.4|5.58|0.0||
BBCP|39|NASDAQ|2020|2|12|15|30|21500|5.66|5.45|5.61|5.45|0.0||
BBCP|40|NASDAQ|2020|2|11|15|30|11200|5.45|5.4|5.42|5.4|0.0||
BBCP|41|NASDAQ|2020|2|10|15|30|18000|5.48|5.37|5.42|5.37|0.0||
BBCP|42|NASDAQ|2020|2|7|15|30|20100|5.51|5.308|5.36|5.45|0.0||
BBCP|43|NASDAQ|2020|2|6|15|30|16200|5.63|5.415|5.43|5.63|0.0||
BBCP|44|NASDAQ|2020|2|5|15|30|34200|5.49|5.097|5.44|5.13|0.0||
BBCP|45|NASDAQ|2020|2|4|15|30|34100|5.229|5.09|5.1|5.15|0.0||
BBCP|46|NASDAQ|2020|2|3|15|30|58200|5.2360000000000015|5.06|5.12|5.09|0.0||
BBCP|47|NASDAQ|2020|1|31|15|30|38700|5.24|5.05|5.1|5.08|0.0||
BBCP|48|NASDAQ|2020|1|30|15|30|28900|5.105|5.05|5.08|5.08|0.0||
BBCP|49|NASDAQ|2020|1|29|15|30|26800|5.16|5.02|5.09|5.04|0.0||
BBCP|50|NASDAQ|2020|1|28|15|30|22900|5.283|5.01|5.05|5.04|0.0||
BBCP|51|NASDAQ|2020|1|27|15|30|26400|5.28|4.935|5.04|5.02|0.0||
BBCP|52|NASDAQ|2020|1|24|15|30|80300|5.45|5.04|5.14|5.25|0.0||
BBCP|53|NASDAQ|2020|1|23|15|30|42100|5.2|5.0|5.195|5.02|0.0||
BBCP|54|NASDAQ|2020|1|22|15|30|25900|5.1|4.96|5.05|5.1|0.0||
BBCP|55|NASDAQ|2020|1|21|15|30|55200|5.12|4.89|5.055|4.89|0.0||
BBCP|56|NASDAQ|2020|1|17|15|30|122900|5.2|4.8|4.845|5.15|0.0||
BBCP|57|NASDAQ|2020|1|16|15|30|94100|5.26|4.94|5.12|5.11|0.0||
BBCP|58|NASDAQ|2020|1|15|15|30|252500|5.195|4.85|5.18|5.11|0.0||
BBCP|59|NASDAQ|2020|1|14|15|30|133000|5.64|5.45|5.6|5.49|0.0||
BBCP|60|NASDAQ|2020|1|13|15|30|53200|5.42|5.22|5.42|5.33|0.0||
BBCP|61|NASDAQ|2020|1|10|15|30|114600|5.5|5.02|5.23|5.28|0.0||
BBCP|62|NASDAQ|2020|1|9|15|30|90800|5.23|4.9|5.2|4.9|0.0||
BBCP|63|NASDAQ|2020|1|8|15|30|45100|5.13|4.8|4.88|5.03|0.0||
BBCP|64|NASDAQ|2020|1|7|15|30|42500|5.15|5.01|5.04|5.03|0.0||
BBCP|65|NASDAQ|2020|1|6|15|30|60400|5.475|5.01|5.03|5.21|0.0||
BBCP|66|NASDAQ|2020|1|3|15|30|57700|5.5|5.3|5.31|5.43|0.0||
BBCP|67|NASDAQ|2020|1|2|15|30|103700|5.555|5.415|5.49|5.48|0.0||
BBCP|68|NASDAQ|2019|12|31|15|30|63500|5.54|5.35|5.47|5.41|0.0||
BBCP|69|NASDAQ|2019|12|30|15|30|46800|5.54|5.39|5.44|5.5|0.0||
BBCP|70|NASDAQ|2019|12|27|15|30|45000|5.48|5.3|5.48|5.34|0.0||
BBCP|71|NASDAQ|2019|12|26|15|30|39800|5.53|5.3|5.32|5.38|0.0||
BBCP|72|NASDAQ|2019|12|24|15|30|30600|5.517|5.4|5.42|5.5|0.0||
BBCP|73|NASDAQ|2019|12|23|15|30|60600|5.605|5.32|5.53|5.59|0.0||
BBCP|74|NASDAQ|2019|12|20|15|30|279000|5.88|5.066|5.6|5.2|0.0||
BBCP|75|NASDAQ|2019|12|19|15|30|85000|5.3|5.015|5.14|5.22|0.0||
BBCP|76|NASDAQ|2019|12|18|15|30|120300|5.33|4.83|5.18|4.83|0.0||
BBCP|77|NASDAQ|2019|12|17|15|30|93300|4.85|4.59|4.815|4.59|1.0||
BBCP|78|NASDAQ|2019|12|16|15|30|51000|4.71|4.5|4.58|4.54|1.0||
BBCP|79|NASDAQ|2019|12|13|15|30|59900|4.6|4.5|4.53|4.5|1.0||
BBCP|80|NASDAQ|2019|12|12|15|30|39600|4.6|4.5|4.51|4.5|1.0||
BBCP|81|NASDAQ|2019|12|11|15|30|67300|4.6|4.45|4.5|4.45|0.0||
BBCP|82|NASDAQ|2019|12|10|15|30|279500|4.64|4.4|4.45|4.51|0.0||
BBCP|83|NASDAQ|2019|12|9|15|30|98400|4.68|4.51|4.555|4.58|0.0||
BBCP|84|NASDAQ|2019|12|6|15|30|78400|4.7|4.5|4.65|4.61|0.0||
BBCP|85|NASDAQ|2019|12|5|15|30|94100|4.81|4.47|4.55|4.57|0.0||
BBCP|86|NASDAQ|2019|12|4|15|30|123200|4.69|4.5|4.6|4.54|0.0||
BBCP|87|NASDAQ|2019|12|3|15|30|114000|4.586|4.011|4.56|4.41|0.0||
BBCP|88|NASDAQ|2019|12|2|15|30|53100|4.83|4.47|4.51|4.83|0.0||
BBCP|89|NASDAQ|2019|11|29|15|30|20700|4.85|4.77|4.8|4.83|0.0||
BBCP|90|NASDAQ|2019|11|27|15|30|195000|4.82|4.53|4.81|4.58|0.0||
BBCP|91|NASDAQ|2019|11|26|15|30|116700|4.61|4.49|4.58|4.61|0.0||
BBCP|92|NASDAQ|2019|11|25|15|30|57700|4.65|4.39|4.615|4.65|0.0||
BBCP|93|NASDAQ|2019|11|22|15|30|238300|4.74|4.3|4.56|4.37|0.0||
BBCP|94|NASDAQ|2019|11|21|15|30|217100|4.27|4.0|4.23|4.055|1.0||
BBCP|95|NASDAQ|2019|11|20|15|30|216200|4.17|3.83|4.05|3.83|1.0||
BBCP|96|NASDAQ|2019|11|19|15|30|99300|3.94|3.71|3.9|3.79|1.0||
BBCP|97|NASDAQ|2019|11|18|15|30|54600|3.79|3.57|3.71|3.72|1.0||
BBCP|98|NASDAQ|2019|11|15|15|30|119300|3.825|3.71|3.75|3.8|0.0||
BBCP|99|NASDAQ|2019|11|14|15|30|61800|3.781|3.67|3.73|3.73|0.0||
BBCP|100|NASDAQ|2019|11|13|15|30|192100|3.88|3.58|3.73|3.6|0.0||
BBCP|101|NASDAQ|2019|11|12|15|30|473200|3.68|3.53|3.63|3.53|0.0||
BBCP|102|NASDAQ|2019|11|11|15|30|71000|3.58|3.357|3.49|3.41|0.0||
BBCP|103|NASDAQ|2019|11|8|15|30|159600|3.48|3.31|3.39|3.32|0.0||
BBCP|104|NASDAQ|2019|11|7|15|30|91500|3.35|3.2710000000000004|3.3|3.35|1.0||
BBCP|105|NASDAQ|2019|11|6|15|30|338500|3.36|3.16|3.28|3.23|0.0||
BBCP|106|NASDAQ|2019|11|5|15|30|396300|3.33|3.23|3.25|3.3|0.0||
BBCP|107|NASDAQ|2019|11|4|15|30|84100|3.4|3.24|3.25|3.34|0.0||
BBCP|108|NASDAQ|2019|11|1|14|30|48500|3.49|3.35|3.37|3.48|0.0||
BBCP|109|NASDAQ|2019|10|31|14|30|56000|3.48|3.23|3.44|3.36|0.0||
BBCP|110|NASDAQ|2019|10|30|14|30|45400|3.46|3.25|3.41|3.25|0.0||
BBCP|111|NASDAQ|2019|10|29|14|30|71500|3.37|3.18|3.29|3.31|0.0||
BBCP|112|NASDAQ|2019|10|28|14|30|48500|3.39|3.3|3.32|3.39|0.0||
BBCP|113|NASDAQ|2019|10|25|15|30|28400|3.37|3.27|3.33|3.27|0.0||
BBCP|114|NASDAQ|2019|10|24|15|30|50800|3.4|3.24|3.31|3.36|0.0||
BBCP|115|NASDAQ|2019|10|23|15|30|43000|3.519|3.36|3.36|3.41|0.0||
BBCP|116|NASDAQ|2019|10|22|15|30|42500|3.58|3.29|3.45|3.55|0.0||
BBCP|117|NASDAQ|2019|10|21|15|30|29200|3.58|3.505|3.54|3.54|0.0||
BBCP|118|NASDAQ|2019|10|18|15|30|34700|3.56|3.47|3.48|3.47|0.0||
BBCP|119|NASDAQ|2019|10|17|15|30|30900|3.55|3.49|3.5|3.55|0.0||
BBCP|120|NASDAQ|2019|10|16|15|30|58100|3.56|3.48|3.5|3.54|0.0||
BBCP|121|NASDAQ|2019|10|15|15|30|28700|3.58|3.39|3.56|3.44|0.0||
BBCP|122|NASDAQ|2019|10|14|15|30|33200|3.55|3.35|3.43|3.55|0.0||
BBCP|123|NASDAQ|2019|10|11|15|30|141600|3.65|3.46|3.57|3.54|||
BBCP|124|NASDAQ|2019|10|10|15|30|33500|3.782|3.35|3.48|3.53|||
BBCP|125|NASDAQ|2019|10|9|15|30|45500|3.55|3.21|3.52|3.42|||
BBCP|126|NASDAQ|2019|10|8|15|30|58800|3.534|3.37|3.37|3.46|||
BBGI|0|NASDAQ|2020|4|8|20|17|39930|1.89|1.71|1.82|1.81|||
BBGI|1|NASDAQ|2020|4|7|15|30|53800|1.85|1.71|1.76|1.71|||
BBGI|2|NASDAQ|2020|4|6|15|30|48400|1.71|1.63|1.66|1.71|||
BBGI|3|NASDAQ|2020|4|3|15|30|69600|1.72|1.52|1.58|1.72|||
BBGI|4|NASDAQ|2020|4|2|15|30|36300|1.87|1.62|1.71|1.84|||
BBGI|5|NASDAQ|2020|4|1|15|30|38500|1.87|1.6|1.74|1.87|0.0||
BBGI|6|NASDAQ|2020|3|31|15|30|17400|1.94|1.85|1.86|1.86|0.0||
BBGI|7|NASDAQ|2020|3|30|15|30|38100|2.05|1.85|1.94|1.96|0.0||
BBGI|8|NASDAQ|2020|3|27|14|30|55600|1.99|1.69|1.96|1.99|0.0||
BBGI|9|NASDAQ|2020|3|26|14|30|43800|2.09|1.82|1.99|1.89|0.0||
BBGI|10|NASDAQ|2020|3|25|14|30|83600|1.93|1.6|1.8|1.9|0.0||
BBGI|11|NASDAQ|2020|3|24|14|30|159100|1.67|1.4|1.6|1.45|1.0||
BBGI|12|NASDAQ|2020|3|23|14|30|107900|1.61|1.35|1.37|1.61|1.0||
BBGI|13|NASDAQ|2020|3|20|14|30|312500|2.46|1.28|1.52|2.33|0.0||
BBGI|14|NASDAQ|2020|3|19|14|30|166200|2.33|2.04|2.26|2.15|0.0||
BBGI|15|NASDAQ|2020|3|18|14|30|54000|2.6|2.05|2.16|2.6|0.0||
BBGI|16|NASDAQ|2020|3|17|14|30|30300|2.69|2.53|2.59|2.58|0.0||
BBGI|17|NASDAQ|2020|3|16|14|30|41800|2.57|2.24|2.53|2.48|0.0||
BBGI|18|NASDAQ|2020|3|13|14|30|33400|2.59|2.5|2.5|2.57|0.0||
BBGI|19|NASDAQ|2020|3|12|14|30|63000|3.0|2.45|2.5|2.77|0.0||
BBGI|20|NASDAQ|2020|3|11|14|30|14100|3.1|3.0|3.03|3.1|0.0||
BBGI|21|NASDAQ|2020|3|10|14|30|22700|3.19|3.05|3.11|3.19|0.0||
BBGI|22|NASDAQ|2020|3|9|14|30|27200|3.2|3.1|3.15|3.18|0.0||
BBGI|23|NASDAQ|2020|3|6|15|30|157400|3.63|3.21|3.24|3.63|0.0||
BBGI|24|NASDAQ|2020|3|5|15|30|37500|3.64|3.19|3.64|3.31|0.0||
BBGI|25|NASDAQ|2020|3|4|15|30|25300|3.34|3.17|3.33|3.21|0.0||
BBGI|26|NASDAQ|2020|3|3|15|30|13500|3.31|3.17|3.31|3.17|0.0||
BBGI|27|NASDAQ|2020|3|2|15|30|48100|3.25|3.13|3.15|3.15|0.0||
BBGI|28|NASDAQ|2020|2|28|15|30|69500|3.2|3.0|3.11|3.11|0.0||
BBGI|29|NASDAQ|2020|2|27|15|30|23300|3.27|3.11|3.2|3.25|0.0||
BBGI|30|NASDAQ|2020|2|26|15|30|38800|3.48|3.22|3.29|3.45|0.0||
BBGI|31|NASDAQ|2020|2|25|15|30|31900|3.6|3.45|3.46|3.57|0.0||
BBGI|32|NASDAQ|2020|2|24|15|30|74800|3.87|3.42|3.42|3.82|0.0||
BBGI|33|NASDAQ|2020|2|21|15|30|6600|3.93|3.87|3.88|3.87|0.0||
BBGI|34|NASDAQ|2020|2|20|15|30|21600|3.97|3.83|3.88|3.83|0.0||
BBGI|35|NASDAQ|2020|2|19|15|30|36300|3.96|3.81|3.84|3.96|0.0||
BBGI|36|NASDAQ|2020|2|18|15|30|42400|4.0|3.85|3.85|3.99|0.0||
BBGI|37|NASDAQ|2020|2|14|15|30|32400|4.04|3.92|4.0|4.04|0.0||
BBGI|38|NASDAQ|2020|2|13|15|30|37100|4.05|3.95|4.04|3.95|0.0||
BBGI|39|NASDAQ|2020|2|12|15|30|22400|3.98|3.86|3.94|3.98|0.0||
BBGI|40|NASDAQ|2020|2|11|15|30|26700|4.0|3.86|3.94|4.0|0.0||
BBGI|41|NASDAQ|2020|2|10|15|30|38000|4.09|3.86|3.9|3.95|0.0||
BBGI|42|NASDAQ|2020|2|7|15|30|26500|3.97|3.86|3.9|3.86|0.0||
BBGI|43|NASDAQ|2020|2|6|15|30|18600|4.04|3.82|3.86|4.01|0.0||
BBGI|44|NASDAQ|2020|2|5|15|30|26300|3.98|3.87|3.94|3.91|0.0||
BBGI|45|NASDAQ|2020|2|4|15|30|56700|4.15|3.84|3.88|4.1|0.0||
BBGI|46|NASDAQ|2020|2|3|15|30|75300|4.07|3.74|4.02|3.85|0.0||
BBGI|47|NASDAQ|2020|1|31|15|30|26700|3.8|3.71|3.8|3.8|0.0||
BBGI|48|NASDAQ|2020|1|30|15|30|30900|3.89|3.74|3.84|3.89|0.0||
BBGI|49|NASDAQ|2020|1|29|15|30|50900|3.98|3.77|3.88|3.77|0.0||
BBGI|50|NASDAQ|2020|1|28|15|30|47600|3.73|3.52|3.72|3.54|0.0||
BBGI|51|NASDAQ|2020|1|27|15|30|30100|3.66|3.5|3.54|3.66|0.0||
BBGI|52|NASDAQ|2020|1|24|15|30|30400|3.67|3.52|3.65|3.67|0.0||
BBGI|53|NASDAQ|2020|1|23|15|30|45700|3.85|3.61|3.64|3.78|0.0||
BBGI|54|NASDAQ|2020|1|22|15|30|128400|3.84|3.47|3.75|3.49|0.0||
BBGI|55|NASDAQ|2020|1|21|15|30|32800|3.48|3.31|3.43|3.35|0.0||
BBGI|56|NASDAQ|2020|1|17|15|30|8500|3.37|3.29|3.36|3.31|0.0||
BBGI|57|NASDAQ|2020|1|16|15|30|20400|3.38|3.3|3.31|3.34|0.0||
BBGI|58|NASDAQ|2020|1|15|15|30|28800|3.31|3.25|3.3|3.26|1.0||
BBGI|59|NASDAQ|2020|1|14|15|30|18100|3.27|3.19|3.27|3.22|0.0||
BBGI|60|NASDAQ|2020|1|13|15|30|17700|3.22|3.16|3.18|3.2|0.0||
BBGI|61|NASDAQ|2020|1|10|15|30|20400|3.29|3.15|3.16|3.21|0.0||
BBGI|62|NASDAQ|2020|1|9|15|30|41800|3.4|3.2|3.2|3.28|0.0||
BBGI|63|NASDAQ|2020|1|8|15|30|32600|3.45|3.26|3.31|3.32|0.0||
BBGI|64|NASDAQ|2020|1|7|15|30|37400|3.3|3.16|3.3|3.2|0.0||
BBGI|65|NASDAQ|2020|1|6|15|30|14900|3.18|3.1|3.14|3.15|0.0||
BBGI|66|NASDAQ|2020|1|3|15|30|26200|3.2|3.12|3.13|3.15|0.0||
BBGI|67|NASDAQ|2020|1|2|15|30|15600|3.17|3.09|3.14|3.09|0.0||
BBGI|68|NASDAQ|2019|12|31|15|30|37500|3.18|3.09|3.09|3.12|0.0||
BBGI|69|NASDAQ|2019|12|30|15|30|22900|3.13|3.0|3.11|3.08|0.0||
BBGI|70|NASDAQ|2019|12|27|15|30|44200|3.15|3.06|3.1|3.06|0.0||
BBGI|71|NASDAQ|2019|12|26|15|30|50500|3.15|3.04|3.09|3.08|0.0||
BBGI|72|NASDAQ|2019|12|24|15|30|24800|3.08|3.04|3.05|3.08|0.0||
BBGI|73|NASDAQ|2019|12|23|15|30|25000|3.05|3.0|3.04|3.02|0.0||
BBGI|74|NASDAQ|2019|12|20|15|30|59300|3.02|2.89|3.0|2.9|0.0||
BBGI|75|NASDAQ|2019|12|19|15|30|43100|2.95|2.85|2.93|2.88|0.0||
BBGI|76|NASDAQ|2019|12|18|15|30|66500|2.96|2.83|2.87|2.96|0.0||
BBGI|77|NASDAQ|2019|12|17|15|30|65100|3.0|2.9|2.95|3.0|0.0||
BBGI|78|NASDAQ|2019|12|16|15|30|12500|3.02|2.95|3.0|3.02|0.0||
BBGI|79|NASDAQ|2019|12|13|15|30|12900|3.06|2.98|2.99|3.03|0.0||
BBGI|80|NASDAQ|2019|12|12|15|30|5700|3.03|2.97|3.03|2.99|0.0||
BBGI|81|NASDAQ|2019|12|11|15|30|9900|3.0|2.95|2.98|3.0|0.0||
BBGI|82|NASDAQ|2019|12|10|15|30|17100|3.04|2.94|2.97|3.04|0.0||
BBGI|83|NASDAQ|2019|12|9|15|30|16700|3.08|3.03|3.03|3.03|0.0||
BBGI|84|NASDAQ|2019|12|6|15|30|10200|3.04|3.01|3.02|3.02|0.0||
BBGI|85|NASDAQ|2019|12|5|15|30|10300|3.01|2.94|3.01|2.94|0.0||
BBGI|86|NASDAQ|2019|12|4|15|30|36200|2.98|2.85|2.96|2.87|0.0||
BBGI|87|NASDAQ|2019|12|3|15|30|22000|2.87|2.82|2.87|2.84|0.0||
BBGI|88|NASDAQ|2019|12|2|15|30|34200|2.88|2.83|2.83|2.83|0.0||
BBGI|89|NASDAQ|2019|11|29|15|30|17900|2.85|2.82|2.84|2.85|0.0||
BBGI|90|NASDAQ|2019|11|27|15|30|68000|2.98|2.82|2.82|2.96|0.0||
BBGI|91|NASDAQ|2019|11|26|15|30|43000|3.02|2.92|2.95|3.01|0.0||
BBGI|92|NASDAQ|2019|11|25|15|30|16400|3.01|2.95|3.0|3.01|0.0||
BBGI|93|NASDAQ|2019|11|22|15|30|24200|2.96|2.87|2.9|2.91|0.0||
BBGI|94|NASDAQ|2019|11|21|15|30|9200|2.95|2.86|2.93|2.89|0.0||
BBGI|95|NASDAQ|2019|11|20|15|30|15400|3.0|2.87|2.9|2.98|0.0||
BBGI|96|NASDAQ|2019|11|19|15|30|16100|2.96|2.9|2.96|2.93|0.0||
BBGI|97|NASDAQ|2019|11|18|15|30|23500|3.03|2.95|2.96|3.03|0.0||
BBGI|98|NASDAQ|2019|11|15|15|30|21800|3.06|2.95|3.02|3.0|0.0||
BBGI|99|NASDAQ|2019|11|14|15|30|22500|2.97|2.91|2.96|2.93|0.0||
BBGI|100|NASDAQ|2019|11|13|15|30|24600|2.95|2.87|2.93|2.91|0.0||
BBGI|101|NASDAQ|2019|11|12|15|30|24800|2.95|2.92|2.93|2.95|0.0||
BBGI|102|NASDAQ|2019|11|11|15|30|17700|2.95|2.82|2.93|2.82|0.0||
BBGI|103|NASDAQ|2019|11|8|15|30|50300|2.95|2.81|2.82|2.9|0.0||
BBGI|104|NASDAQ|2019|11|7|15|30|54400|2.95|2.8|2.9|2.88|0.0||
BBGI|105|NASDAQ|2019|11|6|15|30|45800|2.9|2.8|2.85|2.9|0.0||
BBGI|106|NASDAQ|2019|11|5|15|30|12700|2.93|2.85|2.92|2.85|0.0||
BBGI|107|NASDAQ|2019|11|4|15|30|24700|2.89|2.83|2.87|2.85|0.0||
BBGI|108|NASDAQ|2019|11|1|14|30|32100|2.9|2.84|2.84|2.85|0.0||
BBGI|109|NASDAQ|2019|10|31|14|30|20100|2.9|2.85|2.88|2.86|0.0||
BBGI|110|NASDAQ|2019|10|30|14|30|32300|2.9|2.85|2.86|2.89|0.0||
BBGI|111|NASDAQ|2019|10|29|14|30|46700|2.95|2.87|2.87|2.9|0.0||
BBGI|112|NASDAQ|2019|10|28|14|30|11700|2.99|2.9|2.9|2.92|0.0||
BBGI|113|NASDAQ|2019|10|25|15|30|13600|2.99|2.92|2.93|2.96|0.0||
BBGI|114|NASDAQ|2019|10|24|15|30|16400|2.98|2.91|2.98|2.93|0.0||
BBGI|115|NASDAQ|2019|10|23|15|30|7300|2.98|2.9|2.9|2.93|0.0||
BBGI|116|NASDAQ|2019|10|22|15|30|17100|3.0|2.89|2.91|3.0|0.0||
BBGI|117|NASDAQ|2019|10|21|15|30|30800|3.0|2.95|2.96|2.95|0.0||
BBGI|118|NASDAQ|2019|10|18|15|30|16300|2.94|2.92|2.94|2.94|0.0||
BBGI|119|NASDAQ|2019|10|17|15|30|14100|2.96|2.9|2.93|2.94|0.0||
BBGI|120|NASDAQ|2019|10|16|15|30|44000|2.96|2.89|2.93|2.9|0.0||
BBGI|121|NASDAQ|2019|10|15|15|30|14300|2.93|2.89|2.9|2.93|0.0||
BBGI|122|NASDAQ|2019|10|14|15|30|8300|2.98|2.9|2.94|2.93|0.0||
BBGI|123|NASDAQ|2019|10|11|15|30|14300|2.95|2.89|2.9|2.9|||
BBGI|124|NASDAQ|2019|10|10|15|30|19900|2.93|2.88|2.91|2.91|||
BBGI|125|NASDAQ|2019|10|9|15|30|13800|2.92|2.88|2.88|2.9|||
BBGI|126|NASDAQ|2019|10|8|15|30|29700|2.94|2.88|2.92|2.91|||
BBI|0|NASDAQ|2020|4|8|19|38|39535|1.085|0.993|1.07|1.0549|||
BBI|1|NASDAQ|2020|4|7|15|30|91800|1.13|1.0|1.04|1.13|||
BBI|2|NASDAQ|2020|4|6|15|30|22600|1.18|1.06|1.1|1.16|||
BBI|3|NASDAQ|2020|4|3|15|30|55100|1.11|1.01|1.1|1.11|||
BBI|4|NASDAQ|2020|4|2|15|30|38900|1.18|1.06|1.07|1.1|||
BBI|5|NASDAQ|2020|4|1|15|30|44400|1.17|1.06|1.07|1.17|0.0||
BBI|6|NASDAQ|2020|3|31|15|30|46000|1.24|1.13|1.19|1.14|0.0||
BBI|7|NASDAQ|2020|3|30|15|30|81500|1.43|1.15|1.2|1.43|0.0||
BBI|8|NASDAQ|2020|3|27|14|30|38800|1.39|1.23|1.39|1.23|0.0||
BBI|9|NASDAQ|2020|3|26|14|30|33800|1.31|1.11|1.26|1.29|0.0||
BBI|10|NASDAQ|2020|3|25|14|30|37100|1.38|1.26|1.29|1.34|0.0||
BBI|11|NASDAQ|2020|3|24|14|30|60500|1.43|1.26|1.42|1.31|0.0||
BBI|12|NASDAQ|2020|3|23|14|30|43100|1.6|1.2|1.34|1.6|0.0||
BBI|13|NASDAQ|2020|3|20|14|30|35200|1.65|1.34|1.4|1.41|0.0||
BBI|14|NASDAQ|2020|3|19|14|30|98500|1.57|1.0|1.34|1.0|0.0||
BBI|15|NASDAQ|2020|3|18|14|30|37800|1.27|1.13|1.14|1.27|1.0||
BBI|16|NASDAQ|2020|3|17|14|30|28700|1.4|1.26|1.28|1.4|0.0||
BBI|17|NASDAQ|2020|3|16|14|30|28600|1.54|1.25|1.38|1.27|0.0||
BBI|18|NASDAQ|2020|3|13|14|30|58800|1.63|1.4|1.54|1.57|0.0||
BBI|19|NASDAQ|2020|3|12|14|30|26300|1.65|1.41|1.65|1.55|0.0||
BBI|20|NASDAQ|2020|3|11|14|30|60000|1.77|1.65|1.73|1.77|0.0||
BBI|21|NASDAQ|2020|3|10|14|30|105700|2.17|1.72|1.78|2.11|0.0||
BBI|22|NASDAQ|2020|3|9|14|30|106100|2.28|1.66|2.18|2.28|0.0||
BBI|23|NASDAQ|2020|3|6|15|30|83100|2.65|2.32|2.35|2.61|0.0||
BBI|24|NASDAQ|2020|3|5|15|30|38600|2.78|2.61|2.73|2.65|0.0||
BBI|25|NASDAQ|2020|3|4|15|30|71300|3.0|2.73|2.78|3.0|0.0||
BBI|26|NASDAQ|2020|3|3|15|30|107700|2.98|2.78|2.87|2.9|0.0||
BBI|27|NASDAQ|2020|3|2|15|30|76400|2.93|2.68|2.91|2.85|0.0||
BBI|28|NASDAQ|2020|2|28|15|30|212800|2.93|2.25|2.93|2.57|0.0||
BBI|29|NASDAQ|2020|2|27|15|30|236300|2.73|2.33|2.57|2.7|0.0||
BBI|30|NASDAQ|2020|2|26|15|30|240700|3.08|2.72|2.8|3.05|0.0||
BBI|31|NASDAQ|2020|2|25|15|30|486100|3.44|2.88|3.04|2.89|0.0||
BBI|32|NASDAQ|2020|2|24|15|30|578600|3.16|2.75|3.08|2.97|0.0||
BBI|33|NASDAQ|2020|2|21|15|30|2274600|3.32|2.67|3.15|2.97|0.0||
BBI|34|NASDAQ|2020|2|20|15|30|32922100|3.98|2.73|3.06|3.2|0.0||
BBI|35|NASDAQ|2020|2|19|15|30|1497100|2.0|1.65|1.82|1.7|1.0||
BBI|36|NASDAQ|2020|2|18|15|30|5636600|2.24|1.36|1.65|1.36|1.0||
BBI|37|NASDAQ|2020|2|14|15|30|70400|1.17|1.05|1.16|1.06|1.0||
BBI|38|NASDAQ|2020|2|13|15|30|68700|1.15|1.06|1.07|1.09|1.0||
BBI|39|NASDAQ|2020|2|12|15|30|93200|1.18|1.09|1.09|1.14|1.0||
BBI|40|NASDAQ|2020|2|11|15|30|364500|1.54|1.1|1.14|1.48|0.0||
BBI|41|NASDAQ|2020|2|10|15|30|12000|1.54|1.48|1.52|1.51|0.0||
BBI|42|NASDAQ|2020|2|7|15|30|32000|1.67|1.52|1.54|1.62|0.0||
BBI|43|NASDAQ|2020|2|6|15|30|31500|1.63|1.58|1.6|1.59|0.0||
BBI|44|NASDAQ|2020|2|5|15|30|54900|1.69|1.55|1.59|1.57|0.0||
BBI|45|NASDAQ|2020|2|4|15|30|65900|1.61|1.55|1.58|1.55|0.0||
BBI|46|NASDAQ|2020|2|3|15|30|16800|1.54|1.49|1.51|1.51|0.0||
BBI|47|NASDAQ|2020|1|31|15|30|43000|1.55|1.48|1.52|1.55|0.0||
BBI|48|NASDAQ|2020|1|30|15|30|147600|1.65|1.48|1.55|1.49|0.0||
BBI|49|NASDAQ|2020|1|29|15|30|23600|1.53|1.48|1.49|1.51|0.0||
BBI|50|NASDAQ|2020|1|28|15|30|26000|1.54|1.45|1.51|1.54|0.0||
BBI|51|NASDAQ|2020|1|27|15|30|64900|1.54|1.43|1.52|1.49|0.0||
BBI|52|NASDAQ|2020|1|24|15|30|162500|1.54|1.45|1.45|1.49|0.0||
BBI|53|NASDAQ|2020|1|23|15|30|115200|1.58|1.43|1.49|1.58|0.0||
BBI|54|NASDAQ|2020|1|22|15|30|133800|1.61|1.48|1.57|1.58|0.0||
BBI|55|NASDAQ|2020|1|21|15|30|89100|1.67|1.52|1.55|1.67|0.0||
BBI|56|NASDAQ|2020|1|17|15|30|243700|1.74|1.54|1.63|1.58|0.0||
BBI|57|NASDAQ|2020|1|16|15|30|169700|1.62|1.53|1.58|1.53|0.0||
BBI|58|NASDAQ|2020|1|15|15|30|66800|1.55|1.48|1.53|1.53|0.0||
BBI|59|NASDAQ|2020|1|14|15|30|96200|1.53|1.36|1.52|1.44|0.0||
BBI|60|NASDAQ|2020|1|13|15|30|166600|1.63|1.42|1.47|1.63|0.0||
BBI|61|NASDAQ|2020|1|10|15|30|205300|1.59|1.5|1.52|1.59|0.0||
BBI|62|NASDAQ|2020|1|9|15|30|177000|1.63|1.49|1.6|1.53|0.0||
BBI|63|NASDAQ|2020|1|8|15|30|1142700|1.68|1.38|1.53|1.41|0.0||
BBI|64|NASDAQ|2020|1|7|15|30|199500|1.47|1.38|1.45|1.42|0.0||
BBI|65|NASDAQ|2020|1|6|15|30|302900|1.47|1.38|1.42|1.45|0.0||
BBI|66|NASDAQ|2020|1|3|15|30|193100|1.53|1.36|1.45|1.48|0.0||
BBI|67|NASDAQ|2020|1|2|15|30|207200|1.53|1.36|1.45|1.51|0.0||
BBI|68|NASDAQ|2019|12|31|15|30|150100|1.53|1.41|1.5|1.53|0.0||
BBI|69|NASDAQ|2019|12|30|15|30|452400|1.88|1.46|1.53|1.67|0.0||
BBI|70|NASDAQ|2019|12|27|15|30|430100|1.64|1.45|1.54|1.49|0.0||
BBI|71|NASDAQ|2019|12|26|15|30|27800|1.5|1.38|1.48|1.44|0.0||
BBI|72|NASDAQ|2019|12|24|15|30|50000|1.54|1.45|1.49|1.45|0.0||
BBI|73|NASDAQ|2019|12|23|15|30|45400|1.52|1.45|1.47|1.52|0.0||
BBI|74|NASDAQ|2019|12|20|15|30|163400|1.53|1.34|1.44|1.34|0.0||
BBI|75|NASDAQ|2019|12|19|15|30|268900|1.5|1.3|1.36|1.32|0.0||
BBI|76|NASDAQ|2019|12|18|15|30|372100|1.4|1.22|1.3|1.26|1.0||
BBI|77|NASDAQ|2019|12|17|15|30|116600|1.54|1.37|1.37|1.43|0.0||
BBI|78|NASDAQ|2019|12|16|15|30|53900|1.73|1.41|1.41|1.66|0.0||
BBI|79|NASDAQ|2019|12|13|15|30|16600|1.73|1.66|1.66|1.72|0.0||
BBI|80|NASDAQ|2019|12|12|15|30|37900|1.74|1.67|1.73|1.69|0.0||
BBI|81|NASDAQ|2019|12|11|15|30|38400|1.87|1.72|1.72|1.83|0.0||
BBI|82|NASDAQ|2019|12|10|15|30|32500|1.92|1.82|1.82|1.83|0.0||
BBI|83|NASDAQ|2019|12|9|15|30|15300|2.03|1.89|1.92|1.96|0.0||
BBI|84|NASDAQ|2019|12|6|15|30|32800|2.04|1.92|1.99|2.01|0.0||
BBI|85|NASDAQ|2019|12|5|15|30|28300|2.02|1.9|2.0|1.9|0.0||
BBI|86|NASDAQ|2019|12|4|15|30|60500|2.05|1.8|1.93|2.04|0.0||
BBI|87|NASDAQ|2019|12|3|15|30|32100|2.14|2.04|2.04|2.12|0.0||
BBI|88|NASDAQ|2019|12|2|15|30|37700|2.14|2.1|2.14|2.1|0.0||
BBI|89|NASDAQ|2019|11|29|15|30|4000|2.12|2.11|2.12|2.11|0.0||
BBI|90|NASDAQ|2019|11|27|15|30|18300|2.14|2.06|2.12|2.11|0.0||
BBI|91|NASDAQ|2019|11|26|15|30|35300|2.15|2.05|2.07|2.05|0.0||
BBI|92|NASDAQ|2019|11|25|15|30|9400|2.2|2.1|2.15|2.13|0.0||
BBI|93|NASDAQ|2019|11|22|15|30|8800|2.15|2.1|2.1|2.14|0.0||
BBI|94|NASDAQ|2019|11|21|15|30|8800|2.19|2.09|2.13|2.09|0.0||
BBI|95|NASDAQ|2019|11|20|15|30|20800|2.25|2.07|2.09|2.19|0.0||
BBI|96|NASDAQ|2019|11|19|15|30|7100|2.21|2.07|2.2|2.19|0.0||
BBI|97|NASDAQ|2019|11|18|15|30|46800|2.2|2.03|2.2|2.2|0.0||
BBI|98|NASDAQ|2019|11|15|15|30|29700|2.38|2.2|2.2|2.38|0.0||
BBI|99|NASDAQ|2019|11|14|15|30|40700|2.38|2.18|2.34|2.23|0.0||
BBI|100|NASDAQ|2019|11|13|15|30|5600|2.21|2.15|2.19|2.15|0.0||
BBI|101|NASDAQ|2019|11|12|15|30|17900|2.21|2.12|2.15|2.21|0.0||
BBI|102|NASDAQ|2019|11|11|15|30|8500|2.42|2.09|2.09|2.36|0.0||
BBI|103|NASDAQ|2019|11|8|15|30|8700|2.39|2.24|2.26|2.39|0.0||
BBI|104|NASDAQ|2019|11|7|15|30|20400|2.56|2.28|2.4|2.55|0.0||
BBI|105|NASDAQ|2019|11|6|15|30|30400|2.45|2.2|2.45|2.33|0.0||
BBI|106|NASDAQ|2019|11|5|15|30|24300|2.73|2.28|2.32|2.69|0.0||
BBI|107|NASDAQ|2019|11|4|15|30|45700|2.81|2.6|2.61|2.65|0.0||
BBI|108|NASDAQ|2019|11|1|14|30|26900|2.65|2.51|2.55|2.51|0.0||
BBI|109|NASDAQ|2019|10|31|14|30|18600|2.57|2.43|2.48|2.46|0.0||
BBI|110|NASDAQ|2019|10|30|14|30|11000|2.5|2.42|2.46|2.42|0.0||
BBI|111|NASDAQ|2019|10|29|14|30|16300|2.6|2.4|2.42|2.42|0.0||
BBI|112|NASDAQ|2019|10|28|14|30|39700|2.64|2.46|2.47|2.46|0.0||
BBI|113|NASDAQ|2019|10|25|15|30|154600|2.78|2.21|2.64|2.66|0.0||
BBI|114|NASDAQ|2019|10|24|15|30|132400|3.8|2.44|2.89|3.8|0.0||
BBI|115|NASDAQ|2019|10|23|15|30|10600|4.0|3.67|3.89|3.75|0.0||
BBI|116|NASDAQ|2019|10|22|15|30|19300|4.11|3.75|3.75|4.11|0.0||
BBI|117|NASDAQ|2019|10|21|15|30|9300|4.21|4.05|4.06|4.08|0.0||
BBI|118|NASDAQ|2019|10|18|15|30|12300|4.21|4.1|4.11|4.18|0.0||
BBI|119|NASDAQ|2019|10|17|15|30|7600|4.23|4.09|4.13|4.23|0.0||
BBI|120|NASDAQ|2019|10|16|15|30|12500|4.22|4.1|4.14|4.13|0.0||
BBI|121|NASDAQ|2019|10|15|15|30|3700|4.18|4.11|4.14|4.14|0.0||
BBI|122|NASDAQ|2019|10|14|15|30|11500|4.22|4.1|4.1|4.17|0.0||
BBI|123|NASDAQ|2019|10|11|15|30|9000|4.23|4.14|4.14|4.19|||
BBI|124|NASDAQ|2019|10|10|15|30|16800|4.2|4.1|4.14|4.14|||
BBI|125|NASDAQ|2019|10|9|15|30|9800|4.24|4.12|4.14|4.24|||
BBI|126|NASDAQ|2019|10|8|15|30|30800|4.23|4.1|4.22|4.14|||
